81 81
4.546928e+01 0 5
0.607613 0.618221 0.628836 0.639452 0.650062 0.660658 0.671233 0.681775 0.692277 0.702728 0.713116 0.723429 0.733655 0.743780 0.753789 0.763667 0.773397 0.782963 0.792346 0.801528 0.810489 0.819209 0.827666 0.835840 0.843707 0.851247 0.858436 0.865251 0.871671 0.877674 0.883238 0.888342 0.892967 0.897095 0.900709 0.903794 0.906336 0.908326 0.909753 0.910612 0.910899 0.910612 0.909753 0.908326 0.906336 0.903794 0.900709 0.897095 0.892967 0.888342 0.883238 0.877674 0.871671 0.865251 0.858436 0.851247 0.843707 0.835840 0.827666 0.819209 0.810489 0.801528 0.792346 0.782963 0.773397 0.763667 0.753789 0.743780 0.733655 0.723429 0.713116 0.702728 0.692277 0.681775 0.671233 0.660658 0.650062 0.639452 0.628836 0.618221 0.607613 
0.616862 0.627720 0.638592 0.649474 0.660356 0.671233 0.682094 0.692933 0.703738 0.714499 0.725204 0.735842 0.746399 0.756861 0.767213 0.777439 0.787522 0.797444 0.807187 0.816730 0.826052 0.835132 0.843948 0.852477 0.860694 0.868576 0.876099 0.883238 0.889968 0.896266 0.902108 0.907472 0.912336 0.916679 0.920484 0.923734 0.926413 0.928510 0.930015 0.930921 0.931224 0.930921 0.930015 0.928510 0.926413 0.923734 0.920484 0.916679 0.912336 0.907472 0.902108 0.896266 0.889968 0.883238 0.876099 0.868576 0.860694 0.852477 0.843948 0.835132 0.826052 0.816730 0.807187 0.797444 0.787522 0.777439 0.767213 0.756861 0.746399 0.735842 0.725204 0.714499 0.703738 0.692933 0.682094 0.671233 0.660356 0.649474 0.638592 0.627720 0.616862 
0.626052 0.637164 0.648299 0.659450 0.670612 0.681775 0.692933 0.704075 0.715192 0.726273 0.737307 0.748281 0.759181 0.769994 0.780703 0.791293 0.801744 0.812040 0.822159 0.832082 0.841785 0.851247 0.860443 0.869348 0.877937 0.886184 0.894063 0.901548 0.908611 0.915226 0.921368 0.927011 0.932133 0.936709 0.940721 0.944149 0.946977 0.949191 0.950780 0.951737 0.952057 0.951737 0.950780 0.949191 0.946977 0.944149 0.940721 0.936709 0.932133 0.927011 0.921368 0.915226 0.908611 0.901548 0.894063 0.886184 0.877937 0.869348 0.860443 0.851247 0.841785 0.832082 0.822159 0.812040 0.801744 0.791293 0.780703 0.769994 0.759181 0.748281 0.737307 0.726273 0.715192 0.704075 0.692933 0.681775 0.670612 0.659450 0.648299 0.637164 0.626052 
0.635172 0.646543 0.657945 0.669373 0.680820 0.692277 0.703738 0.715192 0.726630 0.738041 0.749414 0.760735 0.771992 0.783169 0.794250 0.805219 0.816056 0.826743 0.837258 0.847580 0.857686 0.867550 0.877148 0.886453 0.895438 0.904075 0.912336 0.920190 0.927610 0.934567 0.941031 0.946977 0.952376 0.957206 0.961442 0.965063 0.968052 0.970394 0.972075 0.973087 0.973425 0.973087 0.972075 0.970394 0.968052 0.965063 0.961442 0.957206 0.952376 0.946977 0.941031 0.934567 0.927610 0.920190 0.912336 0.904075 0.895438 0.886453 0.877148 0.867550 0.857686 0.847580 0.837258 0.826743 0.816056 0.805219 0.794250 0.783169 0.771992 0.760735 0.749414 0.738041 0.726630 0.715192 0.703738 0.692277 0.680820 0.669373 0.657945 0.646543 0.635172 
0.644214 0.655848 0.667523 0.679232 0.690970 0.702728 0.714499 0.726273 0.738041 0.749792 0.761515 0.773196 0.784822 0.796377 0.807845 0.819209 0.830449 0.841546 0.852477 0.863219 0.873749 0.884039 0.894063 0.903794 0.913200 0.922253 0.930921 0.939173 0.946977 0.954301 0.961114 0.967386 0.973087 0.978191 0.982670 0.986502 0.989667 0.992147 0.993929 0.995002 0.995360 0.995002 0.993929 0.992147 0.989667 0.986502 0.982670 0.978191 0.973087 0.967386 0.961114 0.954301 0.946977 0.939173 0.930921 0.922253 0.913200 0.903794 0.894063 0.884039 0.873749 0.863219 0.852477 0.841546 0.830449 0.819209 0.807845 0.796377 0.784822 0.773196 0.761515 0.749792 0.738041 0.726273 0.714499 0.702728 0.690970 0.679232 0.667523 0.655848 0.644214 
0.653167 0.665069 0.677020 0.689016 0.701051 0.713116 0.725204 0.737307 0.749414 0.761515 0.773598 0.785651 0.797658 0.809606 0.821477 0.833252 0.844914 0.856439 0.867806 0.878991 0.889968 0.900709 0.911186 0.921368 0.931224 0.940721 0.949826 0.958504 0.966721 0.974441 0.981632 0.988257 0.994286 0.999687 1.004432 1.008494 1.011851 1.014483 1.016374 1.017513 1.017894 1.017513 1.016374 1.014483 1.011851 1.008494 1.004432 0.999687 0.994286 0.988257 0.981632 0.974441 0.966721 0.958504 0.949826 0.940721 0.931224 0.921368 0.911186 0.900709 0.889968 0.878991 0.867806 0.856439 0.844914 0.833252 0.821477 0.809606 0.797658 0.785651 0.773598 0.761515 0.749414 0.737307 0.725204 0.713116 0.701051 0.689016 0.677020 0.665069 0.653167 
0.662022 0.674194 0.686427 0.698714 0.711051 0.723429 0.735842 0.748281 0.760735 0.773196 0.785651 0.798086 0.810489 0.822844 0.835132 0.847337 0.859438 0.871412 0.883238 0.894888 0.906336 0.917554 0.928510 0.939173 0.949508 0.959481 0.969054 0.978191 0.986853 0.995002 1.002600 1.009610 1.015995 1.021721 1.026755 1.031069 1.034636 1.037434 1.039446 1.040658 1.041063 1.040658 1.039446 1.037434 1.034636 1.031069 1.026755 1.021721 1.015995 1.009610 1.002600 0.995002 0.986853 0.978191 0.969054 0.959481 0.949508 0.939173 0.928510 0.917554 0.906336 0.894888 0.883238 0.871412 0.859438 0.847337 0.835132 0.822844 0.810489 0.798086 0.785651 0.773196 0.760735 0.748281 0.735842 0.723429 0.711051 0.698714 0.686427 0.674194 0.662022 
0.670767 0.683213 0.695730 0.708314 0.720957 0.733655 0.746399 0.759181 0.771992 0.784822 0.797658 0.810489 0.823300 0.836076 0.848799 0.861450 0.874009 0.886453 0.898759 0.910899 0.922845 0.934567 0.946032 0.957206 0.968052 0.978533 0.988609 0.998239 1.007382 1.015995 1.024036 1.031464 1.038237 1.044318 1.049670 1.054260 1.058057 1.061038 1.063182 1.064475 1.064906 1.064475 1.063182 1.061038 1.058057 1.054260 1.049670 1.044318 1.038237 1.031464 1.024036 1.015995 1.007382 0.998239 0.988609 0.978533 0.968052 0.957206 0.946032 0.934567 0.922845 0.910899 0.898759 0.886453 0.874009 0.861450 0.848799 0.836076 0.823300 0.810489 0.797658 0.784822 0.771992 0.759181 0.746399 0.733655 0.720957 0.708314 0.695730 0.683213 0.670767 
0.679391 0.692114 0.704919 0.717802 0.730758 0.743780 0.756861 0.769994 0.783169 0.796377 0.809606 0.822844 0.836076 0.849287 0.862460 0.875575 0.888612 0.901548 0.914357 0.927011 0.939482 0.951737 0.963742 0.975460 0.986853 0.997878 1.008494 1.018656 1.028318 1.037434 1.045957 1.053840 1.061038 1.067508 1.073208 1.078101 1.082153 1.085335 1.087625 1.089006 1.089468 1.089006 1.087625 1.085335 1.082153 1.078101 1.073208 1.067508 1.061038 1.053840 1.045957 1.037434 1.028318 1.018656 1.008494 0.997878 0.986853 0.975460 0.963742 0.951737 0.939482 0.927011 0.914357 0.901548 0.888612 0.875575 0.862460 0.849287 0.836076 0.822844 0.809606 0.796377 0.783169 0.769994 0.756861 0.743780 0.730758 0.717802 0.704919 0.692114 0.679391 
0.687881 0.700883 0.713980 0.727166 0.740437 0.753789 0.767213 0.780703 0.794250 0.807845 0.821477 0.835132 0.848799 0.862460 0.876099 0.889696 0.903231 0.916679 0.930015 0.943211 0.956235 0.969054 0.981632 0.993929 1.005904 1.017513 1.028710 1.039446 1.049670 1.059332 1.068379 1.076760 1.084423 1.091320 1.097403 1.102631 1.106964 1.110370 1.112822 1.114301 1.114796 1.114301 1.112822 1.110370 1.106964 1.102631 1.097403 1.091320 1.084423 1.076760 1.068379 1.059332 1.049670 1.039446 1.028710 1.017513 1.005904 0.993929 0.981632 0.969054 0.956235 0.943211 0.930015 0.916679 0.903231 0.889696 0.876099 0.862460 0.848799 0.835132 0.821477 0.807845 0.794250 0.780703 0.767213 0.753789 0.740437 0.727166 0.713980 0.700883 0.687881 
0.696226 0.709509 0.722898 0.736391 0.749982 0.763667 0.777439 0.791293 0.805219 0.819209 0.833252 0.847337 0.861450 0.875575 0.889696 0.903794 0.917846 0.931829 0.945717 0.959481 0.973087 0.986502 0.999687 1.012601 1.025199 1.037434 1.049256 1.060611 1.071445 1.081700 1.091320 1.100245 1.108419 1.115786 1.122293 1.127891 1.132536 1.136190 1.138822 1.140411 1.140942 1.140411 1.138822 1.136190 1.132536 1.127891 1.122293 1.115786 1.108419 1.100245 1.091320 1.081700 1.071445 1.060611 1.049256 1.037434 1.025199 1.012601 0.999687 0.986502 0.973087 0.959481 0.945717 0.931829 0.917846 0.903794 0.889696 0.875575 0.861450 0.847337 0.833252 0.819209 0.805219 0.791293 0.777439 0.763667 0.749982 0.736391 0.722898 0.709509 0.696226 
0.704412 0.717977 0.731661 0.745461 0.759375 0.773397 0.787522 0.801744 0.816056 0.830449 0.844914 0.859438 0.874009 0.888612 0.903231 0.917846 0.932436 0.946977 0.961442 0.975800 0.990020 1.004065 1.017894 1.031464 1.044727 1.057633 1.070128 1.082153 1.093648 1.104550 1.114796 1.124319 1.133056 1.140942 1.147918 1.153928 1.158919 1.162850 1.165684 1.167395 1.167967 1.167395 1.165684 1.162850 1.158919 1.153928 1.147918 1.140942 1.133056 1.124319 1.114796 1.104550 1.093648 1.082153 1.070128 1.057633 1.044727 1.031464 1.017894 1.004065 0.990020 0.975800 0.961442 0.946977 0.932436 0.917846 0.903231 0.888612 0.874009 0.859438 0.844914 0.830449 0.816056 0.801744 0.787522 0.773397 0.759375 0.745461 0.731661 0.717977 0.704412 
0.712426 0.726273 0.740253 0.754363 0.768601 0.782963 0.797444 0.812040 0.826743 0.841546 0.856439 0.871412 0.886453 0.901548 0.916679 0.931829 0.946977 0.962097 0.977164 0.992147 1.007012 1.021721 1.036232 1.050500 1.064475 1.078101 1.091320 1.104069 1.116283 1.127891 1.138822 1.149003 1.158361 1.166823 1.174321 1.180789 1.186168 1.190409 1.193468 1.195317 1.195935 1.195317 1.193468 1.190409 1.186168 1.180789 1.174321 1.166823 1.158361 1.149003 1.138822 1.127891 1.116283 1.104069 1.091320 1.078101 1.064475 1.050500 1.036232 1.021721 1.007012 0.992147 0.977164 0.962097 0.946977 0.931829 0.916679 0.901548 0.886453 0.871412 0.856439 0.841546 0.826743 0.812040 0.797444 0.782963 0.768601 0.754363 0.740253 0.726273 0.712426 
0.720254 0.734383 0.748658 0.763079 0.777642 0.792346 0.807187 0.822159 0.837258 0.852477 0.867806 0.883238 0.898759 0.914357 0.930015 0.945717 0.961442 0.977164 0.992859 1.008494 1.024036 1.039446 1.054680 1.069690 1.084423 1.098822 1.112822 1.126356 1.139351 1.151731 1.163415 1.174321 1.184366 1.193468 1.201548 1.208529 1.214344 1.218933 1.222247 1.224250 1.224920 1.224250 1.222247 1.218933 1.214344 1.208529 1.201548 1.193468 1.184366 1.174321 1.163415 1.151731 1.139351 1.126356 1.112822 1.098822 1.084423 1.069690 1.054680 1.039446 1.024036 1.008494 0.992859 0.977164 0.961442 0.945717 0.930015 0.914357 0.898759 0.883238 0.867806 0.852477 0.837258 0.822159 0.807187 0.792346 0.777642 0.763079 0.748658 0.734383 0.720254 
0.727882 0.742291 0.756861 0.771592 0.786481 0.801528 0.816730 0.832082 0.847580 0.863219 0.878991 0.894888 0.910899 0.927011 0.943211 0.959481 0.975800 0.992147 1.008494 1.024811 1.041063 1.057210 1.073208 1.089006 1.104550 1.119777 1.134619 1.149003 1.162850 1.176073 1.188585 1.200293 1.211102 1.220917 1.229648 1.237206 1.243512 1.248495 1.252097 1.254277 1.255006 1.254277 1.252097 1.248495 1.243512 1.237206 1.229648 1.220917 1.211102 1.200293 1.188585 1.176073 1.162850 1.149003 1.134619 1.119777 1.104550 1.089006 1.073208 1.057210 1.041063 1.024811 1.008494 0.992147 0.975800 0.959481 0.943211 0.927011 0.910899 0.894888 0.878991 0.863219 0.847580 0.832082 0.816730 0.801528 0.786481 0.771592 0.756861 0.742291 0.727882 
0.735294 0.749982 0.764845 0.779885 0.795100 0.810489 0.826052 0.841785 0.857686 0.873749 0.889968 0.906336 0.922845 0.939482 0.956235 0.973087 0.990020 1.007012 1.024036 1.041063 1.058057 1.074980 1.091784 1.108419 1.124827 1.140942 1.156692 1.171997 1.186771 1.200920 1.214344 1.226939 1.238598 1.249212 1.258676 1.266885 1.273747 1.279177 1.283108 1.285488 1.286285 1.285488 1.283108 1.279177 1.273747 1.266885 1.258676 1.249212 1.238598 1.226939 1.214344 1.200920 1.186771 1.171997 1.156692 1.140942 1.124827 1.108419 1.091784 1.074980 1.058057 1.041063 1.024036 1.007012 0.990020 0.973087 0.956235 0.939482 0.922845 0.906336 0.889968 0.873749 0.857686 0.841785 0.826052 0.810489 0.795100 0.779885 0.764845 0.749982 0.735294 
0.742477 0.757440 0.772594 0.787939 0.803478 0.819209 0.835132 0.851247 0.867550 0.884039 0.900709 0.917554 0.934567 0.951737 0.969054 0.986502 1.004065 1.021721 1.039446 1.057210 1.074980 1.092715 1.110370 1.127891 1.145219 1.162286 1.179013 1.195317 1.211102 1.226265 1.240696 1.254277 1.266885 1.278397 1.288687 1.297635 1.305130 1.311073 1.315380 1.317990 1.318865 1.317990 1.315380 1.311073 1.305130 1.297635 1.288687 1.278397 1.266885 1.254277 1.240696 1.226265 1.211102 1.195317 1.179013 1.162286 1.145219 1.127891 1.110370 1.092715 1.074980 1.057210 1.039446 1.021721 1.004065 0.986502 0.969054 0.951737 0.934567 0.917554 0.900709 0.884039 0.867550 0.851247 0.835132 0.819209 0.803478 0.787939 0.772594 0.757440 0.742477 
0.749414 0.764648 0.780089 0.795738 0.811596 0.827666 0.843948 0.860443 0.877148 0.894063 0.911186 0.928510 0.946032 0.963742 0.981632 0.999687 1.017894 1.036232 1.054680 1.073208 1.091784 1.110370 1.128918 1.147377 1.165684 1.183768 1.201548 1.218933 1.235820 1.252097 1.267641 1.282319 1.295991 1.308513 1.319741 1.329532 1.337753 1.344284 1.349026 1.351902 1.352866 1.351902 1.349026 1.344284 1.337753 1.329532 1.319741 1.308513 1.295991 1.282319 1.267641 1.252097 1.235820 1.218933 1.201548 1.183768 1.165684 1.147377 1.128918 1.110370 1.091784 1.073208 1.054680 1.036232 1.017894 0.999687 0.981632 0.963742 0.946032 0.928510 0.911186 0.894063 0.877148 0.860443 0.843948 0.827666 0.811596 0.795738 0.780089 0.764648 0.749414 
0.756091 0.771592 0.787314 0.803261 0.819435 0.835840 0.852477 0.869348 0.886453 0.903794 0.921368 0.939173 0.957206 0.975460 0.993929 1.012601 1.031464 1.050500 1.069690 1.089006 1.108419 1.127891 1.147377 1.166823 1.186168 1.205339 1.224250 1.242806 1.260896 1.278397 1.295172 1.311073 1.325940 1.339606 1.351902 1.362659 1.371716 1.378929 1.384175 1.387362 1.388431 1.387362 1.384175 1.378929 1.371716 1.362659 1.351902 1.339606 1.325940 1.311073 1.295172 1.278397 1.260896 1.242806 1.224250 1.205339 1.186168 1.166823 1.147377 1.127891 1.108419 1.089006 1.069690 1.050500 1.031464 1.012601 0.993929 0.975460 0.957206 0.939173 0.921368 0.903794 0.886453 0.869348 0.852477 0.835840 0.819435 0.803261 0.787314 0.771592 0.756091 
0.762491 0.778253 0.794250 0.810489 0.826974 0.843707 0.860694 0.877937 0.895438 0.913200 0.931224 0.949508 0.968052 0.986853 1.005904 1.025199 1.044727 1.064475 1.084423 1.104550 1.124827 1.145219 1.165684 1.186168 1.206611 1.226939 1.247064 1.266885 1.286285 1.305130 1.323270 1.340537 1.356750 1.371716 1.385234 1.397104 1.407132 1.415140 1.420978 1.424529 1.425721 1.424529 1.420978 1.415140 1.407132 1.397104 1.385234 1.371716 1.356750 1.340537 1.323270 1.305130 1.286285 1.266885 1.247064 1.226939 1.206611 1.186168 1.165684 1.145219 1.124827 1.104550 1.084423 1.064475 1.044727 1.025199 1.005904 0.986853 0.968052 0.949508 0.931224 0.913200 0.895438 0.877937 0.860694 0.843707 0.826974 0.810489 0.794250 0.778253 0.762491 
0.768601 0.784615 0.800881 0.817404 0.834191 0.851247 0.868576 0.886184 0.904075 0.922253 0.940721 0.959481 0.978533 0.997878 1.017513 1.037434 1.057633 1.078101 1.098822 1.119777 1.140942 1.162286 1.183768 1.205339 1.226939 1.248495 1.269918 1.291104 1.311930 1.332251 1.351902 1.370698 1.388431 1.404878 1.419802 1.432963 1.444125 1.453069 1.459606 1.463590 1.464929 1.463590 1.459606 1.453069 1.444125 1.432963 1.419802 1.404878 1.388431 1.370698 1.351902 1.332251 1.311930 1.291104 1.269918 1.248495 1.226939 1.205339 1.183768 1.162286 1.140942 1.119777 1.098822 1.078101 1.057633 1.037434 1.017513 0.997878 0.978533 0.959481 0.940721 0.922253 0.904075 0.886184 0.868576 0.851247 0.834191 0.817404 0.800881 0.784615 0.768601 
0.774404 0.790662 0.807187 0.823986 0.841067 0.858436 0.876099 0.894063 0.912336 0.930921 0.949826 0.969054 0.988609 1.008494 1.028710 1.049256 1.070128 1.091320 1.112822 1.134619 1.156692 1.179013 1.201548 1.224250 1.247064 1.269918 1.292726 1.315380 1.337753 1.359692 1.381018 1.401524 1.420978 1.439119 1.455669 1.470337 1.482835 1.492890 1.500262 1.504765 1.506279 1.504765 1.500262 1.492890 1.482835 1.470337 1.455669 1.439119 1.420978 1.401524 1.381018 1.359692 1.337753 1.315380 1.292726 1.269918 1.247064 1.224250 1.201548 1.179013 1.156692 1.134619 1.112822 1.091320 1.070128 1.049256 1.028710 1.008494 0.988609 0.969054 0.949826 0.930921 0.912336 0.894063 0.876099 0.858436 0.841067 0.823986 0.807187 0.790662 0.774404 
0.779885 0.796377 0.813151 0.830217 0.847580 0.865251 0.883238 0.901548 0.920190 0.939173 0.958504 0.978191 0.998239 1.018656 1.039446 1.060611 1.082153 1.104069 1.126356 1.149003 1.171997 1.195317 1.218933 1.242806 1.266885 1.291104 1.315380 1.339606 1.363653 1.387362 1.410541 1.432963 1.454367 1.474452 1.492890 1.509330 1.523414 1.534799 1.543180 1.548313 1.550042 1.548313 1.543180 1.534799 1.523414 1.509330 1.492890 1.474452 1.454367 1.432963 1.410541 1.387362 1.363653 1.339606 1.315380 1.291104 1.266885 1.242806 1.218933 1.195317 1.171997 1.149003 1.126356 1.104069 1.082153 1.060611 1.039446 1.018656 0.998239 0.978191 0.958504 0.939173 0.920190 0.901548 0.883238 0.865251 0.847580 0.830217 0.813151 0.796377 0.779885 
0.785029 0.801744 0.818757 0.836076 0.853711 0.871671 0.889968 0.908611 0.927610 0.946977 0.966721 0.986853 1.007382 1.028318 1.049670 1.071445 1.093648 1.116283 1.139351 1.162850 1.186771 1.211102 1.235820 1.260896 1.286285 1.311930 1.337753 1.363653 1.389503 1.415140 1.440364 1.464929 1.488543 1.510865 1.531506 1.550042 1.566027 1.579026 1.588639 1.594547 1.596541 1.594547 1.588639 1.579026 1.566027 1.550042 1.531506 1.510865 1.488543 1.464929 1.440364 1.415140 1.389503 1.363653 1.337753 1.311930 1.286285 1.260896 1.235820 1.211102 1.186771 1.162850 1.139351 1.116283 1.093648 1.071445 1.049670 1.028318 1.007382 0.986853 0.966721 0.946977 0.927610 0.908611 0.889968 0.871671 0.853711 0.836076 0.818757 0.801744 0.785029 
0.789822 0.806749 0.823986 0.841546 0.859438 0.877674 0.896266 0.915226 0.934567 0.954301 0.974441 0.995002 1.015995 1.037434 1.059332 1.081700 1.104550 1.127891 1.151731 1.176073 1.200920 1.226265 1.252097 1.278397 1.305130 1.332251 1.359692 1.387362 1.415140 1.442867 1.470337 1.497293 1.523414 1.548313 1.571535 1.592566 1.610852 1.625828 1.636972 1.643849 1.646175 1.643849 1.636972 1.625828 1.610852 1.592566 1.571535 1.548313 1.523414 1.497293 1.470337 1.442867 1.415140 1.387362 1.359692 1.332251 1.305130 1.278397 1.252097 1.226265 1.200920 1.176073 1.151731 1.127891 1.104550 1.081700 1.059332 1.037434 1.015995 0.995002 0.974441 0.954301 0.934567 0.915226 0.896266 0.877674 0.859438 0.841546 0.823986 0.806749 0.789822 
0.794250 0.811375 0.828823 0.846608 0.864742 0.883238 0.902108 0.921368 0.941031 0.961114 0.981632 1.002600 1.024036 1.045957 1.068379 1.091320 1.114796 1.138822 1.163415 1.188585 1.214344 1.240696 1.267641 1.295172 1.323270 1.351902 1.381018 1.410541 1.440364 1.470337 1.500262 1.529872 1.558826 1.586694 1.612949 1.636972 1.658067 1.675502 1.688574 1.696687 1.699438 1.696687 1.688574 1.675502 1.658067 1.636972 1.612949 1.586694 1.558826 1.529872 1.500262 1.470337 1.440364 1.410541 1.381018 1.351902 1.323270 1.295172 1.267641 1.240696 1.214344 1.188585 1.163415 1.138822 1.114796 1.091320 1.068379 1.045957 1.024036 1.002600 0.981632 0.961114 0.941031 0.921368 0.902108 0.883238 0.864742 0.846608 0.828823 0.811375 0.794250 
0.798301 0.815608 0.833252 0.851247 0.869605 0.888342 0.907472 0.927011 0.946977 0.967386 0.988257 1.009610 1.031464 1.053840 1.076760 1.100245 1.124319 1.149003 1.174321 1.200293 1.226939 1.254277 1.282319 1.311073 1.340537 1.370698 1.401524 1.432963 1.464929 1.497293 1.529872 1.562407 1.594547 1.625828 1.655652 1.683280 1.707841 1.728376 1.743925 1.753645 1.756954 1.753645 1.743925 1.728376 1.707841 1.683280 1.655652 1.625828 1.594547 1.562407 1.529872 1.497293 1.464929 1.432963 1.401524 1.370698 1.340537 1.311073 1.282319 1.254277 1.226939 1.200293 1.174321 1.149003 1.124319 1.100245 1.076760 1.053840 1.031464 1.009610 0.988257 0.967386 0.946977 0.927011 0.907472 0.888342 0.869605 0.851247 0.833252 0.815608 0.798301 
0.801961 0.819435 0.837258 0.855445 0.874009 0.892967 0.912336 0.932133 0.952376 0.973087 0.994286 1.015995 1.038237 1.061038 1.084423 1.108419 1.133056 1.158361 1.184366 1.211102 1.238598 1.266885 1.295991 1.325940 1.356750 1.388431 1.420978 1.454367 1.488543 1.523414 1.558826 1.594547 1.630239 1.665422 1.699438 1.731424 1.760300 1.784803 1.803600 1.815466 1.819528 1.815466 1.803600 1.784803 1.760300 1.731424 1.699438 1.665422 1.630239 1.594547 1.558826 1.523414 1.488543 1.454367 1.420978 1.388431 1.356750 1.325940 1.295991 1.266885 1.238598 1.211102 1.184366 1.158361 1.133056 1.108419 1.084423 1.061038 1.038237 1.015995 0.994286 0.973087 0.952376 0.932133 0.912336 0.892967 0.874009 0.855445 0.837258 0.819435 0.801961 
0.805219 0.822844 0.840828 0.859187 0.877937 0.897095 0.916679 0.936709 0.957206 0.978191 0.999687 1.021721 1.044318 1.067508 1.091320 1.115786 1.140942 1.166823 1.193468 1.220917 1.249212 1.278397 1.308513 1.339606 1.371716 1.404878 1.439119 1.474452 1.510865 1.548313 1.586694 1.625828 1.665422 1.705015 1.743925 1.781180 1.815466 1.845129 1.868287 1.883109 1.888220 1.883109 1.868287 1.845129 1.815466 1.781180 1.743925 1.705015 1.665422 1.625828 1.586694 1.548313 1.510865 1.474452 1.439119 1.404878 1.371716 1.339606 1.308513 1.278397 1.249212 1.220917 1.193468 1.166823 1.140942 1.115786 1.091320 1.067508 1.044318 1.021721 0.999687 0.978191 0.957206 0.936709 0.916679 0.897095 0.877937 0.859187 0.840828 0.822844 0.805219 
0.808065 0.825822 0.843948 0.862460 0.881374 0.900709 0.920484 0.940721 0.961442 0.982670 1.004432 1.026755 1.049670 1.073208 1.097403 1.122293 1.147918 1.174321 1.201548 1.229648 1.258676 1.288687 1.319741 1.351902 1.385234 1.419802 1.455669 1.492890 1.531506 1.571535 1.612949 1.655652 1.699438 1.743925 1.788470 1.832054 1.873145 1.909612 1.938786 1.957828 1.964470 1.957828 1.938786 1.909612 1.873145 1.832054 1.788470 1.743925 1.699438 1.655652 1.612949 1.571535 1.531506 1.492890 1.455669 1.419802 1.385234 1.351902 1.319741 1.288687 1.258676 1.229648 1.201548 1.174321 1.147918 1.122293 1.097403 1.073208 1.049670 1.026755 1.004432 0.982670 0.961442 0.940721 0.920484 0.900709 0.881374 0.862460 0.843948 0.825822 0.808065 
0.810489 0.828360 0.846608 0.865251 0.884306 0.903794 0.923734 0.944149 0.965063 0.986502 1.008494 1.031069 1.054260 1.078101 1.102631 1.127891 1.153928 1.180789 1.208529 1.237206 1.266885 1.297635 1.329532 1.362659 1.397104 1.432963 1.470337 1.509330 1.550042 1.592566 1.636972 1.683280 1.731424 1.781180 1.832054 1.883109 1.932710 1.978239 2.015938 2.041285 2.050282 2.041285 2.015938 1.978239 1.932710 1.883109 1.832054 1.781180 1.731424 1.683280 1.636972 1.592566 1.550042 1.509330 1.470337 1.432963 1.397104 1.362659 1.329532 1.297635 1.266885 1.237206 1.208529 1.180789 1.153928 1.127891 1.102631 1.078101 1.054260 1.031069 1.008494 0.986502 0.965063 0.944149 0.923734 0.903794 0.884306 0.865251 0.846608 0.828360 0.810489 
0.812484 0.830449 0.848799 0.867550 0.886723 0.906336 0.926413 0.946977 0.968052 0.989667 1.011851 1.034636 1.058057 1.082153 1.106964 1.132536 1.158919 1.186168 1.214344 1.243512 1.273747 1.305130 1.337753 1.371716 1.407132 1.444125 1.482835 1.523414 1.566027 1.610852 1.658067 1.707841 1.760300 1.815466 1.873145 1.932710 1.992715 2.050282 2.100366 2.135642 2.148536 2.135642 2.100366 2.050282 1.992715 1.932710 1.873145 1.815466 1.760300 1.707841 1.658067 1.610852 1.566027 1.523414 1.482835 1.444125 1.407132 1.371716 1.337753 1.305130 1.273747 1.243512 1.214344 1.186168 1.158919 1.132536 1.106964 1.082153 1.058057 1.034636 1.011851 0.989667 0.968052 0.946977 0.926413 0.906336 0.886723 0.867550 0.848799 0.830449 0.812484 
0.814043 0.832082 0.850511 0.869348 0.888612 0.908326 0.928510 0.949191 0.970394 0.992147 1.014483 1.037434 1.061038 1.085335 1.110370 1.136190 1.162850 1.190409 1.218933 1.248495 1.279177 1.311073 1.344284 1.378929 1.415140 1.453069 1.492890 1.534799 1.579026 1.625828 1.675502 1.728376 1.784803 1.845129 1.909612 1.978239 2.050282 2.123353 2.191578 2.243416 2.263406 2.243416 2.191578 2.123353 2.050282 1.978239 1.909612 1.845129 1.784803 1.728376 1.675502 1.625828 1.579026 1.534799 1.492890 1.453069 1.415140 1.378929 1.344284 1.311073 1.279177 1.248495 1.218933 1.190409 1.162850 1.136190 1.110370 1.085335 1.061038 1.037434 1.014483 0.992147 0.970394 0.949191 0.928510 0.908326 0.888612 0.869348 0.850511 0.832082 0.814043 
0.815160 0.833252 0.851738 0.870637 0.889968 0.909753 0.930015 0.950780 0.972075 0.993929 1.016374 1.039446 1.063182 1.087625 1.112822 1.138822 1.165684 1.193468 1.222247 1.252097 1.283108 1.315380 1.349026 1.384175 1.420978 1.459606 1.500262 1.543180 1.588639 1.636972 1.688574 1.743925 1.803600 1.868287 1.938786 2.015938 2.100366 2.191578 2.285176 2.365737 2.400296 2.365737 2.285176 2.191578 2.100366 2.015938 1.938786 1.868287 1.803600 1.743925 1.688574 1.636972 1.588639 1.543180 1.500262 1.459606 1.420978 1.384175 1.349026 1.315380 1.283108 1.252097 1.222247 1.193468 1.165684 1.138822 1.112822 1.087625 1.063182 1.039446 1.016374 0.993929 0.972075 0.950780 0.930015 0.909753 0.889968 0.870637 0.851738 0.833252 0.815160 
0.815832 0.833956 0.852477 0.871412 0.890783 0.910612 0.930921 0.951737 0.973087 0.995002 1.017513 1.040658 1.064475 1.089006 1.114301 1.140411 1.167395 1.195317 1.224250 1.254277 1.285488 1.317990 1.351902 1.387362 1.424529 1.463590 1.504765 1.548313 1.594547 1.643849 1.696687 1.753645 1.815466 1.883109 1.957828 2.041285 2.135642 2.243416 2.365737 2.491618 2.558329 2.491618 2.365737 2.243416 2.135642 2.041285 1.957828 1.883109 1.815466 1.753645 1.696687 1.643849 1.594547 1.548313 1.504765 1.463590 1.424529 1.387362 1.351902 1.317990 1.285488 1.254277 1.224250 1.195317 1.167395 1.140411 1.114301 1.089006 1.064475 1.040658 1.017513 0.995002 0.973087 0.951737 0.930921 0.910612 0.890783 0.871412 0.852477 0.833956 0.815832 
0.816056 0.834191 0.852723 0.871671 0.891056 0.910899 0.931224 0.952057 0.973425 0.995360 1.017894 1.041063 1.064906 1.089468 1.114796 1.140942 1.167967 1.195935 1.224920 1.255006 1.286285 1.318865 1.352866 1.388431 1.425721 1.464929 1.506279 1.550042 1.596541 1.646175 1.699438 1.756954 1.819528 1.888220 1.964470 2.050282 2.148536 2.263406 2.400296 2.558329 2.660556 2.558329 2.400296 2.263406 2.148536 2.050282 1.964470 1.888220 1.819528 1.756954 1.699438 1.646175 1.596541 1.550042 1.506279 1.464929 1.425721 1.388431 1.352866 1.318865 1.286285 1.255006 1.224920 1.195935 1.167967 1.140942 1.114796 1.089468 1.064906 1.041063 1.017894 0.995360 0.973425 0.952057 0.931224 0.910899 0.891056 0.871671 0.852723 0.834191 0.816056 
0.816056 0.834191 0.852723 0.871671 0.891056 0.910899 0.931224 0.952057 0.973425 0.995360 1.017894 1.041063 1.064906 1.089468 1.114796 1.140942 1.167967 1.195935 1.224920 1.255006 1.286285 1.318864 1.352866 1.388431 1.425721 1.464929 1.506279 1.550041 1.596541 1.646175 1.699438 1.756954 1.819527 1.888220 1.964469 2.050281 2.148534 2.263403 2.400292 2.558319 2.660540 2.558319 2.400292 2.263403 2.148534 2.050281 1.964469 1.888220 1.819527 1.756954 1.699438 1.646175 1.596541 1.550041 1.506279 1.464929 1.425721 1.388431 1.352866 1.318864 1.286285 1.255006 1.224920 1.195935 1.167967 1.140942 1.114796 1.089468 1.064906 1.041063 1.017894 0.995360 0.973425 0.952057 0.931224 0.910899 0.891056 0.871671 0.852723 0.834191 0.816056 
0.816056 0.834191 0.852723 0.871671 0.891056 0.910899 0.931224 0.952057 0.973425 0.995360 1.017894 1.041063 1.064906 1.089468 1.114795 1.140942 1.167967 1.195935 1.224920 1.255006 1.286285 1.318864 1.352866 1.388430 1.425721 1.464928 1.506279 1.550041 1.596540 1.646174 1.699437 1.756953 1.819526 1.888218 1.964467 2.050277 2.148529 2.263396 2.400279 2.558292 2.660493 2.558292 2.400279 2.263396 2.148529 2.050277 1.964467 1.888218 1.819526 1.756953 1.699437 1.646174 1.596540 1.550041 1.506279 1.464928 1.425721 1.388430 1.352866 1.318864 1.286285 1.255006 1.224920 1.195935 1.167967 1.140942 1.114795 1.089468 1.064906 1.041063 1.017894 0.995360 0.973425 0.952057 0.931224 0.910899 0.891056 0.871671 0.852723 0.834191 0.816056 
0.816056 0.834191 0.852723 0.871671 0.891056 0.910899 0.931224 0.952057 0.973425 0.995360 1.017894 1.041063 1.064906 1.089468 1.114796 1.140942 1.167967 1.195935 1.224920 1.255006 1.286285 1.318864 1.352866 1.388431 1.425721 1.464929 1.506279 1.550041 1.596541 1.646175 1.699438 1.756954 1.819527 1.888219 1.964469 2.050280 2.148533 2.263402 2.400290 2.558316 2.660534 2.558316 2.400290 2.263402 2.148533 2.050280 1.964469 1.888219 1.819527 1.756954 1.699438 1.646175 1.596541 1.550041 1.506279 1.464929 1.425721 1.388431 1.352866 1.318864 1.286285 1.255006 1.224920 1.195935 1.167967 1.140942 1.114796 1.089468 1.064906 1.041063 1.017894 0.995360 0.973425 0.952057 0.931224 0.910899 0.891056 0.871671 0.852723 0.834191 0.816056 
0.816056 0.834191 0.852723 0.871671 0.891056 0.910899 0.931224 0.952057 0.973425 0.995360 1.017894 1.041063 1.064906 1.089468 1.114796 1.140942 1.167967 1.195935 1.224920 1.255006 1.286285 1.318864 1.352866 1.388431 1.425721 1.464929 1.506279 1.550042 1.596541 1.646175 1.699438 1.756954 1.819528 1.888220 1.964470 2.050282 2.148535 2.263406 2.400296 2.558328 2.660555 2.558328 2.400296 2.263406 2.148535 2.050282 1.964470 1.888220 1.819528 1.756954 1.699438 1.646175 1.596541 1.550042 1.506279 1.464929 1.425721 1.388431 1.352866 1.318864 1.286285 1.255006 1.224920 1.195935 1.167967 1.140942 1.114796 1.089468 1.064906 1.041063 1.017894 0.995360 0.973425 0.952057 0.931224 0.910899 0.891056 0.871671 0.852723 0.834191 0.816056 
0.816056 0.834191 0.852723 0.871671 0.891056 0.910899 0.931224 0.952057 0.973425 0.995360 1.017894 1.041063 1.064906 1.089468 1.114796 1.140942 1.167967 1.195935 1.224920 1.255006 1.286285 1.318864 1.352866 1.388431 1.425721 1.464929 1.506279 1.550041 1.596541 1.646175 1.699438 1.756954 1.819527 1.888220 1.964469 2.050281 2.148534 2.263404 2.400294 2.558322 2.660545 2.558322 2.400294 2.263404 2.148534 2.050281 1.964469 1.888220 1.819527 1.756954 1.699438 1.646175 1.596541 1.550041 1.506279 1.464929 1.425721 1.388431 1.352866 1.318864 1.286285 1.255006 1.224920 1.195935 1.167967 1.140942 1.114796 1.089468 1.064906 1.041063 1.017894 0.995360 0.973425 0.952057 0.931224 0.910899 0.891056 0.871671 0.852723 0.834191 0.816056 
0.816056 0.834191 0.852723 0.871671 0.891056 0.910899 0.931224 0.952057 0.973425 0.995360 1.017894 1.041063 1.064906 1.089468 1.114795 1.140942 1.167967 1.195935 1.224920 1.255006 1.286285 1.318864 1.352866 1.388430 1.425721 1.464928 1.506279 1.550041 1.596540 1.646174 1.699437 1.756953 1.819526 1.888218 1.964467 2.050278 2.148530 2.263398 2.400282 2.558298 2.660504 2.558298 2.400282 2.263398 2.148530 2.050278 1.964467 1.888218 1.819526 1.756953 1.699437 1.646174 1.596540 1.550041 1.506279 1.464928 1.425721 1.388430 1.352866 1.318864 1.286285 1.255006 1.224920 1.195935 1.167967 1.140942 1.114795 1.089468 1.064906 1.041063 1.017894 0.995360 0.973425 0.952057 0.931224 0.910899 0.891056 0.871671 0.852723 0.834191 0.816056 
0.816056 0.834191 0.852723 0.871671 0.891056 0.910899 0.931224 0.952057 0.973425 0.995360 1.017894 1.041063 1.064906 1.089468 1.114795 1.140942 1.167967 1.195935 1.224920 1.255006 1.286285 1.318864 1.352866 1.388431 1.425721 1.464929 1.506279 1.550041 1.596540 1.646175 1.699437 1.756953 1.819527 1.888219 1.964468 2.050280 2.148533 2.263401 2.400288 2.558311 2.660526 2.558311 2.400288 2.263401 2.148533 2.050280 1.964468 1.888219 1.819527 1.756953 1.699437 1.646175 1.596540 1.550041 1.506279 1.464929 1.425721 1.388431 1.352866 1.318864 1.286285 1.255006 1.224920 1.195935 1.167967 1.140942 1.114795 1.089468 1.064906 1.041063 1.017894 0.995360 0.973425 0.952057 0.931224 0.910899 0.891056 0.871671 0.852723 0.834191 0.816056 
0.816056 0.834191 0.852723 0.871671 0.891056 0.910899 0.931224 0.952057 0.973425 0.995360 1.017894 1.041063 1.064906 1.089468 1.114796 1.140942 1.167967 1.195935 1.224920 1.255006 1.286285 1.318864 1.352866 1.388431 1.425721 1.464929 1.506279 1.550042 1.596541 1.646175 1.699438 1.756954 1.819528 1.888220 1.964470 2.050281 2.148535 2.263406 2.400296 2.558327 2.660554 2.558327 2.400296 2.263406 2.148535 2.050281 1.964470 1.888220 1.819528 1.756954 1.699438 1.646175 1.596541 1.550042 1.506279 1.464929 1.425721 1.388431 1.352866 1.318864 1.286285 1.255006 1.224920 1.195935 1.167967 1.140942 1.114796 1.089468 1.064906 1.041063 1.017894 0.995360 0.973425 0.952057 0.931224 0.910899 0.891056 0.871671 0.852723 0.834191 0.816056 
0.816056 0.834191 0.852723 0.871671 0.891056 0.910899 0.931224 0.952057 0.973425 0.995360 1.017894 1.041063 1.064906 1.089468 1.114796 1.140942 1.167967 1.195935 1.224920 1.255006 1.286285 1.318864 1.352866 1.388431 1.425721 1.464929 1.506279 1.550041 1.596541 1.646175 1.699438 1.756954 1.819527 1.888220 1.964469 2.050281 2.148535 2.263405 2.400295 2.558325 2.660550 2.558325 2.400295 2.263405 2.148535 2.050281 1.964469 1.888220 1.819527 1.756954 1.699438 1.646175 1.596541 1.550041 1.506279 1.464929 1.425721 1.388431 1.352866 1.318864 1.286285 1.255006 1.224920 1.195935 1.167967 1.140942 1.114796 1.089468 1.064906 1.041063 1.017894 0.995360 0.973425 0.952057 0.931224 0.910899 0.891056 0.871671 0.852723 0.834191 0.816056 
0.816056 0.834191 0.852723 0.871671 0.891056 0.910899 0.931224 0.952057 0.973425 0.995360 1.017894 1.041063 1.064906 1.089468 1.114795 1.140942 1.167967 1.195935 1.224920 1.255006 1.286285 1.318864 1.352866 1.388430 1.425721 1.464929 1.506279 1.550041 1.596540 1.646174 1.699437 1.756953 1.819526 1.888219 1.964468 2.050279 2.148531 2.263399 2.400285 2.558304 2.660514 2.558304 2.400285 2.263399 2.148531 2.050279 1.964468 1.888219 1.819526 1.756953 1.699437 1.646174 1.596540 1.550041 1.506279 1.464929 1.425721 1.388430 1.352866 1.318864 1.286285 1.255006 1.224920 1.195935 1.167967 1.140942 1.114795 1.089468 1.064906 1.041063 1.017894 0.995360 0.973425 0.952057 0.931224 0.910899 0.891056 0.871671 0.852723 0.834191 0.816056 
0.815824 0.833948 0.852468 0.871403 0.890774 0.910602 0.930911 0.951726 0.973075 0.994989 1.017500 1.040644 1.064459 1.088990 1.114284 1.140392 1.167374 1.195295 1.224226 1.254251 1.285460 1.317959 1.351868 1.387324 1.424487 1.463543 1.504711 1.548252 1.594477 1.643767 1.696590 1.753528 1.815323 1.882930 1.957596 2.040972 2.135197 2.242738 2.364606 2.489614 2.555550 2.489614 2.364606 2.242738 2.135197 2.040972 1.957596 1.882930 1.815323 1.753528 1.696590 1.643767 1.594477 1.548252 1.504711 1.463543 1.424487 1.387324 1.351868 1.317959 1.285460 1.254251 1.224226 1.195295 1.167374 1.140392 1.114284 1.088990 1.064459 1.040644 1.017500 0.994989 0.973075 0.951726 0.930911 0.910602 0.890774 0.871403 0.852468 0.833948 0.815824 
0.815144 0.833236 0.851721 0.870619 0.889949 0.909733 0.929994 0.950758 0.972051 0.993904 1.016347 1.039417 1.063152 1.087593 1.112787 1.138785 1.165644 1.193425 1.222200 1.252046 1.283053 1.315319 1.348958 1.384101 1.420895 1.459513 1.500157 1.543060 1.588502 1.636812 1.688386 1.743700 1.803327 1.867948 1.938354 2.015370 2.099592 2.190480 2.283577 2.363490 2.397682 2.363490 2.283577 2.190480 2.099592 2.015370 1.938354 1.867948 1.803327 1.743700 1.688386 1.636812 1.588502 1.543060 1.500157 1.459513 1.420895 1.384101 1.348958 1.315319 1.283053 1.252046 1.222200 1.193425 1.165644 1.138785 1.112787 1.087593 1.063152 1.039417 1.016347 0.993904 0.972051 0.950758 0.929994 0.909733 0.889949 0.870619 0.851721 0.833236 0.815144 
0.814019 0.832057 0.850485 0.869321 0.888584 0.908296 0.928479 0.949157 0.970358 0.992110 1.014443 1.037392 1.060993 1.085287 1.110318 1.136135 1.162790 1.190344 1.218863 1.248419 1.279095 1.310982 1.344185 1.378819 1.415018 1.452933 1.492736 1.534625 1.578826 1.625597 1.675232 1.728057 1.784419 1.844659 1.909028 1.977495 2.049319 2.122089 2.189935 2.241399 2.261219 2.241399 2.189935 2.122089 2.049319 1.977495 1.909028 1.844659 1.784419 1.728057 1.675232 1.625597 1.578826 1.534625 1.492736 1.452933 1.415018 1.378819 1.344185 1.310982 1.279095 1.248419 1.218863 1.190344 1.162790 1.136135 1.110318 1.085287 1.060993 1.037392 1.014443 0.992110 0.970358 0.949157 0.928479 0.908296 0.888584 0.869321 0.850485 0.832057 0.814019 
0.812453 0.830417 0.848764 0.867514 0.886685 0.906296 0.926371 0.946932 0.968005 0.989617 1.011798 1.034580 1.057998 1.082089 1.106896 1.132463 1.158841 1.186084 1.214252 1.243413 1.273639 1.305012 1.337623 1.371573 1.406973 1.443948 1.482636 1.523189 1.565772 1.610558 1.657726 1.707442 1.759827 1.814899 1.872458 1.931866 1.991673 2.048999 2.098823 2.133880 2.146684 2.133880 2.098823 2.048999 1.991673 1.931866 1.872458 1.814899 1.759827 1.707442 1.657726 1.610558 1.565772 1.523189 1.482636 1.443948 1.406973 1.371573 1.337623 1.305012 1.273639 1.243413 1.214252 1.186084 1.158841 1.132463 1.106896 1.082089 1.057998 1.034580 1.011798 0.989617 0.968005 0.946932 0.926371 0.906296 0.886685 0.867514 0.848764 0.830417 0.812453 
0.810450 0.828320 0.846566 0.865206 0.884259 0.903744 0.923682 0.944094 0.965005 0.986441 1.008429 1.031000 1.054186 1.078022 1.102547 1.127801 1.153831 1.180685 1.208416 1.237084 1.266753 1.297490 1.329373 1.362484 1.396911 1.432749 1.470098 1.509061 1.549737 1.592219 1.636574 1.682819 1.730887 1.780548 1.831306 1.882220 1.931656 1.977002 2.014524 2.039735 2.048680 2.039735 2.014524 1.977002 1.931656 1.882220 1.831306 1.780548 1.730887 1.682819 1.636574 1.592219 1.549737 1.509061 1.470098 1.432749 1.396911 1.362484 1.329373 1.297490 1.266753 1.237084 1.208416 1.180685 1.153831 1.127801 1.102547 1.078022 1.054186 1.031000 1.008429 0.986441 0.965005 0.944094 0.923682 0.903744 0.884259 0.865206 0.846566 0.828320 0.810450 
0.808019 0.825774 0.843898 0.862407 0.881318 0.900650 0.920422 0.940656 0.961373 0.982597 1.004355 1.026673 1.049583 1.073115 1.097304 1.122187 1.147804 1.174198 1.201415 1.229505 1.258520 1.288517 1.319556 1.351699 1.385011 1.419555 1.455394 1.492583 1.531161 1.571145 1.612506 1.655146 1.698856 1.743254 1.787694 1.831157 1.872115 1.908446 1.937495 1.956449 1.963058 1.956449 1.937495 1.908446 1.872115 1.831157 1.787694 1.743254 1.698856 1.655146 1.612506 1.571145 1.531161 1.492583 1.455394 1.419555 1.385011 1.351699 1.319556 1.288517 1.258520 1.229505 1.201415 1.174198 1.147804 1.122187 1.097304 1.073115 1.049583 1.026673 1.004355 0.982597 0.961373 0.940656 0.920422 0.900650 0.881318 0.862407 0.843898 0.825774 0.808019 
0.805165 0.822788 0.840769 0.859125 0.877872 0.897027 0.916608 0.936634 0.957126 0.978106 0.999598 1.021626 1.044218 1.067401 1.091206 1.115665 1.140812 1.166683 1.193317 1.220754 1.249036 1.278205 1.308305 1.339378 1.371465 1.404602 1.438814 1.474113 1.510487 1.547889 1.586217 1.625291 1.664813 1.704324 1.743142 1.780296 1.814476 1.844036 1.867106 1.881866 1.886956 1.881866 1.867106 1.844036 1.814476 1.780296 1.743142 1.704324 1.664813 1.625291 1.586217 1.547889 1.510487 1.474113 1.438814 1.404602 1.371465 1.339378 1.308305 1.278205 1.249036 1.220754 1.193317 1.166683 1.140812 1.115665 1.091206 1.067401 1.044218 1.021626 0.999598 0.978106 0.957126 0.936634 0.916608 0.897027 0.877872 0.859125 0.840769 0.822788 0.805165 
0.801900 0.819372 0.837192 0.855375 0.873936 0.892890 0.912255 0.932047 0.952287 0.972992 0.994186 1.015889 1.038125 1.060918 1.084295 1.108283 1.132910 1.158205 1.184198 1.210920 1.238402 1.266673 1.295761 1.325689 1.356476 1.388130 1.420647 1.454002 1.488140 1.522965 1.558326 1.593990 1.629616 1.664726 1.698663 1.730565 1.759356 1.783781 1.802513 1.814335 1.818382 1.814335 1.802513 1.783781 1.759356 1.730565 1.698663 1.664726 1.629616 1.593990 1.558326 1.522965 1.488140 1.454002 1.420647 1.388130 1.356476 1.325689 1.295761 1.266673 1.238402 1.210920 1.184198 1.158205 1.132910 1.108283 1.084295 1.060918 1.038125 1.015889 0.994186 0.972992 0.952287 0.932047 0.912255 0.892890 0.873936 0.855375 0.837192 0.819372 0.801900 
