71 71
9.695656e+00 0 5
0.246866 0.258488 0.270086 0.281651 0.293170 0.304633 0.316025 0.327333 0.338542 0.349635 0.360596 0.371406 0.382047 0.392497 0.402736 0.412741 0.422488 0.431954 0.441114 0.449942 0.458413 0.466498 0.474173 0.481411 0.488185 0.494470 0.500242 0.505477 0.510152 0.514249 0.517747 0.520633 0.522891 0.524512 0.525488 0.525814 0.525488 0.524512 0.522891 0.520633 0.517747 0.514249 0.510152 0.505477 0.500242 0.494470 0.488185 0.481411 0.474173 0.466498 0.458413 0.449942 0.441114 0.431954 0.422488 0.412741 0.402736 0.392497 0.382047 0.371406 0.360596 0.349635 0.338542 0.327333 0.316025 0.304633 0.293170 0.281651 0.270086 0.258488 0.246866 
0.258147 0.270086 0.282012 0.293913 0.305777 0.317594 0.329349 0.341028 0.352615 0.364095 0.375449 0.386659 0.397704 0.408563 0.419213 0.429632 0.439793 0.449672 0.459242 0.468474 0.477342 0.485816 0.493867 0.501467 0.508588 0.515200 0.521277 0.526793 0.531723 0.536045 0.539739 0.542787 0.545173 0.546887 0.547918 0.548262 0.547918 0.546887 0.545173 0.542787 0.539739 0.536045 0.531723 0.526793 0.521277 0.515200 0.508588 0.501467 0.493867 0.485816 0.477342 0.468474 0.459242 0.449672 0.439793 0.429632 0.419213 0.408563 0.397704 0.386659 0.375449 0.364095 0.352615 0.341028 0.329349 0.317594 0.305777 0.293913 0.282012 0.270086 0.258147 
0.269385 0.281651 0.293913 0.306159 0.318380 0.330563 0.342693 0.354757 0.366739 0.378621 0.390386 0.402013 0.413482 0.424771 0.435855 0.446710 0.457310 0.467626 0.477631 0.487295 0.496587 0.505477 0.513932 0.521922 0.529415 0.536380 0.542787 0.548607 0.553814 0.558381 0.562287 0.565511 0.568037 0.569851 0.570943 0.571308 0.570943 0.569851 0.568037 0.565511 0.562287 0.558381 0.553814 0.548607 0.542787 0.536380 0.529415 0.521922 0.513932 0.505477 0.496587 0.487295 0.477631 0.467626 0.457310 0.446710 0.435855 0.424771 0.413482 0.402013 0.390386 0.378621 0.366739 0.354757 0.342693 0.330563 0.318380 0.306159 0.293913 0.281651 0.269385 
0.280570 0.293170 0.305777 0.318380 0.330968 0.343529 0.356048 0.368511 0.380902 0.393203 0.405396 0.417461 0.429374 0.441114 0.452656 0.463972 0.475035 0.485816 0.496284 0.506407 0.516153 0.525488 0.534377 0.542787 0.550682 0.558028 0.564793 0.570943 0.576450 0.581285 0.585421 0.588838 0.591516 0.593440 0.594599 0.594986 0.594599 0.593440 0.591516 0.588838 0.585421 0.581285 0.576450 0.570943 0.564793 0.558028 0.550682 0.542787 0.534377 0.525488 0.516153 0.506407 0.496284 0.485816 0.475035 0.463972 0.452656 0.441114 0.429374 0.417461 0.405396 0.393203 0.380902 0.368511 0.356048 0.343529 0.330968 0.318380 0.305777 0.293170 0.280570 
0.291690 0.304633 0.317594 0.330563 0.343529 0.356479 0.369400 0.382276 0.395092 0.407830 0.420470 0.432991 0.445371 0.457585 0.469608 0.481411 0.492965 0.504239 0.515200 0.525814 0.536045 0.545858 0.555214 0.564075 0.572404 0.580164 0.587316 0.593826 0.599660 0.604786 0.609175 0.612803 0.615648 0.617692 0.618924 0.619335 0.618924 0.617692 0.615648 0.612803 0.609175 0.604786 0.599660 0.593826 0.587316 0.580164 0.572404 0.564075 0.555214 0.545858 0.536045 0.525814 0.515200 0.504239 0.492965 0.481411 0.469608 0.457585 0.445371 0.432991 0.420470 0.407830 0.395092 0.382276 0.369400 0.356479 0.343529 0.330563 0.317594 0.304633 0.291690 
0.302732 0.316025 0.329349 0.342693 0.356048 0.369400 0.382735 0.396040 0.409297 0.422488 0.435594 0.448593 0.461461 0.474173 0.486703 0.499020 0.511094 0.522891 0.534377 0.545515 0.556267 0.566592 0.576450 0.585800 0.594599 0.602806 0.610381 0.617282 0.623473 0.628918 0.633584 0.637443 0.640470 0.642647 0.643959 0.644398 0.643959 0.642647 0.640470 0.637443 0.633584 0.628918 0.623473 0.617282 0.610381 0.602806 0.594599 0.585800 0.576450 0.566592 0.556267 0.545515 0.534377 0.522891 0.511094 0.499020 0.486703 0.474173 0.461461 0.448593 0.435594 0.422488 0.409297 0.396040 0.382735 0.369400 0.356048 0.342693 0.329349 0.316025 0.302732 
0.313683 0.327333 0.341028 0.354757 0.368511 0.382276 0.396040 0.409787 0.423501 0.437164 0.450754 0.464252 0.477631 0.490867 0.503930 0.516790 0.529415 0.541768 0.553814 0.565511 0.576820 0.587696 0.598096 0.607973 0.617282 0.625977 0.634011 0.641340 0.647921 0.653716 0.658686 0.662799 0.666029 0.668352 0.669752 0.670220 0.669752 0.668352 0.666029 0.662799 0.658686 0.653716 0.647921 0.641340 0.634011 0.625977 0.617282 0.607973 0.598096 0.587696 0.576820 0.565511 0.553814 0.541768 0.529415 0.516790 0.503930 0.490867 0.477631 0.464252 0.450754 0.437164 0.423501 0.409787 0.396040 0.382276 0.368511 0.354757 0.341028 0.327333 0.313683 
0.324527 0.338542 0.352615 0.366739 0.380902 0.395092 0.409297 0.423501 0.437688 0.451840 0.465935 0.479953 0.493867 0.507652 0.521277 0.534710 0.547918 0.560862 0.573504 0.585800 0.597706 0.609175 0.620159 0.630608 0.640470 0.649695 0.658231 0.666029 0.673039 0.679218 0.684523 0.688918 0.692370 0.694855 0.696353 0.696854 0.696353 0.694855 0.692370 0.688918 0.684523 0.679218 0.673039 0.666029 0.658231 0.649695 0.640470 0.630608 0.620159 0.609175 0.597706 0.585800 0.573504 0.560862 0.547918 0.534710 0.521277 0.507652 0.493867 0.479953 0.465935 0.451840 0.437688 0.423501 0.409297 0.395092 0.380902 0.366739 0.352615 0.338542 0.324527 
0.335250 0.349635 0.364095 0.378621 0.393203 0.407830 0.422488 0.437164 0.451840 0.466498 0.481119 0.495678 0.510152 0.524512 0.538728 0.552767 0.566592 0.580164 0.593440 0.606376 0.618924 0.631032 0.642647 0.653716 0.664180 0.673984 0.683069 0.691381 0.698864 0.705467 0.711142 0.715848 0.719548 0.722212 0.723819 0.724357 0.723819 0.722212 0.719548 0.715848 0.711142 0.705467 0.698864 0.691381 0.683069 0.673984 0.664180 0.653716 0.642647 0.631032 0.618924 0.606376 0.593440 0.580164 0.566592 0.552767 0.538728 0.524512 0.510152 0.495678 0.481119 0.466498 0.451840 0.437164 0.422488 0.407830 0.393203 0.378621 0.364095 0.349635 0.335250 
0.345834 0.360596 0.375449 0.390386 0.405396 0.420470 0.435594 0.450754 0.465935 0.481119 0.496284 0.511408 0.526466 0.541429 0.556267 0.570943 0.585421 0.599660 0.613614 0.627234 0.640470 0.653267 0.665566 0.677307 0.688427 0.698864 0.708552 0.717429 0.725433 0.732506 0.738592 0.743644 0.747619 0.750484 0.752213 0.752791 0.752213 0.750484 0.747619 0.743644 0.738592 0.732506 0.725433 0.717429 0.708552 0.698864 0.688427 0.677307 0.665566 0.653267 0.640470 0.627234 0.613614 0.599660 0.585421 0.570943 0.556267 0.541429 0.526466 0.511408 0.496284 0.481119 0.465935 0.450754 0.435594 0.420470 0.405396 0.390386 0.375449 0.360596 0.345834 
0.356263 0.371406 0.386659 0.402013 0.417461 0.432991 0.448593 0.464252 0.479953 0.495678 0.511408 0.527120 0.542787 0.558381 0.573871 0.589220 0.604389 0.619335 0.634011 0.648364 0.662340 0.675879 0.688918 0.701390 0.713227 0.724357 0.734708 0.744209 0.752791 0.760384 0.766929 0.772366 0.776649 0.779738 0.781603 0.782227 0.781603 0.779738 0.776649 0.772366 0.766929 0.760384 0.752791 0.744209 0.734708 0.724357 0.713227 0.701390 0.688918 0.675879 0.662340 0.648364 0.634011 0.619335 0.604389 0.589220 0.573871 0.558381 0.542787 0.527120 0.511408 0.495678 0.479953 0.464252 0.448593 0.432991 0.417461 0.402013 0.386659 0.371406 0.356263 
0.366518 0.382047 0.397704 0.413482 0.429374 0.445371 0.461461 0.477631 0.493867 0.510152 0.526466 0.542787 0.559089 0.575343 0.591516 0.607573 0.623473 0.639170 0.654615 0.669752 0.684523 0.698864 0.712704 0.725973 0.738592 0.750484 0.761566 0.771758 0.780980 0.789155 0.796211 0.802081 0.806710 0.810051 0.812069 0.812745 0.812069 0.810051 0.806710 0.802081 0.796211 0.789155 0.780980 0.771758 0.761566 0.750484 0.738592 0.725973 0.712704 0.698864 0.684523 0.669752 0.654615 0.639170 0.623473 0.607573 0.591516 0.575343 0.559089 0.542787 0.526466 0.510152 0.493867 0.477631 0.461461 0.445371 0.429374 0.413482 0.397704 0.382047 0.366518 
0.376579 0.392497 0.408563 0.424771 0.441114 0.457585 0.474173 0.490867 0.507652 0.524512 0.541429 0.558381 0.575343 0.592285 0.609175 0.625977 0.642647 0.659141 0.675404 0.691381 0.707006 0.722212 0.736923 0.751059 0.764536 0.777265 0.789155 0.800114 0.810051 0.818876 0.826505 0.832862 0.837881 0.841507 0.843699 0.844433 0.843699 0.841507 0.837881 0.832862 0.826505 0.818876 0.810051 0.800114 0.789155 0.777265 0.764536 0.751059 0.736923 0.722212 0.707006 0.691381 0.675404 0.659141 0.642647 0.625977 0.609175 0.592285 0.575343 0.558381 0.541429 0.524512 0.507652 0.490867 0.474173 0.457585 0.441114 0.424771 0.408563 0.392497 0.376579 
0.386427 0.402736 0.419213 0.435855 0.452656 0.469608 0.486703 0.503930 0.521277 0.538728 0.556267 0.573871 0.591516 0.609175 0.626815 0.644398 0.661881 0.679218 0.696353 0.713227 0.729770 0.745911 0.761566 0.776649 0.791067 0.804719 0.817505 0.829317 0.840052 0.849607 0.857883 0.864791 0.870253 0.874202 0.876592 0.877392 0.876592 0.874202 0.870253 0.864791 0.857883 0.849607 0.840052 0.829317 0.817505 0.804719 0.791067 0.776649 0.761566 0.745911 0.729770 0.713227 0.696353 0.679218 0.661881 0.644398 0.626815 0.609175 0.591516 0.573871 0.556267 0.538728 0.521277 0.503930 0.486703 0.469608 0.452656 0.435855 0.419213 0.402736 0.386427 
0.396040 0.412741 0.429632 0.446710 0.463972 0.481411 0.499020 0.516790 0.534710 0.552767 0.570943 0.589220 0.607573 0.625977 0.644398 0.662799 0.681139 0.699368 0.717429 0.735261 0.752791 0.769940 0.786621 0.802739 0.818190 0.832862 0.846642 0.859408 0.871039 0.881417 0.890425 0.897959 0.903925 0.908244 0.910860 0.911736 0.910860 0.908244 0.903925 0.897959 0.890425 0.881417 0.871039 0.859408 0.846642 0.832862 0.818190 0.802739 0.786621 0.769940 0.752791 0.735261 0.717429 0.699368 0.681139 0.662799 0.644398 0.625977 0.607573 0.589220 0.570943 0.552767 0.534710 0.516790 0.499020 0.481411 0.463972 0.446710 0.429632 0.412741 0.396040 
0.405396 0.422488 0.439793 0.457310 0.475035 0.492965 0.511094 0.529415 0.547918 0.566592 0.585421 0.604389 0.623473 0.642647 0.661881 0.681139 0.700378 0.719548 0.738592 0.757446 0.776035 0.794274 0.812069 0.829317 0.845904 0.861706 0.876592 0.890425 0.903067 0.914376 0.924219 0.932468 0.939012 0.943757 0.946634 0.947597 0.946634 0.943757 0.939012 0.932468 0.924219 0.914376 0.903067 0.890425 0.876592 0.861706 0.845904 0.829317 0.812069 0.794274 0.776035 0.757446 0.738592 0.719548 0.700378 0.681139 0.661881 0.642647 0.623473 0.604389 0.585421 0.566592 0.547918 0.529415 0.511094 0.492965 0.475035 0.457310 0.439793 0.422488 0.405396 
0.414473 0.431954 0.449672 0.467626 0.485816 0.504239 0.522891 0.541768 0.560862 0.580164 0.599660 0.619335 0.639170 0.659141 0.679218 0.699368 0.719548 0.739709 0.759795 0.779738 0.799461 0.818876 0.837881 0.856365 0.874202 0.891255 0.907377 0.922410 0.936194 0.948564 0.959360 0.968432 0.975643 0.980882 0.984060 0.985126 0.984060 0.980882 0.975643 0.968432 0.959360 0.948564 0.936194 0.922410 0.907377 0.891255 0.874202 0.856365 0.837881 0.818876 0.799461 0.779738 0.759795 0.739709 0.719548 0.699368 0.679218 0.659141 0.639170 0.619335 0.599660 0.580164 0.560862 0.541768 0.522891 0.504239 0.485816 0.467626 0.449672 0.431954 0.414473 
0.423248 0.441114 0.459242 0.477631 0.496284 0.515200 0.534377 0.553814 0.573504 0.593440 0.613614 0.634011 0.654615 0.675404 0.696353 0.717429 0.738592 0.759795 0.780980 0.802081 0.823018 0.843699 0.864018 0.883852 0.903067 0.921509 0.939012 0.955398 0.970478 0.984060 0.995954 1.005978 1.013966 1.019779 1.023312 1.024497 1.023312 1.019779 1.013966 1.005978 0.995954 0.984060 0.970478 0.955398 0.939012 0.921509 0.903067 0.883852 0.864018 0.843699 0.823018 0.802081 0.780980 0.759795 0.738592 0.717429 0.696353 0.675404 0.654615 0.634011 0.613614 0.593440 0.573504 0.553814 0.534377 0.515200 0.496284 0.477631 0.459242 0.441114 0.423248 
0.431696 0.449942 0.468474 0.487295 0.506407 0.525814 0.545515 0.565511 0.585800 0.606376 0.627234 0.648364 0.669752 0.691381 0.713227 0.735261 0.757446 0.779738 0.802081 0.824409 0.846642 0.868684 0.890425 0.911736 0.932468 0.952453 0.971505 0.989419 1.005978 1.020953 1.034118 1.045250 1.054148 1.060639 1.064589 1.065915 1.064589 1.060639 1.054148 1.045250 1.034118 1.020953 1.005978 0.989419 0.971505 0.952453 0.932468 0.911736 0.890425 0.868684 0.846642 0.824409 0.802081 0.779738 0.757446 0.735261 0.713227 0.691381 0.669752 0.648364 0.627234 0.606376 0.585800 0.565511 0.545515 0.525814 0.506407 0.487295 0.468474 0.449942 0.431696 
0.439793 0.458413 0.477342 0.496587 0.516153 0.536045 0.556267 0.576820 0.597706 0.618924 0.640470 0.662340 0.684523 0.707006 0.729770 0.752791 0.776035 0.799461 0.823018 0.846642 0.870253 0.893755 0.917035 0.939956 0.962359 0.984060 1.004851 1.024497 1.042747 1.059331 1.073976 1.086410 1.096384 1.103679 1.108127 1.109622 1.108127 1.103679 1.096384 1.086410 1.073976 1.059331 1.042747 1.024497 1.004851 0.984060 0.962359 0.939956 0.917035 0.893755 0.870253 0.846642 0.823018 0.799461 0.776035 0.752791 0.729770 0.707006 0.684523 0.662340 0.640470 0.618924 0.597706 0.576820 0.556267 0.536045 0.516153 0.496587 0.477342 0.458413 0.439793 
0.447516 0.466498 0.485816 0.505477 0.525488 0.545858 0.566592 0.587696 0.609175 0.631032 0.653267 0.675879 0.698864 0.722212 0.745911 0.769940 0.794274 0.818876 0.843699 0.868684 0.893755 0.918818 0.943757 0.968432 0.992672 1.016280 1.039024 1.060639 1.080831 1.099284 1.115664 1.129640 1.140896 1.149156 1.154205 1.155904 1.154205 1.149156 1.140896 1.129640 1.115664 1.099284 1.080831 1.060639 1.039024 1.016280 0.992672 0.968432 0.943757 0.918818 0.893755 0.868684 0.843699 0.818876 0.794274 0.769940 0.745911 0.722212 0.698864 0.675879 0.653267 0.631032 0.609175 0.587696 0.566592 0.545858 0.525488 0.505477 0.485816 0.466498 0.447516 
0.454839 0.474173 0.493867 0.513932 0.534377 0.555214 0.576450 0.598096 0.620159 0.642647 0.665566 0.688918 0.712704 0.736923 0.761566 0.786621 0.812069 0.837881 0.864018 0.890425 0.917035 0.943757 0.970478 0.997055 1.023312 1.049037 1.073976 1.097831 1.120263 1.140896 1.159326 1.175142 1.187944 1.197378 1.203160 1.205108 1.203160 1.197378 1.187944 1.175142 1.159326 1.140896 1.120263 1.097831 1.073976 1.049037 1.023312 0.997055 0.970478 0.943757 0.917035 0.890425 0.864018 0.837881 0.812069 0.786621 0.761566 0.736923 0.712704 0.688918 0.665566 0.642647 0.620159 0.598096 0.576450 0.555214 0.534377 0.513932 0.493867 0.474173 0.454839 
0.461739 0.481411 0.501467 0.521922 0.542787 0.564075 0.585800 0.607973 0.630608 0.653716 0.677307 0.701390 0.725973 0.751059 0.776649 0.802739 0.829317 0.856365 0.883852 0.911736 0.939956 0.968432 0.997055 1.025686 1.054148 1.082218 1.109622 1.136029 1.161049 1.184239 1.205108 1.223141 1.237829 1.248706 1.255397 1.257656 1.255397 1.248706 1.237829 1.223141 1.205108 1.184239 1.161049 1.136029 1.109622 1.082218 1.054148 1.025686 0.997055 0.968432 0.939956 0.911736 0.883852 0.856365 0.829317 0.802739 0.776649 0.751059 0.725973 0.701390 0.677307 0.653716 0.630608 0.607973 0.585800 0.564075 0.542787 0.521922 0.501467 0.481411 0.461739 
0.468191 0.488185 0.508588 0.529415 0.550682 0.572404 0.594599 0.617282 0.640470 0.664180 0.688427 0.713227 0.738592 0.764536 0.791067 0.818190 0.845904 0.874202 0.903067 0.932468 0.962359 0.992672 1.023312 1.054148 1.085008 1.115664 1.145829 1.175142 1.203160 1.229362 1.253152 1.273885 1.290901 1.303582 1.311417 1.314068 1.311417 1.303582 1.290901 1.273885 1.253152 1.229362 1.203160 1.175142 1.145829 1.115664 1.085008 1.054148 1.023312 0.992672 0.962359 0.932468 0.903067 0.874202 0.845904 0.818190 0.791067 0.764536 0.738592 0.713227 0.688427 0.664180 0.640470 0.617282 0.594599 0.572404 0.550682 0.529415 0.508588 0.488185 0.468191 
0.474173 0.494470 0.515200 0.536380 0.558028 0.580164 0.602806 0.625977 0.649695 0.673984 0.698864 0.724357 0.750484 0.777265 0.804719 0.832862 0.861706 0.891255 0.921509 0.952453 0.984060 1.016280 1.049037 1.082218 1.115664 1.149156 1.182401 1.215014 1.246504 1.276266 1.303582 1.327635 1.347566 1.362538 1.371842 1.375001 1.371842 1.362538 1.347566 1.327635 1.303582 1.276266 1.246504 1.215014 1.182401 1.149156 1.115664 1.082218 1.049037 1.016280 0.984060 0.952453 0.921509 0.891255 0.861706 0.832862 0.804719 0.777265 0.750484 0.724357 0.698864 0.673984 0.649695 0.625977 0.602806 0.580164 0.558028 0.536380 0.515200 0.494470 0.474173 
0.479662 0.500242 0.521277 0.542787 0.564793 0.587316 0.610381 0.634011 0.658231 0.683069 0.708552 0.734708 0.761566 0.789155 0.817505 0.846642 0.876592 0.907377 0.939012 0.971505 1.004851 1.039024 1.073976 1.109622 1.145829 1.182401 1.219054 1.255397 1.290901 1.324879 1.356471 1.384653 1.408288 1.426229 1.437464 1.441293 1.437464 1.426229 1.408288 1.384653 1.356471 1.324879 1.290901 1.255397 1.219054 1.182401 1.145829 1.109622 1.073976 1.039024 1.004851 0.971505 0.939012 0.907377 0.876592 0.846642 0.817505 0.789155 0.761566 0.734708 0.708552 0.683069 0.658231 0.634011 0.610381 0.587316 0.564793 0.542787 0.521277 0.500242 0.479662 
0.484636 0.505477 0.526793 0.548607 0.570943 0.593826 0.617282 0.641340 0.666029 0.691381 0.717429 0.744209 0.771758 0.800114 0.829317 0.859408 0.890425 0.922410 0.955398 0.989419 1.024497 1.060639 1.097831 1.136029 1.175142 1.215014 1.255397 1.295918 1.336037 1.375001 1.411802 1.445166 1.473587 1.495460 1.509300 1.514043 1.509300 1.495460 1.473587 1.445166 1.411802 1.375001 1.336037 1.295918 1.255397 1.215014 1.175142 1.136029 1.097831 1.060639 1.024497 0.989419 0.955398 0.922410 0.890425 0.859408 0.829317 0.800114 0.771758 0.744209 0.717429 0.691381 0.666029 0.641340 0.617282 0.593826 0.570943 0.548607 0.526793 0.505477 0.484636 
0.489077 0.510152 0.531723 0.553814 0.576450 0.599660 0.623473 0.647921 0.673039 0.698864 0.725433 0.752791 0.780980 0.810051 0.840052 0.871039 0.903067 0.936194 0.970478 1.005978 1.042747 1.080831 1.120263 1.161049 1.203160 1.246504 1.290901 1.336037 1.381405 1.426229 1.469378 1.509300 1.544009 1.571221 1.588690 1.594725 1.588690 1.571221 1.544009 1.509300 1.469378 1.426229 1.381405 1.336037 1.290901 1.246504 1.203160 1.161049 1.120263 1.080831 1.042747 1.005978 0.970478 0.936194 0.903067 0.871039 0.840052 0.810051 0.780980 0.752791 0.725433 0.698864 0.673039 0.647921 0.623473 0.599660 0.576450 0.553814 0.531723 0.510152 0.489077 
0.492965 0.514249 0.536045 0.558381 0.581285 0.604786 0.628918 0.653716 0.679218 0.705467 0.732506 0.760384 0.789155 0.818876 0.849607 0.881417 0.914376 0.948564 0.984060 1.020953 1.059331 1.099284 1.140896 1.184239 1.229362 1.276266 1.324879 1.375001 1.426229 1.477850 1.528690 1.576942 1.620037 1.654707 1.677433 1.685378 1.677433 1.654707 1.620037 1.576942 1.528690 1.477850 1.426229 1.375001 1.324879 1.276266 1.229362 1.184239 1.140896 1.099284 1.059331 1.020953 0.984060 0.948564 0.914376 0.881417 0.849607 0.818876 0.789155 0.760384 0.732506 0.705467 0.679218 0.653716 0.628918 0.604786 0.581285 0.558381 0.536045 0.514249 0.492965 
0.496284 0.517747 0.539739 0.562287 0.585421 0.609175 0.633584 0.658686 0.684523 0.711142 0.738592 0.766929 0.796211 0.826505 0.857883 0.890425 0.924219 0.959360 0.995954 1.034118 1.073976 1.115664 1.159326 1.205108 1.253152 1.303582 1.356471 1.411802 1.469378 1.528690 1.588690 1.647472 1.701879 1.747276 1.777983 1.788919 1.777983 1.747276 1.701879 1.647472 1.588690 1.528690 1.469378 1.411802 1.356471 1.303582 1.253152 1.205108 1.159326 1.115664 1.073976 1.034118 0.995954 0.959360 0.924219 0.890425 0.857883 0.826505 0.796211 0.766929 0.738592 0.711142 0.684523 0.658686 0.633584 0.609175 0.585421 0.562287 0.539739 0.517747 0.496284 
0.499020 0.520633 0.542787 0.565511 0.588838 0.612803 0.637443 0.662799 0.688918 0.715848 0.743644 0.772366 0.802081 0.832862 0.864791 0.897959 0.932468 0.968432 1.005978 1.045250 1.086410 1.129640 1.175142 1.223141 1.273885 1.327635 1.384653 1.445166 1.509300 1.576942 1.647472 1.719273 1.788919 1.850166 1.893690 1.909682 1.893690 1.850166 1.788919 1.719273 1.647472 1.576942 1.509300 1.445166 1.384653 1.327635 1.273885 1.223141 1.175142 1.129640 1.086410 1.045250 1.005978 0.968432 0.932468 0.897959 0.864791 0.832862 0.802081 0.772366 0.743644 0.715848 0.688918 0.662799 0.637443 0.612803 0.588838 0.565511 0.542787 0.520633 0.499020 
0.501161 0.522891 0.545173 0.568037 0.591516 0.615648 0.640470 0.666029 0.692370 0.719548 0.747619 0.776649 0.806710 0.837881 0.870253 0.903925 0.939012 0.975643 1.013966 1.054148 1.096384 1.140896 1.187944 1.237829 1.290901 1.347566 1.408288 1.473587 1.544009 1.620037 1.701879 1.788919 1.878490 1.963404 2.028822 2.054270 2.028822 1.963404 1.878490 1.788919 1.701879 1.620037 1.544009 1.473587 1.408288 1.347566 1.290901 1.237829 1.187944 1.140896 1.096384 1.054148 1.013966 0.975643 0.939012 0.903925 0.870253 0.837881 0.806710 0.776649 0.747619 0.719548 0.692370 0.666029 0.640470 0.615648 0.591516 0.568037 0.545173 0.522891 0.501161 
0.502697 0.524512 0.546887 0.569851 0.593440 0.617692 0.642647 0.668352 0.694855 0.722212 0.750484 0.779738 0.810051 0.841507 0.874202 0.908244 0.943757 0.980882 1.019779 1.060639 1.103679 1.149156 1.197378 1.248706 1.303582 1.362538 1.426229 1.495460 1.571221 1.654707 1.747276 1.850166 1.963404 2.082129 2.186621 2.232163 2.186621 2.082129 1.963404 1.850166 1.747276 1.654707 1.571221 1.495460 1.426229 1.362538 1.303582 1.248706 1.197378 1.149156 1.103679 1.060639 1.019779 0.980882 0.943757 0.908244 0.874202 0.841507 0.810051 0.779738 0.750484 0.722212 0.694855 0.668352 0.642647 0.617692 0.593440 0.569851 0.546887 0.524512 0.502697 
0.503621 0.525488 0.547918 0.570943 0.594599 0.618924 0.643959 0.669752 0.696353 0.723819 0.752213 0.781603 0.812069 0.843699 0.876592 0.910860 0.946634 0.984060 1.023312 1.064589 1.108127 1.154205 1.203160 1.255397 1.311417 1.371842 1.437464 1.509300 1.588690 1.677433 1.777983 1.893690 2.028822 2.186621 2.354784 2.446645 2.354784 2.186621 2.028822 1.893690 1.777983 1.677433 1.588690 1.509300 1.437464 1.371842 1.311417 1.255397 1.203160 1.154205 1.108127 1.064589 1.023312 0.984060 0.946634 0.910860 0.876592 0.843699 0.812069 0.781603 0.752213 0.723819 0.696353 0.669752 0.643959 0.618924 0.594599 0.570943 0.547918 0.525488 0.503621 
0.503930 0.525814 0.548262 0.571308 0.594986 0.619335 0.644398 0.670220 0.696854 0.724357 0.752791 0.782227 0.812745 0.844433 0.877392 0.911736 0.947597 0.985126 1.024497 1.065915 1.109622 1.155904 1.205108 1.257656 1.314068 1.375001 1.441293 1.514043 1.594725 1.685378 1.788919 1.909682 2.054270 2.232163 2.446645 2.591644 2.446645 2.232163 2.054270 1.909682 1.788919 1.685378 1.594725 1.514043 1.441293 1.375001 1.314068 1.257656 1.205108 1.155904 1.109622 1.065915 1.024497 0.985126 0.947597 0.911736 0.877392 0.844433 0.812745 0.782227 0.752791 0.724357 0.696854 0.670220 0.644398 0.619335 0.594986 0.571308 0.548262 0.525814 0.503930 
0.503930 0.525814 0.548262 0.571308 0.594986 0.619335 0.644398 0.670220 0.696854 0.724356 0.752791 0.782227 0.812744 0.844432 0.877391 0.911736 0.947597 0.985126 1.024497 1.065915 1.109622 1.155904 1.205108 1.257655 1.314068 1.375000 1.441293 1.514042 1.594724 1.685377 1.788918 1.909680 2.054267 2.232157 2.446632 2.591622 2.446632 2.232157 2.054267 1.909680 1.788918 1.685377 1.594724 1.514042 1.441293 1.375000 1.314068 1.257655 1.205108 1.155904 1.109622 1.065915 1.024497 0.985126 0.947597 0.911736 0.877391 0.844432 0.812744 0.782227 0.752791 0.724356 0.696854 0.670220 0.644398 0.619335 0.594986 0.571308 0.548262 0.525814 0.503930 
0.503930 0.525814 0.548262 0.571308 0.594986 0.619335 0.644397 0.670220 0.696854 0.724356 0.752790 0.782227 0.812744 0.844432 0.877391 0.911736 0.947597 0.985126 1.024497 1.065915 1.109621 1.155903 1.205107 1.257654 1.314067 1.374999 1.441291 1.514041 1.594722 1.685374 1.788914 1.909675 2.054257 2.232140 2.446594 2.591553 2.446594 2.232140 2.054257 1.909675 1.788914 1.685374 1.594722 1.514041 1.441291 1.374999 1.314067 1.257654 1.205107 1.155903 1.109621 1.065915 1.024497 0.985126 0.947597 0.911736 0.877391 0.844432 0.812744 0.782227 0.752790 0.724356 0.696854 0.670220 0.644397 0.619335 0.594986 0.571308 0.548262 0.525814 0.503930 
0.503608 0.525474 0.547903 0.570927 0.594582 0.618906 0.643940 0.669732 0.696332 0.723796 0.752187 0.781576 0.812040 0.843667 0.876557 0.910822 0.946592 0.984014 1.023261 1.064532 1.108062 1.154132 1.203075 1.255299 1.311302 1.371706 1.437299 1.509095 1.588430 1.677092 1.777517 1.893014 2.027765 2.184800 2.351436 2.441902 2.351436 2.184800 2.027765 1.893014 1.777517 1.677092 1.588430 1.509095 1.437299 1.371706 1.311302 1.255299 1.203075 1.154132 1.108062 1.064532 1.023261 0.984014 0.946592 0.910822 0.876557 0.843667 0.812040 0.781576 0.752187 0.723796 0.696332 0.669732 0.643940 0.618906 0.594582 0.570927 0.547903 0.525474 0.503608 
0.502670 0.524484 0.546857 0.569820 0.593407 0.617657 0.642610 0.668312 0.694812 0.722166 0.750434 0.779684 0.809993 0.841444 0.874133 0.908169 0.943675 0.980790 1.019678 1.060526 1.103551 1.149012 1.197212 1.248515 1.303358 1.362273 1.425910 1.495069 1.570731 1.654075 1.746434 1.848998 1.961715 2.079614 2.183010 2.227921 2.183010 2.079614 1.961715 1.848998 1.746434 1.654075 1.570731 1.495069 1.425910 1.362273 1.303358 1.248515 1.197212 1.149012 1.103551 1.060526 1.019678 0.980790 0.943675 0.908169 0.874133 0.841444 0.809993 0.779684 0.750434 0.722166 0.694812 0.668312 0.642610 0.617657 0.593407 0.569820 0.546857 0.524484 0.502670 
0.501121 0.522849 0.545129 0.567990 0.591467 0.615595 0.640414 0.665969 0.692306 0.719479 0.747545 0.776570 0.806624 0.837788 0.870151 0.903814 0.938890 0.975509 1.013817 1.053982 1.096197 1.140684 1.187703 1.237552 1.290579 1.347187 1.407836 1.473040 1.543333 1.619187 1.700785 1.787482 1.876577 1.960879 2.025683 2.050850 2.025683 1.960879 1.876577 1.787482 1.700785 1.619187 1.543333 1.473040 1.407836 1.347187 1.290579 1.237552 1.187703 1.140684 1.096197 1.053982 1.013817 0.975509 0.938890 0.903814 0.870151 0.837788 0.806624 0.776570 0.747545 0.719479 0.692306 0.665969 0.640414 0.615595 0.591467 0.567990 0.545129 0.522849 0.501121 
0.498967 0.520577 0.542728 0.565449 0.588773 0.612733 0.637369 0.662720 0.688833 0.715757 0.743547 0.772261 0.801968 0.832740 0.864658 0.897814 0.932308 0.968256 1.005783 1.045034 1.086168 1.129367 1.174832 1.222787 1.273477 1.327159 1.384091 1.444495 1.508489 1.575948 1.646240 1.717736 1.787007 1.847841 1.891016 1.906865 1.891016 1.847841 1.787007 1.717736 1.646240 1.575948 1.508489 1.444495 1.384091 1.327159 1.273477 1.222787 1.174832 1.129367 1.086168 1.045034 1.005783 0.968256 0.932308 0.897814 0.864658 0.832740 0.801968 0.772261 0.743547 0.715757 0.688833 0.662720 0.637369 0.612733 0.588773 0.565449 0.542728 0.520577 0.498967 
0.496219 0.517679 0.539667 0.562210 0.585340 0.609089 0.633492 0.658588 0.684419 0.711030 0.738472 0.766799 0.796071 0.826354 0.857719 0.890247 0.924024 0.959145 0.995718 1.033855 1.073683 1.115336 1.158956 1.204688 1.252671 1.303026 1.355824 1.411042 1.468478 1.527617 1.587405 1.645934 1.700061 1.745181 1.775677 1.786532 1.775677 1.745181 1.700061 1.645934 1.587405 1.527617 1.468478 1.411042 1.355824 1.303026 1.252671 1.204688 1.158956 1.115336 1.073683 1.033855 0.995718 0.959145 0.924024 0.890247 0.857719 0.826354 0.796071 0.766799 0.738472 0.711030 0.684419 0.658588 0.633492 0.609089 0.585340 0.562210 0.539667 0.517679 0.496219 
0.492887 0.514167 0.535959 0.558290 0.581188 0.604683 0.628809 0.653600 0.679094 0.705334 0.732364 0.760232 0.788991 0.818698 0.849415 0.881208 0.914148 0.948314 0.983786 1.020650 1.058994 1.098908 1.140474 1.183763 1.228822 1.275650 1.324171 1.374182 1.425278 1.476743 1.527403 1.575454 1.618342 1.652822 1.675412 1.683306 1.675412 1.652822 1.618342 1.575454 1.527403 1.476743 1.425278 1.374182 1.324171 1.275650 1.228822 1.183763 1.140474 1.098908 1.058994 1.020650 0.983786 0.948314 0.914148 0.881208 0.849415 0.818698 0.788991 0.760232 0.732364 0.705334 0.679094 0.653600 0.628809 0.604683 0.581188 0.558290 0.535959 0.514167 0.492887 
0.488987 0.510058 0.531623 0.553708 0.576339 0.599542 0.623348 0.647788 0.672897 0.698712 0.725271 0.752616 0.780793 0.809849 0.839834 0.870802 0.902809 0.935912 0.970169 1.005638 1.042371 1.080415 1.119798 1.160529 1.202575 1.245843 1.290151 1.335184 1.380433 1.425120 1.468120 1.507883 1.542438 1.569516 1.586893 1.592895 1.586893 1.569516 1.542438 1.507883 1.468120 1.425120 1.380433 1.335184 1.290151 1.245843 1.202575 1.160529 1.119798 1.080415 1.042371 1.005638 0.970169 0.935912 0.902809 0.870802 0.839834 0.809849 0.780793 0.752616 0.725271 0.698712 0.672897 0.647788 0.623348 0.599542 0.576339 0.553708 0.531623 0.510058 0.488987 
0.484535 0.505370 0.526680 0.548488 0.570818 0.593693 0.617141 0.641190 0.665869 0.691211 0.717247 0.744015 0.771549 0.799889 0.829074 0.859145 0.890140 0.922099 0.955059 0.989048 1.024089 1.060188 1.097332 1.135474 1.174524 1.214322 1.254622 1.295049 1.335063 1.373910 1.410588 1.443827 1.472132 1.493907 1.507682 1.512402 1.507682 1.493907 1.472132 1.443827 1.410588 1.373910 1.335063 1.295049 1.254622 1.214322 1.174524 1.135474 1.097332 1.060188 1.024089 0.989048 0.955059 0.922099 0.890140 0.859145 0.829074 0.799889 0.771549 0.744015 0.717247 0.691211 0.665869 0.641190 0.617141 0.593693 0.570818 0.548488 0.526680 0.505370 0.484535 
0.479549 0.500123 0.521152 0.542655 0.564654 0.587169 0.610225 0.633845 0.658055 0.682882 0.708352 0.734494 0.761337 0.788909 0.817240 0.846356 0.876282 0.907041 0.938647 0.971107 1.004415 1.038546 1.073450 1.109042 1.145189 1.181692 1.218268 1.254526 1.289938 1.323818 1.355308 1.383391 1.406937 1.424805 1.435992 1.439805 1.435992 1.424805 1.406937 1.383391 1.355308 1.323818 1.289938 1.254526 1.218268 1.181692 1.145189 1.109042 1.073450 1.038546 1.004415 0.971107 0.938647 0.907041 0.876282 0.846356 0.817240 0.788909 0.761337 0.734494 0.708352 0.682882 0.658055 0.633845 0.610225 0.587169 0.564654 0.542655 0.521152 0.500123 0.479549 
0.474050 0.494340 0.515063 0.536236 0.557876 0.580003 0.602637 0.625797 0.649504 0.673780 0.698647 0.724125 0.750236 0.777000 0.804435 0.832556 0.861375 0.890898 0.921122 0.952033 0.983603 1.015781 1.048492 1.081621 1.115009 1.148438 1.181613 1.214150 1.245560 1.275240 1.302472 1.326447 1.346307 1.361223 1.370492 1.373638 1.370492 1.361223 1.346307 1.326447 1.302472 1.275240 1.245560 1.214150 1.181613 1.148438 1.115009 1.081621 1.048492 1.015781 0.983603 0.952033 0.921122 0.890898 0.861375 0.832556 0.804435 0.777000 0.750236 0.724125 0.698647 0.673780 0.649504 0.625797 0.602637 0.580003 0.557876 0.536236 0.515063 0.494340 0.474050 
0.468058 0.488044 0.508440 0.529259 0.550518 0.572231 0.594416 0.617088 0.640265 0.663962 0.688195 0.712979 0.738328 0.764254 0.790765 0.817865 0.845555 0.873826 0.902661 0.932030 0.961885 0.992157 1.022752 1.053540 1.084346 1.114944 1.145047 1.174292 1.202241 1.228373 1.252095 1.272764 1.289724 1.302361 1.310169 1.312811 1.310169 1.302361 1.289724 1.272764 1.252095 1.228373 1.202241 1.174292 1.145047 1.114944 1.084346 1.053540 1.022752 0.992157 0.961885 0.932030 0.902661 0.873826 0.845555 0.817865 0.790765 0.764254 0.738328 0.712979 0.688195 0.663962 0.640265 0.617088 0.594416 0.572231 0.550518 0.529259 0.508440 0.488044 0.468058 
0.461595 0.481260 0.501309 0.521755 0.542611 0.563890 0.585604 0.607767 0.630389 0.653484 0.677061 0.701128 0.725694 0.750762 0.776332 0.802399 0.828953 0.855974 0.883432 0.911284 0.939469 0.967905 0.996486 1.025072 1.053484 1.081502 1.108849 1.135198 1.160159 1.183289 1.204101 1.222082 1.236725 1.247567 1.254236 1.256488 1.254236 1.247567 1.236725 1.222082 1.204101 1.183289 1.160159 1.135198 1.108849 1.081502 1.053484 1.025072 0.996486 0.967905 0.939469 0.911284 0.883432 0.855974 0.828953 0.802399 0.776332 0.750762 0.725694 0.701128 0.677061 0.653484 0.630389 0.607767 0.585604 0.563890 0.542611 0.521755 0.501309 0.481260 0.461595 
0.454686 0.474013 0.493699 0.513755 0.534191 0.555018 0.576243 0.597878 0.619929 0.642403 0.665307 0.688643 0.712413 0.736612 0.761235 0.786269 0.811692 0.837478 0.863585 0.889962 0.916538 0.943224 0.969905 0.996439 1.022651 1.048328 1.073217 1.097021 1.119401 1.139983 1.158366 1.174138 1.186904 1.196310 1.202075 1.204017 1.202075 1.196310 1.186904 1.174138 1.158366 1.139983 1.119401 1.097021 1.073217 1.048328 1.022651 0.996439 0.969905 0.943224 0.916538 0.889962 0.863585 0.837478 0.811692 0.786269 0.761235 0.736612 0.712413 0.688643 0.665307 0.642403 0.619929 0.597878 0.576243 0.555018 0.534191 0.513755 0.493699 0.474013 0.454686 
0.447354 0.466329 0.485638 0.505290 0.525292 0.545651 0.566375 0.587467 0.608934 0.630777 0.652997 0.675593 0.698560 0.721890 0.745568 0.769576 0.793886 0.818462 0.843258 0.868213 0.893252 0.918280 0.943183 0.967818 0.992017 1.015582 1.038281 1.059851 1.079999 1.098408 1.114748 1.128688 1.139913 1.148151 1.153186 1.154880 1.153186 1.148151 1.139913 1.128688 1.114748 1.098408 1.079999 1.059851 1.038281 1.015582 0.992017 0.967818 0.943183 0.918280 0.893252 0.868213 0.843258 0.818462 0.793886 0.769576 0.745568 0.721890 0.698560 0.675593 0.652997 0.630777 0.608934 0.587467 0.566375 0.545651 0.525292 0.505290 0.485638 0.466329 0.447354 
0.439623 0.458234 0.477155 0.496391 0.515948 0.535830 0.556040 0.576581 0.597454 0.618658 0.640190 0.662044 0.684210 0.706675 0.729419 0.752418 0.775638 0.799040 0.822571 0.846165 0.869746 0.893216 0.916462 0.939347 0.961712 0.983374 1.004125 1.023732 1.041943 1.058490 1.073100 1.085505 1.095453 1.102729 1.107166 1.108657 1.107166 1.102729 1.095453 1.085505 1.073100 1.058490 1.041943 1.023732 1.004125 0.983374 0.961712 0.939347 0.916462 0.893216 0.869746 0.846165 0.822571 0.799040 0.775638 0.752418 0.729419 0.706675 0.684210 0.662044 0.640190 0.618658 0.597454 0.576581 0.556040 0.535830 0.515948 0.496391 0.477155 0.458234 0.439623 
0.431518 0.449756 0.468280 0.487091 0.506194 0.525590 0.545280 0.565264 0.585539 0.606102 0.626946 0.648059 0.669431 0.691041 0.712867 0.734880 0.757043 0.779311 0.801629 0.823930 0.846134 0.868146 0.889855 0.911133 0.931831 0.951781 0.970798 0.988677 1.005202 1.020145 1.033280 1.044387 1.053264 1.059739 1.063679 1.065002 1.063679 1.059739 1.053264 1.044387 1.033280 1.020145 1.005202 0.988677 0.970798 0.951781 0.931831 0.911133 0.889855 0.868146 0.846134 0.823930 0.801629 0.779311 0.757043 0.734880 0.712867 0.691041 0.669431 0.648059 0.626946 0.606102 0.585539 0.565264 0.545280 0.525590 0.506194 0.487091 0.468280 0.449756 0.431518 
0.423063 0.440921 0.459039 0.477420 0.496062 0.514968 0.534134 0.553558 0.573235 0.593158 0.613317 0.633698 0.654286 0.675058 0.695988 0.717043 0.738185 0.759365 0.780526 0.801601 0.822511 0.843164 0.863453 0.883257 0.902441 0.920851 0.938323 0.954678 0.969729 0.983283 0.995152 1.005153 1.013123 1.018924 1.022448 1.023630 1.022448 1.018924 1.013123 1.005153 0.995152 0.983283 0.969729 0.954678 0.938323 0.920851 0.902441 0.883257 0.863453 0.843164 0.822511 0.801601 0.780526 0.759365 0.738185 0.717043 0.695988 0.675058 0.654286 0.633698 0.613317 0.593158 0.573235 0.553558 0.534134 0.514968 0.496062 0.477420 0.459039 0.440921 0.423063 
0.414281 0.431754 0.449463 0.467408 0.485587 0.504000 0.522641 0.541506 0.560587 0.579875 0.599357 0.619017 0.638835 0.658788 0.678847 0.698977 0.719137 0.739276 0.759339 0.779258 0.798956 0.818344 0.837323 0.855779 0.873588 0.890613 0.906706 0.921712 0.935470 0.947815 0.958590 0.967643 0.974839 0.980066 0.983237 0.984301 0.983237 0.980066 0.974839 0.967643 0.958590 0.947815 0.935470 0.921712 0.906706 0.890613 0.873588 0.855779 0.837323 0.818344 0.798956 0.779258 0.759339 0.739276 0.719137 0.698977 0.678847 0.658788 0.638835 0.619017 0.599357 0.579875 0.560587 0.541506 0.522641 0.504000 0.485587 0.467408 0.449463 0.431754 0.414281 
0.405198 0.422282 0.439578 0.457085 0.474800 0.492719 0.510837 0.529146 0.547637 0.566297 0.585113 0.604065 0.623133 0.642291 0.661507 0.680746 0.699965 0.719114 0.738137 0.756968 0.775533 0.793748 0.811518 0.828741 0.845302 0.861078 0.875939 0.889749 0.902367 0.913655 0.923479 0.931712 0.938242 0.942978 0.945848 0.946810 0.945848 0.942978 0.938242 0.931712 0.923479 0.913655 0.902367 0.889749 0.875939 0.861078 0.845302 0.828741 0.811518 0.793748 0.775533 0.756968 0.738137 0.719114 0.699965 0.680746 0.661507 0.642291 0.623133 0.604065 0.585113 0.566297 0.547637 0.529146 0.510837 0.492719 0.474800 0.457085 0.439578 0.422282 0.405198 
0.395836 0.412528 0.429410 0.446479 0.463731 0.481160 0.498758 0.516516 0.534424 0.552467 0.570630 0.588892 0.607230 0.625617 0.644021 0.662404 0.680725 0.698934 0.716975 0.734785 0.752293 0.769420 0.786079 0.802173 0.817600 0.832250 0.846007 0.858751 0.870362 0.880721 0.889713 0.897233 0.903187 0.907498 0.910108 0.910983 0.910108 0.907498 0.903187 0.897233 0.889713 0.880721 0.870362 0.858751 0.846007 0.832250 0.817600 0.802173 0.786079 0.769420 0.752293 0.734785 0.716975 0.698934 0.680725 0.662404 0.644021 0.625617 0.607230 0.588892 0.570630 0.552467 0.534424 0.516516 0.498758 0.481160 0.463731 0.446479 0.429410 0.412528 0.395836 
0.386218 0.402518 0.418987 0.435619 0.452410 0.469351 0.486435 0.503651 0.520986 0.538425 0.555949 0.573539 0.591170 0.608813 0.626436 0.644002 0.661468 0.678786 0.695902 0.712755 0.729278 0.745398 0.761032 0.776094 0.790490 0.804122 0.816887 0.828681 0.839398 0.848935 0.857197 0.864092 0.869543 0.873486 0.875871 0.876669 0.875871 0.873486 0.869543 0.864092 0.857197 0.848935 0.839398 0.828681 0.816887 0.804122 0.790490 0.776094 0.761032 0.745398 0.729278 0.712755 0.695902 0.678786 0.661468 0.644002 0.626436 0.608813 0.591170 0.573539 0.555949 0.538425 0.520986 0.503651 0.486435 0.469351 0.452410 0.435619 0.418987 0.402518 0.386218 
0.376365 0.392275 0.408332 0.424530 0.440864 0.457325 0.473902 0.490584 0.507357 0.524205 0.541109 0.558047 0.574994 0.591921 0.608796 0.625581 0.642235 0.658710 0.674956 0.690913 0.706520 0.721706 0.736398 0.750515 0.763972 0.776683 0.788555 0.799496 0.809416 0.818226 0.825843 0.832189 0.837199 0.840818 0.843006 0.843739 0.843006 0.840818 0.837199 0.832189 0.825843 0.818226 0.809416 0.799496 0.788555 0.776683 0.763972 0.750515 0.736398 0.721706 0.706520 0.690913 0.674956 0.658710 0.642235 0.625581 0.608796 0.591921 0.574994 0.558047 0.541109 0.524205 0.507357 0.490584 0.473902 0.457325 0.440864 0.424530 0.408332 0.392275 0.376365 
0.366300 0.381820 0.397468 0.413238 0.429120 0.445106 0.461186 0.477345 0.493570 0.509842 0.526143 0.542451 0.558739 0.574978 0.591137 0.607178 0.623062 0.638742 0.654170 0.669290 0.684043 0.698366 0.712189 0.725439 0.738041 0.749915 0.760981 0.771158 0.780366 0.788527 0.795571 0.801432 0.806053 0.809388 0.811403 0.812077 0.811403 0.809388 0.806053 0.801432 0.795571 0.788527 0.780366 0.771158 0.760981 0.749915 0.738041 0.725439 0.712189 0.698366 0.684043 0.669290 0.654170 0.638742 0.623062 0.607178 0.591137 0.574978 0.558739 0.542451 0.526143 0.509842 0.493570 0.477345 0.461186 0.445106 0.429120 0.413238 0.397468 0.381820 0.366300 
0.356041 0.371176 0.386420 0.401765 0.417203 0.432723 0.448314 0.463963 0.479653 0.495366 0.511084 0.526782 0.542436 0.558017 0.573492 0.588826 0.603980 0.618911 0.633570 0.647907 0.661867 0.675389 0.688411 0.700867 0.712688 0.723802 0.734139 0.743626 0.752194 0.759776 0.766310 0.771739 0.776015 0.779098 0.780960 0.781583 0.780960 0.779098 0.776015 0.771739 0.766310 0.759776 0.752194 0.743626 0.734139 0.723802 0.712688 0.700867 0.688411 0.675389 0.661867 0.647907 0.633570 0.618911 0.603980 0.588826 0.573492 0.558017 0.542436 0.526782 0.511084 0.495366 0.479653 0.463963 0.448314 0.432723 0.417203 0.401765 0.386420 0.371176 0.356041 
0.345608 0.360362 0.375207 0.390134 0.405136 0.420199 0.435313 0.450463 0.465633 0.480805 0.495958 0.511070 0.526115 0.541065 0.555889 0.570552 0.585015 0.599239 0.613178 0.626783 0.640004 0.652785 0.665069 0.676794 0.687900 0.698323 0.707997 0.716862 0.724854 0.731916 0.737993 0.743037 0.747006 0.749866 0.751592 0.752169 0.751592 0.749866 0.747006 0.743037 0.737993 0.731916 0.724854 0.716862 0.707997 0.698323 0.687900 0.676794 0.665069 0.652785 0.640004 0.626783 0.613178 0.599239 0.585015 0.570552 0.555889 0.541065 0.526115 0.511070 0.495958 0.480805 0.465633 0.450463 0.435313 0.420199 0.405136 0.390134 0.375207 0.360362 0.345608 
