69 69
7.117853e+00 0 5
0.178177 0.190291 0.202379 0.214429 0.226430 0.238367 0.250226 0.261992 0.273648 0.285175 0.296555 0.307767 0.318790 0.329601 0.340176 0.350489 0.360516 0.370228 0.379598 0.388597 0.397196 0.405367 0.413079 0.420304 0.427014 0.433181 0.438778 0.443780 0.448166 0.451914 0.455006 0.457428 0.459166 0.460213 0.460562 0.460213 0.459166 0.457428 0.455006 0.451914 0.448166 0.443780 0.438778 0.433181 0.427014 0.420304 0.413079 0.405367 0.397196 0.388597 0.379598 0.370228 0.360516 0.350489 0.340176 0.329601 0.318790 0.307767 0.296555 0.285175 0.273648 0.261992 0.250226 0.238367 0.226430 0.214429 0.202379 0.190291 0.178177 
0.189924 0.202379 0.214817 0.227229 0.239600 0.251918 0.264167 0.276332 0.288395 0.300339 0.312142 0.323784 0.335242 0.346492 0.357510 0.368267 0.378737 0.388890 0.398697 0.408127 0.417147 0.425728 0.433835 0.441438 0.448505 0.455006 0.460912 0.466195 0.470830 0.474793 0.478064 0.480627 0.482467 0.483576 0.483946 0.483576 0.482467 0.480627 0.478064 0.474793 0.470830 0.466195 0.460912 0.455006 0.448505 0.441438 0.433835 0.425728 0.417147 0.408127 0.398697 0.388890 0.378737 0.368267 0.357510 0.346492 0.335242 0.323784 0.312142 0.300339 0.288395 0.276332 0.264167 0.251918 0.239600 0.227229 0.214817 0.202379 0.189924 
0.201625 0.214429 0.227229 0.240012 0.252766 0.265477 0.278131 0.290711 0.303199 0.315576 0.327822 0.339915 0.351830 0.363544 0.375028 0.386256 0.397196 0.407819 0.418092 0.427982 0.437454 0.446474 0.455006 0.463017 0.470471 0.477335 0.483576 0.489163 0.494068 0.498265 0.501732 0.504449 0.506401 0.507577 0.507970 0.507577 0.506401 0.504449 0.501732 0.498265 0.494068 0.489163 0.483576 0.477335 0.470471 0.463017 0.455006 0.446474 0.437454 0.427982 0.418092 0.407819 0.397196 0.386256 0.375028 0.363544 0.351830 0.339915 0.327822 0.315576 0.303199 0.290711 0.278131 0.265477 0.252766 0.240012 0.227229 0.214429 0.201625 
0.213267 0.226430 0.239600 0.252766 0.265915 0.279033 0.292106 0.305116 0.318046 0.330876 0.343585 0.356150 0.368547 0.380748 0.392726 0.404451 0.415891 0.427014 0.437784 0.448166 0.458122 0.467615 0.476607 0.485058 0.492931 0.500188 0.506793 0.512712 0.517913 0.522366 0.526047 0.528933 0.531007 0.532257 0.532675 0.532257 0.531007 0.528933 0.526047 0.522366 0.517913 0.512712 0.506793 0.500188 0.492931 0.485058 0.476607 0.467615 0.458122 0.448166 0.437784 0.427014 0.415891 0.404451 0.392726 0.380748 0.368547 0.356150 0.343585 0.330876 0.318046 0.305116 0.292106 0.279033 0.265915 0.252766 0.239600 0.226430 0.213267 
0.224837 0.238367 0.251918 0.265477 0.279033 0.292572 0.306078 0.319536 0.332925 0.346227 0.359420 0.372480 0.385381 0.398096 0.410596 0.422848 0.434819 0.446474 0.457775 0.468684 0.479160 0.489163 0.498649 0.507577 0.515904 0.523589 0.530592 0.536873 0.542397 0.547131 0.551047 0.554118 0.556327 0.557658 0.558103 0.557658 0.556327 0.554118 0.551047 0.547131 0.542397 0.536873 0.530592 0.523589 0.515904 0.507577 0.498649 0.489163 0.479160 0.468684 0.457775 0.446474 0.434819 0.422848 0.410596 0.398096 0.385381 0.372480 0.359420 0.346227 0.332925 0.319536 0.306078 0.292572 0.279033 0.265477 0.251918 0.238367 0.224837 
0.236320 0.250226 0.264167 0.278131 0.292106 0.306078 0.320033 0.333953 0.347820 0.361614 0.375312 0.388890 0.402322 0.415578 0.428628 0.441438 0.453973 0.466195 0.478064 0.489538 0.500573 0.511125 0.521147 0.530592 0.539413 0.547564 0.555001 0.561678 0.567557 0.572600 0.576774 0.580050 0.582407 0.583828 0.584303 0.583828 0.582407 0.580050 0.576774 0.572600 0.567557 0.561678 0.555001 0.547564 0.539413 0.530592 0.521147 0.511125 0.500573 0.489538 0.478064 0.466195 0.453973 0.441438 0.428628 0.415578 0.402322 0.388890 0.375312 0.361614 0.347820 0.333953 0.320033 0.306078 0.292106 0.278131 0.264167 0.250226 0.236320 
0.247702 0.261992 0.276332 0.290711 0.305116 0.319536 0.333953 0.348353 0.362716 0.377021 0.391247 0.405367 0.419355 0.433181 0.446812 0.460213 0.473347 0.486173 0.498649 0.510729 0.522366 0.533511 0.544112 0.554118 0.563478 0.572139 0.580050 0.587163 0.593432 0.598815 0.603274 0.606777 0.609298 0.610819 0.611327 0.610819 0.609298 0.606777 0.603274 0.598815 0.593432 0.587163 0.580050 0.572139 0.563478 0.554118 0.544112 0.533511 0.522366 0.510729 0.498649 0.486173 0.473347 0.460213 0.446812 0.433181 0.419355 0.405367 0.391247 0.377021 0.362716 0.348353 0.333953 0.319536 0.305116 0.290711 0.276332 0.261992 0.247702 
0.258966 0.273648 0.288395 0.303199 0.318046 0.332925 0.347820 0.362716 0.377592 0.392430 0.407205 0.421892 0.436464 0.450889 0.465133 0.479160 0.492931 0.506401 0.519526 0.532257 0.544542 0.556327 0.567557 0.578175 0.588121 0.597340 0.605773 0.613366 0.620065 0.625824 0.630599 0.634353 0.637057 0.638688 0.639233 0.638688 0.637057 0.634353 0.630599 0.625824 0.620065 0.613366 0.605773 0.597340 0.588121 0.578175 0.567557 0.556327 0.544542 0.532257 0.519526 0.506401 0.492931 0.479160 0.465133 0.450889 0.436464 0.421892 0.407205 0.392430 0.377592 0.362716 0.347820 0.332925 0.318046 0.303199 0.288395 0.273648 0.258966 
0.270095 0.285175 0.300339 0.315576 0.330876 0.346227 0.361614 0.377021 0.392430 0.407819 0.423167 0.438446 0.453629 0.468684 0.483576 0.498265 0.512712 0.526869 0.540689 0.554118 0.567102 0.579580 0.591493 0.602776 0.613366 0.623196 0.632204 0.640325 0.647502 0.653678 0.658804 0.662838 0.665745 0.667499 0.668086 0.667499 0.665745 0.662838 0.658804 0.653678 0.647502 0.640325 0.632204 0.623196 0.613366 0.602776 0.591493 0.579580 0.567102 0.554118 0.540689 0.526869 0.512712 0.498265 0.483576 0.468684 0.453629 0.438446 0.423167 0.407819 0.392430 0.377021 0.361614 0.346227 0.330876 0.315576 0.300339 0.285175 0.270095 
0.281071 0.296555 0.312142 0.327822 0.343585 0.359420 0.375312 0.391247 0.407205 0.423167 0.439109 0.455006 0.470830 0.486546 0.502119 0.517510 0.532675 0.547564 0.562127 0.576308 0.590045 0.603274 0.615929 0.627939 0.639233 0.649737 0.659378 0.668086 0.675792 0.682433 0.687951 0.692298 0.695432 0.697325 0.697958 0.697325 0.695432 0.692298 0.687951 0.682433 0.675792 0.668086 0.659378 0.649737 0.639233 0.627939 0.615929 0.603274 0.590045 0.576308 0.562127 0.547564 0.532675 0.517510 0.502119 0.486546 0.470830 0.455006 0.439109 0.423167 0.407205 0.391247 0.375312 0.359420 0.343585 0.327822 0.312142 0.296555 0.281071 
0.291873 0.307767 0.323784 0.339915 0.356150 0.372480 0.388890 0.405367 0.421892 0.438446 0.455006 0.471547 0.488039 0.504449 0.520741 0.536873 0.552799 0.568469 0.583828 0.598815 0.613366 0.627409 0.640873 0.653678 0.665745 0.676991 0.687334 0.696693 0.704990 0.712150 0.718108 0.722806 0.726197 0.728245 0.728931 0.728245 0.726197 0.722806 0.718108 0.712150 0.704990 0.696693 0.687334 0.676991 0.665745 0.653678 0.640873 0.627409 0.613366 0.598815 0.583828 0.568469 0.552799 0.536873 0.520741 0.504449 0.488039 0.471547 0.455006 0.438446 0.421892 0.405367 0.388890 0.372480 0.356150 0.339915 0.323784 0.307767 0.291873 
0.302482 0.318790 0.335242 0.351830 0.368547 0.385381 0.402322 0.419355 0.436464 0.453629 0.470830 0.488039 0.505229 0.522366 0.539413 0.556327 0.573061 0.589563 0.605773 0.621628 0.637057 0.651984 0.666329 0.680005 0.692923 0.704990 0.716112 0.726197 0.735154 0.742897 0.749350 0.754445 0.758125 0.760350 0.761095 0.760350 0.758125 0.754445 0.749350 0.742897 0.735154 0.726197 0.716112 0.704990 0.692923 0.680005 0.666329 0.651984 0.637057 0.621628 0.605773 0.589563 0.573061 0.556327 0.539413 0.522366 0.505229 0.488039 0.470830 0.453629 0.436464 0.419355 0.402322 0.385381 0.368547 0.351830 0.335242 0.318790 0.302482 
0.312875 0.329601 0.346492 0.363544 0.380748 0.398096 0.415578 0.433181 0.450889 0.468684 0.486546 0.504449 0.522366 0.540263 0.558103 0.575842 0.593432 0.610819 0.627939 0.644726 0.661104 0.676991 0.692298 0.706929 0.720786 0.733762 0.745752 0.756649 0.766348 0.774749 0.781762 0.787307 0.791316 0.793742 0.794554 0.793742 0.791316 0.787307 0.781762 0.774749 0.766348 0.756649 0.745752 0.733762 0.720786 0.706929 0.692298 0.676991 0.661104 0.644726 0.627939 0.610819 0.593432 0.575842 0.558103 0.540263 0.522366 0.504449 0.486546 0.468684 0.450889 0.433181 0.415578 0.398096 0.380748 0.363544 0.346492 0.329601 0.312875 
0.323031 0.340176 0.357510 0.375028 0.392726 0.410596 0.428628 0.446812 0.465133 0.483576 0.502119 0.520741 0.539413 0.558103 0.576774 0.595381 0.613877 0.632204 0.650297 0.668086 0.685489 0.702418 0.718776 0.734457 0.749350 0.763337 0.776297 0.788105 0.798641 0.807788 0.815437 0.821495 0.825881 0.828537 0.829427 0.828537 0.825881 0.821495 0.815437 0.807788 0.798641 0.788105 0.776297 0.763337 0.749350 0.734457 0.718776 0.702418 0.685489 0.668086 0.650297 0.632204 0.613877 0.595381 0.576774 0.558103 0.539413 0.520741 0.502119 0.483576 0.465133 0.446812 0.428628 0.410596 0.392726 0.375028 0.357510 0.340176 0.323031 
0.332925 0.350489 0.368267 0.386256 0.404451 0.422848 0.441438 0.460213 0.479160 0.498265 0.517510 0.536873 0.556327 0.575842 0.595381 0.614902 0.634353 0.653678 0.672810 0.691674 0.710184 0.728245 0.745752 0.762589 0.778630 0.793742 0.807788 0.820624 0.832108 0.842103 0.850481 0.857127 0.861946 0.864868 0.865846 0.864868 0.861946 0.857127 0.850481 0.842103 0.832108 0.820624 0.807788 0.793742 0.778630 0.762589 0.745752 0.728245 0.710184 0.691674 0.672810 0.653678 0.634353 0.614902 0.595381 0.575842 0.556327 0.536873 0.517510 0.498265 0.479160 0.460213 0.441438 0.422848 0.404451 0.386256 0.368267 0.350489 0.332925 
0.342533 0.360516 0.378737 0.397196 0.415891 0.434819 0.453973 0.473347 0.492931 0.512712 0.532675 0.552799 0.573061 0.593432 0.613877 0.634353 0.654811 0.675194 0.695432 0.715449 0.735154 0.754445 0.773208 0.791316 0.808630 0.825000 0.840266 0.854264 0.866828 0.877794 0.887009 0.894335 0.899657 0.902886 0.903969 0.902886 0.899657 0.894335 0.887009 0.877794 0.866828 0.854264 0.840266 0.825000 0.808630 0.791316 0.773208 0.754445 0.735154 0.715449 0.695432 0.675194 0.654811 0.634353 0.613877 0.593432 0.573061 0.552799 0.532675 0.512712 0.492931 0.473347 0.453973 0.434819 0.415891 0.397196 0.378737 0.360516 0.342533 
0.351830 0.370228 0.388890 0.407819 0.427014 0.446474 0.466195 0.486173 0.506401 0.526869 0.547564 0.568469 0.589563 0.610819 0.632204 0.653678 0.675194 0.696693 0.718108 0.739358 0.760350 0.780977 0.801114 0.820624 0.839351 0.857127 0.873769 0.889088 0.902886 0.914971 0.925156 0.933273 0.939181 0.942771 0.943975 0.942771 0.939181 0.933273 0.925156 0.914971 0.902886 0.889088 0.873769 0.857127 0.839351 0.820624 0.801114 0.780977 0.760350 0.739358 0.718108 0.696693 0.675194 0.653678 0.632204 0.610819 0.589563 0.568469 0.547564 0.526869 0.506401 0.486173 0.466195 0.446474 0.427014 0.407819 0.388890 0.370228 0.351830 
0.360790 0.379598 0.398697 0.418092 0.437784 0.457775 0.478064 0.498649 0.519526 0.540689 0.562127 0.583828 0.605773 0.627939 0.650297 0.672810 0.695432 0.718108 0.740770 0.763337 0.785714 0.807788 0.829427 0.850481 0.870779 0.890132 0.908331 0.925156 0.940374 0.953753 0.965068 0.974113 0.980711 0.984727 0.986076 0.984727 0.980711 0.974113 0.965068 0.953753 0.940374 0.925156 0.908331 0.890132 0.870779 0.850481 0.829427 0.807788 0.785714 0.763337 0.740770 0.718108 0.695432 0.672810 0.650297 0.627939 0.605773 0.583828 0.562127 0.540689 0.519526 0.498649 0.478064 0.457775 0.437784 0.418092 0.398697 0.379598 0.360790 
0.369386 0.388597 0.408127 0.427982 0.448166 0.468684 0.489538 0.510729 0.532257 0.554118 0.576308 0.598815 0.621628 0.644726 0.668086 0.691674 0.715449 0.739358 0.763337 0.787307 0.811169 0.834808 0.858086 0.880841 0.902886 0.924010 0.943975 0.962524 0.979382 0.994271 1.006914 1.017056 1.024475 1.029000 1.030520 1.029000 1.024475 1.017056 1.006914 0.994271 0.979382 0.962524 0.943975 0.924010 0.902886 0.880841 0.858086 0.834808 0.811169 0.787307 0.763337 0.739358 0.715449 0.691674 0.668086 0.644726 0.621628 0.598815 0.576308 0.554118 0.532257 0.510729 0.489538 0.468684 0.448166 0.427982 0.408127 0.388597 0.369386 
0.377592 0.397196 0.417147 0.437454 0.458122 0.479160 0.500573 0.522366 0.544542 0.567102 0.590045 0.613366 0.637057 0.661104 0.685489 0.710184 0.735154 0.760350 0.785714 0.811169 0.836618 0.861946 0.887009 0.911636 0.935625 0.958739 0.980711 1.001242 1.020006 1.036666 1.050882 1.062334 1.070739 1.075877 1.077606 1.075877 1.070739 1.062334 1.050882 1.036666 1.020006 1.001242 0.980711 0.958739 0.935625 0.911636 0.887009 0.861946 0.836618 0.811169 0.785714 0.760350 0.735154 0.710184 0.685489 0.661104 0.637057 0.613366 0.590045 0.567102 0.544542 0.522366 0.500573 0.479160 0.458122 0.437454 0.417147 0.397196 0.377592 
0.385381 0.405367 0.425728 0.446474 0.467615 0.489163 0.511125 0.533511 0.556327 0.579580 0.603274 0.627409 0.651984 0.676991 0.702418 0.728245 0.754445 0.780977 0.807788 0.834808 0.861946 0.889088 0.916089 0.942771 0.968918 0.994271 1.018528 1.041344 1.062334 1.081088 1.097184 1.110216 1.119820 1.125707 1.127691 1.125707 1.119820 1.110216 1.097184 1.081088 1.062334 1.041344 1.018528 0.994271 0.968918 0.942771 0.916089 0.889088 0.861946 0.834808 0.807788 0.780977 0.754445 0.728245 0.702418 0.676991 0.651984 0.627409 0.603274 0.579580 0.556327 0.533511 0.511125 0.489163 0.467615 0.446474 0.425728 0.405367 0.385381 
0.392726 0.413079 0.433835 0.455006 0.476607 0.498649 0.521147 0.544112 0.567557 0.591493 0.615929 0.640873 0.666329 0.692298 0.718776 0.745752 0.773208 0.801114 0.829427 0.858086 0.887009 0.916089 0.945184 0.974113 1.002652 1.030520 1.057382 1.082842 1.106444 1.127691 1.146055 1.161015 1.172095 1.178912 1.181213 1.178912 1.172095 1.161015 1.146055 1.127691 1.106444 1.082842 1.057382 1.030520 1.002652 0.974113 0.945184 0.916089 0.887009 0.858086 0.829427 0.801114 0.773208 0.745752 0.718776 0.692298 0.666329 0.640873 0.615929 0.591493 0.567557 0.544112 0.521147 0.498649 0.476607 0.455006 0.433835 0.413079 0.392726 
0.399600 0.420304 0.441438 0.463017 0.485058 0.507577 0.530592 0.554118 0.578175 0.602776 0.627939 0.653678 0.680005 0.706929 0.734457 0.762589 0.791316 0.820624 0.850481 0.880841 0.911636 0.942771 0.974113 1.005488 1.036666 1.067354 1.097184 1.125707 1.152390 1.176625 1.197752 1.215095 1.228023 1.236012 1.238715 1.236012 1.228023 1.215095 1.197752 1.176625 1.152390 1.125707 1.097184 1.067354 1.036666 1.005488 0.974113 0.942771 0.911636 0.880841 0.850481 0.820624 0.791316 0.762589 0.734457 0.706929 0.680005 0.653678 0.627939 0.602776 0.578175 0.554118 0.530592 0.507577 0.485058 0.463017 0.441438 0.420304 0.399600 
0.405979 0.427014 0.448505 0.470471 0.492931 0.515904 0.539413 0.563478 0.588121 0.613366 0.639233 0.665745 0.692923 0.720786 0.749350 0.778630 0.808630 0.839351 0.870779 0.902886 0.935625 0.968918 1.002652 1.036666 1.070739 1.104573 1.137777 1.169852 1.200179 1.228023 1.252552 1.272883 1.288160 1.297656 1.300880 1.297656 1.288160 1.272883 1.252552 1.228023 1.200179 1.169852 1.137777 1.104573 1.070739 1.036666 1.002652 0.968918 0.935625 0.902886 0.870779 0.839351 0.808630 0.778630 0.749350 0.720786 0.692923 0.665745 0.639233 0.613366 0.588121 0.563478 0.539413 0.515904 0.492931 0.470471 0.448505 0.427014 0.405979 
0.411836 0.433181 0.455006 0.477335 0.500188 0.523589 0.547564 0.572139 0.597340 0.623196 0.649737 0.676991 0.704990 0.733762 0.763337 0.793742 0.825000 0.857127 0.890132 0.924010 0.958739 0.994271 1.030520 1.067354 1.104573 1.141892 1.178912 1.215095 1.249741 1.281969 1.310732 1.334866 1.353191 1.364670 1.368582 1.364670 1.353191 1.334866 1.310732 1.281969 1.249741 1.215095 1.178912 1.141892 1.104573 1.067354 1.030520 0.994271 0.958739 0.924010 0.890132 0.857127 0.825000 0.793742 0.763337 0.733762 0.704990 0.676991 0.649737 0.623196 0.597340 0.572139 0.547564 0.523589 0.500188 0.477335 0.455006 0.433181 0.411836 
0.417147 0.438778 0.460912 0.483576 0.506793 0.530592 0.555001 0.580050 0.605773 0.632204 0.659378 0.687334 0.716112 0.745752 0.776297 0.807788 0.840266 0.873769 0.908331 0.943975 0.980711 1.018528 1.057382 1.097184 1.137777 1.178912 1.220210 1.261122 1.300880 1.338454 1.372540 1.401592 1.423960 1.438119 1.442972 1.438119 1.423960 1.401592 1.372540 1.338454 1.300880 1.261122 1.220210 1.178912 1.137777 1.097184 1.057382 1.018528 0.980711 0.943975 0.908331 0.873769 0.840266 0.807788 0.776297 0.745752 0.716112 0.687334 0.659378 0.632204 0.605773 0.580050 0.555001 0.530592 0.506793 0.483576 0.460912 0.438778 0.417147 
0.421892 0.443780 0.466195 0.489163 0.512712 0.536873 0.561678 0.587163 0.613366 0.640325 0.668086 0.696693 0.726197 0.756649 0.788105 0.820624 0.854264 0.889088 0.925156 0.962524 1.001242 1.041344 1.082842 1.125707 1.169852 1.215095 1.261122 1.307417 1.353191 1.397289 1.438119 1.473643 1.501512 1.519412 1.525596 1.519412 1.501512 1.473643 1.438119 1.397289 1.353191 1.307417 1.261122 1.215095 1.169852 1.125707 1.082842 1.041344 1.001242 0.962524 0.925156 0.889088 0.854264 0.820624 0.788105 0.756649 0.726197 0.696693 0.668086 0.640325 0.613366 0.587163 0.561678 0.536873 0.512712 0.489163 0.466195 0.443780 0.421892 
0.426049 0.448166 0.470830 0.494068 0.517913 0.542397 0.567557 0.593432 0.620065 0.647502 0.675792 0.704990 0.735154 0.766348 0.798641 0.832108 0.866828 0.902886 0.940374 0.979382 1.020006 1.062334 1.106444 1.152390 1.200179 1.249741 1.300880 1.353191 1.405951 1.457962 1.507373 1.551547 1.587113 1.610443 1.618601 1.610443 1.587113 1.551547 1.507373 1.457962 1.405951 1.353191 1.300880 1.249741 1.200179 1.152390 1.106444 1.062334 1.020006 0.979382 0.940374 0.902886 0.866828 0.832108 0.798641 0.766348 0.735154 0.704990 0.675792 0.647502 0.620065 0.593432 0.567557 0.542397 0.517913 0.494068 0.470830 0.448166 0.426049 
0.429599 0.451914 0.474793 0.498265 0.522366 0.547131 0.572600 0.598815 0.625824 0.653678 0.682433 0.712150 0.742897 0.774749 0.807788 0.842103 0.877794 0.914971 0.953753 0.994271 1.036666 1.081088 1.127691 1.176625 1.228023 1.281969 1.338454 1.397289 1.457962 1.519412 1.579689 1.635551 1.682218 1.713813 1.725071 1.713813 1.682218 1.635551 1.579689 1.519412 1.457962 1.397289 1.338454 1.281969 1.228023 1.176625 1.127691 1.081088 1.036666 0.994271 0.953753 0.914971 0.877794 0.842103 0.807788 0.774749 0.742897 0.712150 0.682433 0.653678 0.625824 0.598815 0.572600 0.547131 0.522366 0.498265 0.474793 0.451914 0.429599 
0.432527 0.455006 0.478064 0.501732 0.526047 0.551047 0.576774 0.603274 0.630599 0.658804 0.687951 0.718108 0.749350 0.781762 0.815437 0.850481 0.887009 0.925156 0.965068 1.006914 1.050882 1.097184 1.146055 1.197752 1.252552 1.310732 1.372540 1.438119 1.507373 1.579689 1.653426 1.725071 1.788182 1.833094 1.849609 1.833094 1.788182 1.725071 1.653426 1.579689 1.507373 1.438119 1.372540 1.310732 1.252552 1.197752 1.146055 1.097184 1.050882 1.006914 0.965068 0.925156 0.887009 0.850481 0.815437 0.781762 0.749350 0.718108 0.687951 0.658804 0.630599 0.603274 0.576774 0.551047 0.526047 0.501732 0.478064 0.455006 0.432527 
0.434819 0.457428 0.480627 0.504449 0.528933 0.554118 0.580050 0.606777 0.634353 0.662838 0.692298 0.722806 0.754445 0.787307 0.821495 0.857127 0.894335 0.933273 0.974113 1.017056 1.062334 1.110216 1.161015 1.215095 1.272883 1.334866 1.401592 1.473643 1.551547 1.635551 1.725071 1.817403 1.905145 1.972892 1.999282 1.972892 1.905145 1.817403 1.725071 1.635551 1.551547 1.473643 1.401592 1.334866 1.272883 1.215095 1.161015 1.110216 1.062334 1.017056 0.974113 0.933273 0.894335 0.857127 0.821495 0.787307 0.754445 0.722806 0.692298 0.662838 0.634353 0.606777 0.580050 0.554118 0.528933 0.504449 0.480627 0.457428 0.434819 
0.436464 0.459166 0.482467 0.506401 0.531007 0.556327 0.582407 0.609298 0.637057 0.665745 0.695432 0.726197 0.758125 0.791316 0.825881 0.861946 0.899657 0.939181 0.980711 1.024475 1.070739 1.119820 1.172095 1.228023 1.288160 1.353191 1.423960 1.501512 1.587113 1.682218 1.788182 1.905145 2.028198 2.136888 2.184382 2.136888 2.028198 1.905145 1.788182 1.682218 1.587113 1.501512 1.423960 1.353191 1.288160 1.228023 1.172095 1.119820 1.070739 1.024475 0.980711 0.939181 0.899657 0.861946 0.825881 0.791316 0.758125 0.726197 0.695432 0.665745 0.637057 0.609298 0.582407 0.556327 0.531007 0.506401 0.482467 0.459166 0.436464 
0.437454 0.460213 0.483576 0.507577 0.532257 0.557658 0.583828 0.610819 0.638688 0.667499 0.697325 0.728245 0.760350 0.793742 0.828537 0.864868 0.902886 0.942771 0.984727 1.029000 1.075877 1.125707 1.178912 1.236012 1.297656 1.364670 1.438119 1.519412 1.610443 1.713813 1.833094 1.972892 2.136888 2.312650 2.409138 2.312650 2.136888 1.972892 1.833094 1.713813 1.610443 1.519412 1.438119 1.364670 1.297656 1.236012 1.178912 1.125707 1.075877 1.029000 0.984727 0.942771 0.902886 0.864868 0.828537 0.793742 0.760350 0.728245 0.697325 0.667499 0.638688 0.610819 0.583828 0.557658 0.532257 0.507577 0.483576 0.460213 0.437454 
0.437784 0.460562 0.483946 0.507970 0.532675 0.558103 0.584303 0.611327 0.639233 0.668086 0.697958 0.728931 0.761095 0.794554 0.829427 0.865846 0.903969 0.943975 0.986076 1.030520 1.077606 1.127691 1.181213 1.238715 1.300880 1.368582 1.442972 1.525596 1.618601 1.725071 1.849609 1.999282 2.184382 2.409138 2.562190 2.409138 2.184382 1.999282 1.849609 1.725071 1.618601 1.525596 1.442972 1.368582 1.300880 1.238715 1.181213 1.127691 1.077606 1.030520 0.986076 0.943975 0.903969 0.865846 0.829427 0.794554 0.761095 0.728931 0.697958 0.668086 0.639233 0.611327 0.584303 0.558103 0.532675 0.507970 0.483946 0.460562 0.437784 
0.437784 0.460562 0.483946 0.507970 0.532674 0.558103 0.584303 0.611327 0.639233 0.668086 0.697958 0.728931 0.761095 0.794554 0.829427 0.865846 0.903969 0.943975 0.986076 1.030520 1.077605 1.127691 1.181213 1.238715 1.300879 1.368582 1.442972 1.525596 1.618600 1.725070 1.849607 1.999279 2.184376 2.409124 2.562166 2.409124 2.184376 1.999279 1.849607 1.725070 1.618600 1.525596 1.442972 1.368582 1.300879 1.238715 1.181213 1.127691 1.077605 1.030520 0.986076 0.943975 0.903969 0.865846 0.829427 0.794554 0.761095 0.728931 0.697958 0.668086 0.639233 0.611327 0.584303 0.558103 0.532674 0.507970 0.483946 0.460562 0.437784 
0.437784 0.460562 0.483945 0.507970 0.532674 0.558103 0.584303 0.611326 0.639232 0.668085 0.697958 0.728930 0.761095 0.794554 0.829426 0.865846 0.903969 0.943975 0.986075 1.030519 1.077605 1.127690 1.181212 1.238714 1.300878 1.368581 1.442970 1.525594 1.618598 1.725066 1.849601 1.999270 2.184358 2.409084 2.562094 2.409084 2.184358 1.999270 1.849601 1.725066 1.618598 1.525594 1.442970 1.368581 1.300878 1.238714 1.181212 1.127690 1.077605 1.030519 0.986075 0.943975 0.903969 0.865846 0.829426 0.794554 0.761095 0.728930 0.697958 0.668085 0.639232 0.611326 0.584303 0.558103 0.532674 0.507970 0.483945 0.460562 0.437784 
0.437439 0.460198 0.483559 0.507560 0.532239 0.557639 0.583807 0.610797 0.638664 0.667474 0.697298 0.728216 0.760318 0.793707 0.828499 0.864825 0.902840 0.942719 0.984669 1.028934 1.075802 1.125621 1.178812 1.235895 1.297517 1.364501 1.437910 1.519145 1.610093 1.713333 1.832396 1.971796 2.134991 2.309139 2.404147 2.309139 2.134991 1.971796 1.832396 1.713333 1.610093 1.519145 1.437910 1.364501 1.297517 1.235895 1.178812 1.125621 1.075802 1.028934 0.984669 0.942719 0.902840 0.864825 0.828499 0.793707 0.760318 0.728216 0.697298 0.667474 0.638664 0.610797 0.583807 0.557639 0.532239 0.507560 0.483559 0.460198 0.437439 
0.436435 0.459136 0.482435 0.506368 0.530971 0.556289 0.582366 0.609254 0.637010 0.665694 0.695378 0.726138 0.758061 0.791247 0.825805 0.861862 0.899564 0.939078 0.980596 1.024346 1.070592 1.119652 1.171901 1.227795 1.287890 1.352866 1.423561 1.501010 1.586465 1.681352 1.786978 1.903398 2.025586 2.133126 2.179955 2.133126 2.025586 1.903398 1.786978 1.681352 1.586465 1.501010 1.423561 1.352866 1.287890 1.227795 1.171901 1.119652 1.070592 1.024346 0.980596 0.939078 0.899564 0.861862 0.825805 0.791247 0.758061 0.726138 0.695378 0.665694 0.637010 0.609254 0.582366 0.556289 0.530971 0.506368 0.482435 0.459136 0.436435 
0.434776 0.457383 0.480579 0.504399 0.528880 0.554061 0.579989 0.606712 0.634283 0.662763 0.692217 0.722719 0.754350 0.787203 0.821382 0.857003 0.894199 0.933121 0.973944 1.016866 1.062119 1.109971 1.160732 1.214767 1.272496 1.334404 1.401032 1.472952 1.550675 1.634428 1.723592 1.815428 1.902533 1.969638 1.995735 1.969638 1.902533 1.815428 1.723592 1.634428 1.550675 1.472952 1.401032 1.334404 1.272496 1.214767 1.160732 1.109971 1.062119 1.016866 0.973944 0.933121 0.894199 0.857003 0.821382 0.787203 0.754350 0.722719 0.692217 0.662763 0.634283 0.606712 0.579989 0.554061 0.528880 0.504399 0.480579 0.457383 0.434776 
0.432471 0.454947 0.478001 0.501666 0.525976 0.550971 0.576693 0.603188 0.630507 0.658705 0.687845 0.717993 0.749226 0.781627 0.815289 0.850318 0.886831 0.924958 0.964848 1.006668 1.050605 1.096869 1.145694 1.197335 1.252066 1.310159 1.371854 1.437289 1.506356 1.578425 1.651846 1.723102 1.785785 1.830332 1.846699 1.830332 1.785785 1.723102 1.651846 1.578425 1.506356 1.437289 1.371854 1.310159 1.252066 1.197335 1.145694 1.096869 1.050605 1.006668 0.964848 0.924958 0.886831 0.850318 0.815289 0.781627 0.749226 0.717993 0.687845 0.658705 0.630507 0.603188 0.576693 0.550971 0.525976 0.501666 0.478001 0.454947 0.432471 
0.429529 0.451840 0.474715 0.498183 0.522279 0.547038 0.572501 0.598709 0.625711 0.653556 0.682302 0.712009 0.742744 0.774583 0.807607 0.841905 0.877576 0.914730 0.953486 0.993974 1.036332 1.080711 1.127263 1.176135 1.227456 1.281309 1.337678 1.396369 1.456863 1.518094 1.578111 1.633683 1.680063 1.711439 1.722613 1.711439 1.680063 1.633683 1.578111 1.518094 1.456863 1.396369 1.337678 1.281309 1.227456 1.176135 1.127263 1.080711 1.036332 0.993974 0.953486 0.914730 0.877576 0.841905 0.807607 0.774583 0.742744 0.712009 0.682302 0.653556 0.625711 0.598709 0.572501 0.547038 0.522279 0.498183 0.474715 0.451840 0.429529 
0.425966 0.448078 0.470737 0.493970 0.517809 0.542286 0.567439 0.593307 0.619931 0.647358 0.675637 0.704823 0.734974 0.766153 0.798429 0.831876 0.866574 0.902607 0.940065 0.979040 1.019624 1.061905 1.105960 1.151840 1.199550 1.249018 1.300044 1.352220 1.404819 1.456644 1.505849 1.549808 1.585179 1.608368 1.616474 1.608368 1.585179 1.549808 1.505849 1.456644 1.404819 1.352220 1.300044 1.249018 1.199550 1.151840 1.105960 1.061905 1.019624 0.979040 0.940065 0.902607 0.866574 0.831876 0.798429 0.766153 0.734974 0.704823 0.675637 0.647358 0.619931 0.593307 0.567439 0.542286 0.517809 0.493970 0.470737 0.448078 0.425966 
0.421796 0.443679 0.466088 0.489050 0.512592 0.536746 0.561543 0.587019 0.613212 0.640160 0.667909 0.696503 0.725991 0.756427 0.787864 0.820361 0.853978 0.888774 0.924810 0.962142 1.000818 1.040871 1.082312 1.125111 1.169178 1.214331 1.260252 1.306424 1.352058 1.396002 1.436670 1.472035 1.499766 1.517570 1.523721 1.517570 1.499766 1.472035 1.436670 1.396002 1.352058 1.306424 1.260252 1.214331 1.169178 1.125111 1.082312 1.040871 1.000818 0.962142 0.924810 0.888774 0.853978 0.820361 0.787864 0.756427 0.725991 0.696503 0.667909 0.640160 0.613212 0.587019 0.561543 0.536746 0.512592 0.489050 0.466088 0.443679 0.421796 
0.417039 0.438663 0.460792 0.483448 0.506658 0.530449 0.554849 0.579888 0.605600 0.632019 0.659180 0.687122 0.715883 0.745506 0.776030 0.807498 0.839951 0.873425 0.907954 0.943560 0.980253 1.018021 1.056818 1.096555 1.137073 1.178123 1.219324 1.260128 1.299766 1.337214 1.371172 1.400104 1.422372 1.436464 1.441293 1.436464 1.422372 1.400104 1.371172 1.337214 1.299766 1.260128 1.219324 1.178123 1.137073 1.096555 1.056818 1.018021 0.980253 0.943560 0.907954 0.873425 0.839951 0.807498 0.776030 0.745506 0.715883 0.687122 0.659180 0.632019 0.605600 0.579888 0.554849 0.530449 0.506658 0.483448 0.460792 0.438663 0.417039 
0.411715 0.433054 0.454873 0.477194 0.500039 0.523431 0.547397 0.571960 0.597150 0.622993 0.649520 0.676758 0.704740 0.733493 0.763047 0.793428 0.824659 0.856756 0.889727 0.923567 0.958254 0.993736 1.029930 1.066702 1.103851 1.141092 1.178024 1.214113 1.248658 1.280783 1.309445 1.333486 1.351736 1.363166 1.367062 1.363166 1.351736 1.333486 1.309445 1.280783 1.248658 1.214113 1.178024 1.141092 1.103851 1.066702 1.029930 0.993736 0.958254 0.923567 0.889727 0.856756 0.824659 0.793428 0.763047 0.733493 0.704740 0.676758 0.649520 0.622993 0.597150 0.571960 0.547397 0.523431 0.500039 0.477194 0.454873 0.433054 0.411715 
0.405847 0.426875 0.448359 0.470317 0.492768 0.515732 0.539230 0.563284 0.587915 0.613146 0.638998 0.665494 0.692654 0.720497 0.749039 0.778294 0.808267 0.838958 0.870352 0.902422 0.935118 0.968363 1.002044 1.036000 1.070008 1.103771 1.136898 1.168890 1.199132 1.226892 1.251340 1.271599 1.286819 1.296278 1.299489 1.296278 1.286819 1.271599 1.251340 1.226892 1.199132 1.168890 1.136898 1.103771 1.070008 1.036000 1.002044 0.968363 0.935118 0.902422 0.870352 0.838958 0.808267 0.778294 0.749039 0.720497 0.692654 0.665494 0.638998 0.613146 0.587915 0.563284 0.539230 0.515732 0.492768 0.470317 0.448359 0.426875 0.405847 
0.399458 0.420155 0.441280 0.462851 0.484882 0.507391 0.530395 0.553910 0.577953 0.602541 0.627688 0.653410 0.679719 0.706623 0.734128 0.762235 0.790935 0.820212 0.850035 0.880359 0.911113 0.942202 0.973495 1.004815 1.035933 1.066557 1.096320 1.124772 1.151383 1.175548 1.196609 1.213896 1.226779 1.234739 1.237433 1.234739 1.226779 1.213896 1.196609 1.175548 1.151383 1.124772 1.096320 1.066557 1.035933 1.004815 0.973495 0.942202 0.911113 0.880359 0.850035 0.820212 0.790935 0.762235 0.734128 0.706623 0.679719 0.653410 0.627688 0.602541 0.577953 0.553910 0.530395 0.507391 0.484882 0.462851 0.441280 0.420155 0.399458 
0.392573 0.412919 0.433666 0.454828 0.476419 0.498451 0.520937 0.543890 0.567322 0.591243 0.615664 0.640590 0.666027 0.691975 0.718431 0.745382 0.772811 0.800687 0.828967 0.857590 0.886475 0.915511 0.944559 0.973438 1.001923 1.029734 1.056537 1.081935 1.105477 1.126665 1.144975 1.159890 1.170935 1.177730 1.180023 1.177730 1.170935 1.159890 1.144975 1.126665 1.105477 1.081935 1.056537 1.029734 1.001923 0.973438 0.944559 0.915511 0.886475 0.857590 0.828967 0.800687 0.772811 0.745382 0.718431 0.691975 0.666027 0.640590 0.615664 0.591243 0.567322 0.543890 0.520937 0.498451 0.476419 0.454828 0.433666 0.412919 0.392573 
0.385218 0.405196 0.425548 0.446285 0.467417 0.488953 0.510904 0.533277 0.556080 0.579318 0.602996 0.627113 0.651669 0.676655 0.702060 0.727863 0.754035 0.780538 0.807317 0.834303 0.861404 0.888506 0.915463 0.942099 0.968197 0.993499 1.017704 1.040467 1.061406 1.080111 1.096163 1.109157 1.118733 1.124602 1.126580 1.124602 1.118733 1.109157 1.096163 1.080111 1.061406 1.040467 1.017704 0.993499 0.968197 0.942099 0.915463 0.888506 0.861404 0.834303 0.807317 0.780538 0.754035 0.727863 0.702060 0.676655 0.651669 0.627113 0.602996 0.579318 0.556080 0.533277 0.510904 0.488953 0.467417 0.446285 0.425548 0.405196 0.385218 
0.377420 0.397016 0.416958 0.437255 0.457913 0.478940 0.500341 0.522121 0.544283 0.566828 0.589754 0.613058 0.636730 0.660757 0.685120 0.709791 0.734734 0.759903 0.785236 0.810658 0.836072 0.861362 0.886386 0.910971 0.934915 0.957984 0.979910 1.000395 1.019115 1.035734 1.049914 1.061335 1.069717 1.074840 1.076564 1.074840 1.069717 1.061335 1.049914 1.035734 1.019115 1.000395 0.979910 0.957984 0.934915 0.910971 0.886386 0.861362 0.836072 0.810658 0.785236 0.759903 0.734734 0.709791 0.685120 0.660757 0.636730 0.613058 0.589754 0.566828 0.544283 0.522121 0.500341 0.478940 0.457913 0.437255 0.416958 0.397016 0.377420 
0.369206 0.388408 0.407928 0.427773 0.447947 0.468454 0.489296 0.510474 0.531988 0.553834 0.576007 0.598497 0.621291 0.644369 0.667707 0.691272 0.715021 0.738904 0.762854 0.786792 0.810621 0.834225 0.857467 0.880184 0.902190 0.923273 0.943198 0.961707 0.978527 0.993381 1.005993 1.016110 1.023510 1.028022 1.029538 1.028022 1.023510 1.016110 1.005993 0.993381 0.978527 0.961707 0.943198 0.923273 0.902190 0.880184 0.857467 0.834225 0.810621 0.786792 0.762854 0.738904 0.715021 0.691272 0.667707 0.644369 0.621291 0.598497 0.576007 0.553834 0.531988 0.510474 0.489296 0.468454 0.447947 0.427773 0.407928 0.388408 0.369206 
0.360601 0.379400 0.398490 0.417875 0.437557 0.457536 0.477813 0.498385 0.519248 0.540396 0.561818 0.583502 0.605428 0.627575 0.649911 0.672401 0.694999 0.717649 0.740284 0.762822 0.785168 0.807209 0.828814 0.849833 0.870096 0.889413 0.907577 0.924367 0.939552 0.952902 0.964191 0.973214 0.979796 0.983802 0.985147 0.983802 0.979796 0.973214 0.964191 0.952902 0.939552 0.924367 0.907577 0.889413 0.870096 0.849833 0.828814 0.807209 0.785168 0.762822 0.740284 0.717649 0.694999 0.672401 0.649911 0.627575 0.605428 0.583502 0.561818 0.540396 0.519248 0.498385 0.477813 0.457536 0.437557 0.417875 0.398490 0.379400 0.360601 
0.351634 0.370023 0.388676 0.407594 0.426779 0.446227 0.465936 0.485901 0.506115 0.526569 0.547248 0.568136 0.589211 0.610447 0.631812 0.653264 0.674757 0.696232 0.717621 0.738843 0.759807 0.780403 0.800510 0.819988 0.838683 0.856427 0.873038 0.888327 0.902097 0.914155 0.924318 0.932417 0.938311 0.941893 0.943094 0.941893 0.938311 0.932417 0.924318 0.914155 0.902097 0.888327 0.873038 0.856427 0.838683 0.819988 0.800510 0.780403 0.759807 0.738843 0.717621 0.696232 0.674757 0.653264 0.631812 0.610447 0.589211 0.568136 0.547248 0.526569 0.506115 0.485901 0.465936 0.446227 0.426779 0.407594 0.388676 0.370023 0.351634 
0.342330 0.360303 0.378515 0.396964 0.415649 0.434565 0.453707 0.473068 0.492638 0.512404 0.532351 0.552459 0.572704 0.593056 0.613481 0.633936 0.654372 0.674731 0.694945 0.714936 0.734614 0.753878 0.772613 0.790693 0.807978 0.824319 0.839557 0.853529 0.866068 0.877012 0.886208 0.893518 0.898828 0.902050 0.903131 0.902050 0.898828 0.893518 0.886208 0.877012 0.866068 0.853529 0.839557 0.824319 0.807978 0.790693 0.772613 0.753878 0.734614 0.714936 0.694945 0.674731 0.654372 0.633936 0.613481 0.593056 0.572704 0.552459 0.532351 0.512404 0.492638 0.473068 0.453707 0.434565 0.415649 0.396964 0.378515 0.360303 0.342330 
0.332715 0.350271 0.368039 0.386017 0.404202 0.422587 0.441166 0.459928 0.478861 0.497952 0.517182 0.536528 0.555965 0.575462 0.594982 0.614483 0.633913 0.653216 0.672325 0.691165 0.709650 0.727686 0.745167 0.761978 0.777993 0.793080 0.807101 0.819913 0.831376 0.841351 0.849712 0.856345 0.861154 0.864070 0.865046 0.864070 0.861154 0.856345 0.849712 0.841351 0.831376 0.819913 0.807101 0.793080 0.777993 0.761978 0.745167 0.727686 0.709650 0.691165 0.672325 0.653216 0.633913 0.614483 0.594982 0.575462 0.555965 0.536528 0.517182 0.497952 0.478861 0.459928 0.441166 0.422587 0.404202 0.386017 0.368039 0.350271 0.332715 
0.322815 0.339951 0.357275 0.374784 0.392471 0.410329 0.428350 0.446521 0.464829 0.483257 0.501786 0.520392 0.539048 0.557720 0.576373 0.594962 0.613437 0.631743 0.649815 0.667581 0.684961 0.701867 0.718201 0.733859 0.748729 0.762693 0.775630 0.787418 0.797935 0.807065 0.814700 0.820745 0.825123 0.827774 0.828661 0.827774 0.825123 0.820745 0.814700 0.807065 0.797935 0.787418 0.775630 0.762693 0.748729 0.733859 0.718201 0.701867 0.684961 0.667581 0.649815 0.631743 0.613437 0.594962 0.576373 0.557720 0.539048 0.520392 0.501786 0.483257 0.464829 0.446521 0.428350 0.410329 0.392471 0.374784 0.357275 0.339951 0.322815 
0.312654 0.329371 0.346253 0.363294 0.380488 0.397825 0.415295 0.432885 0.450580 0.468362 0.486209 0.504098 0.521999 0.539879 0.557701 0.575422 0.592994 0.610360 0.627461 0.644227 0.660584 0.676449 0.691734 0.706344 0.720179 0.733135 0.745106 0.755984 0.765666 0.774053 0.781053 0.786587 0.790589 0.793010 0.793821 0.793010 0.790589 0.786587 0.781053 0.774053 0.765666 0.755984 0.745106 0.733135 0.720179 0.706344 0.691734 0.676449 0.660584 0.644227 0.627461 0.610360 0.592994 0.575422 0.557701 0.539879 0.521999 0.504098 0.486209 0.468362 0.450580 0.432885 0.415295 0.397825 0.380488 0.363294 0.346253 0.329371 0.312654 
0.302256 0.318555 0.334998 0.351576 0.368282 0.385106 0.402035 0.419056 0.436152 0.453304 0.470490 0.487685 0.504860 0.521981 0.539011 0.555908 0.572625 0.589108 0.605299 0.621134 0.636544 0.651451 0.665776 0.679433 0.692331 0.704380 0.715484 0.725553 0.734495 0.742225 0.748667 0.753752 0.757426 0.759647 0.760391 0.759647 0.757426 0.753752 0.748667 0.742225 0.734495 0.725553 0.715484 0.704380 0.692331 0.679433 0.665776 0.651451 0.636544 0.621134 0.605299 0.589108 0.572625 0.555908 0.539011 0.521981 0.504860 0.487685 0.470490 0.453304 0.436152 0.419056 0.402035 0.385106 0.368282 0.351576 0.334998 0.318555 0.302256 
0.291643 0.307528 0.323535 0.339657 0.355882 0.372201 0.388600 0.405065 0.421578 0.438119 0.454665 0.471192 0.487669 0.504064 0.520340 0.536456 0.552365 0.568018 0.583359 0.598328 0.612860 0.626886 0.640331 0.653119 0.665168 0.676397 0.686725 0.696069 0.704352 0.711501 0.717449 0.722139 0.725524 0.727569 0.728253 0.727569 0.725524 0.722139 0.717449 0.711501 0.704352 0.696069 0.686725 0.676397 0.665168 0.653119 0.640331 0.626886 0.612860 0.598328 0.583359 0.568018 0.552365 0.536456 0.520340 0.504064 0.487669 0.471192 0.454665 0.438119 0.421578 0.405065 0.388600 0.372201 0.355882 0.339657 0.323535 0.307528 0.291643 
0.280837 0.296312 0.311890 0.327560 0.343314 0.359138 0.375019 0.390942 0.406888 0.422837 0.438767 0.454651 0.470460 0.486161 0.501720 0.517095 0.532244 0.547117 0.561664 0.575827 0.589547 0.602760 0.615399 0.627392 0.638670 0.649159 0.658786 0.667480 0.675174 0.681805 0.687314 0.691654 0.694783 0.696673 0.697305 0.696673 0.694783 0.691654 0.687314 0.681805 0.675174 0.667480 0.658786 0.649159 0.638670 0.627392 0.615399 0.602760 0.589547 0.575827 0.561664 0.547117 0.532244 0.517095 0.501720 0.486161 0.470460 0.454651 0.438767 0.422837 0.406888 0.390942 0.375019 0.359138 0.343314 0.327560 0.311890 0.296312 0.280837 
0.269858 0.284929 0.300083 0.315311 0.330602 0.345942 0.361319 0.376714 0.392111 0.407489 0.422824 0.438090 0.453260 0.468301 0.483178 0.497853 0.512285 0.526427 0.540231 0.553645 0.566613 0.579076 0.590973 0.602242 0.612817 0.622633 0.631628 0.639738 0.646903 0.653070 0.658188 0.662216 0.665118 0.666870 0.667455 0.666870 0.665118 0.662216 0.658188 0.653070 0.646903 0.639738 0.631628 0.622633 0.612817 0.602242 0.590973 0.579076 0.566613 0.553645 0.540231 0.526427 0.512285 0.497853 0.483178 0.468301 0.453260 0.438090 0.422824 0.407489 0.392111 0.376714 0.361319 0.345942 0.330602 0.315311 0.300083 0.284929 0.269858 
0.258725 0.273399 0.288137 0.302931 0.317769 0.332638 0.347523 0.362408 0.377273 0.392099 0.406862 0.421537 0.436095 0.450507 0.464738 0.478751 0.492508 0.505964 0.519075 0.531791 0.544061 0.555832 0.567048 0.577652 0.587586 0.596792 0.605213 0.612795 0.619485 0.625235 0.630003 0.633751 0.636450 0.638079 0.638623 0.638079 0.636450 0.633751 0.630003 0.625235 0.619485 0.612795 0.605213 0.596792 0.587586 0.577652 0.567048 0.555832 0.544061 0.531791 0.519075 0.505964 0.492508 0.478751 0.464738 0.450507 0.436095 0.421537 0.406862 0.392099 0.377273 0.362408 0.347523 0.332638 0.317769 0.302931 0.288137 0.273399 0.258725 
0.247459 0.261740 0.276072 0.290441 0.304837 0.319247 0.333655 0.348044 0.362396 0.376690 0.390904 0.405012 0.418988 0.432801 0.446419 0.459808 0.472928 0.485741 0.498204 0.510270 0.521894 0.533025 0.543613 0.553607 0.562955 0.571604 0.579505 0.586608 0.592869 0.598244 0.602696 0.606194 0.608711 0.610229 0.610737 0.610229 0.608711 0.606194 0.602696 0.598244 0.592869 0.586608 0.579505 0.571604 0.562955 0.553607 0.543613 0.533025 0.521894 0.510270 0.498204 0.485741 0.472928 0.459808 0.446419 0.432801 0.418988 0.405012 0.390904 0.376690 0.362396 0.348044 0.333655 0.319247 0.304837 0.290441 0.276072 0.261740 0.247459 
0.236074 0.249972 0.263905 0.277860 0.291826 0.305789 0.319733 0.333644 0.347500 0.361283 0.374970 0.388537 0.401957 0.415201 0.428239 0.441037 0.453559 0.465768 0.477625 0.489086 0.500109 0.510649 0.520658 0.530092 0.538902 0.547043 0.554469 0.561138 0.567009 0.572045 0.576213 0.579485 0.581838 0.583257 0.583731 0.583257 0.581838 0.579485 0.576213 0.572045 0.567009 0.561138 0.554469 0.547043 0.538902 0.530092 0.520658 0.510649 0.500109 0.489086 0.477625 0.465768 0.453559 0.441037 0.428239 0.415201 0.401957 0.388537 0.374970 0.361283 0.347500 0.333644 0.319733 0.305789 0.291826 0.277860 0.263905 0.249972 0.236074 
