75 75
1.799010e+01 0 5
0.381825 0.392838 0.403839 0.414819 0.425769 0.436679 0.447538 0.458334 0.469055 0.479688 0.490218 0.500630 0.510908 0.521035 0.530993 0.540764 0.550328 0.559663 0.568749 0.577564 0.586085 0.594290 0.602153 0.609653 0.616765 0.623465 0.629731 0.635540 0.640869 0.645700 0.650012 0.653787 0.657010 0.659667 0.661745 0.663237 0.664135 0.664434 0.664135 0.663237 0.661745 0.659667 0.657010 0.653787 0.650012 0.645700 0.640869 0.635540 0.629731 0.623465 0.616765 0.609653 0.602153 0.594290 0.586085 0.577564 0.568749 0.559663 0.550328 0.540764 0.530993 0.521035 0.510908 0.500630 0.490218 0.479688 0.469055 0.458334 0.447538 0.436679 0.425769 0.414819 0.403839 0.392838 0.381825 
0.392227 0.403525 0.414819 0.426101 0.437360 0.448587 0.459771 0.470901 0.481962 0.492942 0.503826 0.514599 0.525243 0.535741 0.546074 0.556222 0.566166 0.575882 0.585348 0.594541 0.603436 0.612009 0.620235 0.628087 0.635540 0.642568 0.649146 0.655249 0.660853 0.665936 0.670476 0.674453 0.677850 0.680652 0.682845 0.684419 0.685366 0.685682 0.685366 0.684419 0.682845 0.680652 0.677850 0.674453 0.670476 0.665936 0.660853 0.655249 0.649146 0.642568 0.635540 0.628087 0.620235 0.612009 0.603436 0.594541 0.585348 0.575882 0.566166 0.556222 0.546074 0.535741 0.525243 0.514599 0.503826 0.492942 0.481962 0.470901 0.459771 0.448587 0.437360 0.426101 0.414819 0.403525 0.392227 
0.402585 0.414175 0.425769 0.437360 0.448938 0.460492 0.472012 0.483485 0.494899 0.506240 0.517493 0.528641 0.539667 0.550553 0.561279 0.571824 0.582168 0.592285 0.602153 0.611747 0.621040 0.630005 0.638617 0.646845 0.654663 0.662043 0.668957 0.675377 0.681277 0.686633 0.691420 0.695616 0.699202 0.702161 0.704478 0.706141 0.707142 0.707477 0.707142 0.706141 0.704478 0.702161 0.699202 0.695616 0.691420 0.686633 0.681277 0.675377 0.668957 0.662043 0.654663 0.646845 0.638617 0.630005 0.621040 0.611747 0.602153 0.592285 0.582168 0.571824 0.561279 0.550553 0.539667 0.528641 0.517493 0.506240 0.494899 0.483485 0.472012 0.460492 0.448938 0.437360 0.425769 0.414175 0.402585 
0.412889 0.424777 0.436679 0.448587 0.460492 0.472383 0.484249 0.496078 0.507858 0.519573 0.531208 0.542747 0.554172 0.565464 0.576602 0.587565 0.598329 0.608870 0.619164 0.629182 0.638897 0.648281 0.657304 0.665936 0.674146 0.681904 0.689178 0.695941 0.702161 0.707811 0.712866 0.717300 0.721091 0.724221 0.726673 0.728434 0.729494 0.729848 0.729494 0.728434 0.726673 0.724221 0.721091 0.717300 0.712866 0.707811 0.702161 0.695941 0.689178 0.681904 0.674146 0.665936 0.657304 0.648281 0.638897 0.629182 0.619164 0.608870 0.598329 0.587565 0.576602 0.565464 0.554172 0.542747 0.531208 0.519573 0.507858 0.496078 0.484249 0.472383 0.460492 0.448587 0.436679 0.424777 0.412889 
0.423128 0.435321 0.447538 0.459771 0.472012 0.484249 0.496472 0.508669 0.520826 0.532929 0.544962 0.556908 0.568749 0.580465 0.592035 0.603436 0.614644 0.625633 0.636376 0.646845 0.657010 0.666840 0.676303 0.685366 0.693997 0.702161 0.709825 0.716957 0.723523 0.729494 0.734839 0.739532 0.743547 0.746864 0.749463 0.751330 0.752455 0.752830 0.752455 0.751330 0.749463 0.746864 0.743547 0.739532 0.734839 0.729494 0.723523 0.716957 0.709825 0.702161 0.693997 0.685366 0.676303 0.666840 0.657010 0.646845 0.636376 0.625633 0.614644 0.603436 0.592035 0.580465 0.568749 0.556908 0.544962 0.532929 0.520826 0.508669 0.496472 0.484249 0.472012 0.459771 0.447538 0.435321 0.423128 
0.433291 0.445795 0.458334 0.470901 0.483485 0.496078 0.508669 0.521244 0.533792 0.546297 0.558743 0.571113 0.583388 0.595547 0.607570 0.619431 0.631106 0.642568 0.653787 0.664734 0.675377 0.685682 0.695616 0.705142 0.714225 0.722827 0.730912 0.738444 0.745386 0.751704 0.757366 0.762341 0.766601 0.770121 0.772881 0.774865 0.776061 0.776460 0.776061 0.774865 0.772881 0.770121 0.766601 0.762341 0.757366 0.751704 0.745386 0.738444 0.730912 0.722827 0.714225 0.705142 0.695616 0.685682 0.675377 0.664734 0.653787 0.642568 0.631106 0.619431 0.607570 0.595547 0.583388 0.571113 0.558743 0.546297 0.533792 0.521244 0.508669 0.496078 0.483485 0.470901 0.458334 0.445795 0.433291 
0.443367 0.456188 0.469055 0.481962 0.494899 0.507858 0.520826 0.533792 0.546743 0.559663 0.572537 0.585348 0.598075 0.610698 0.623195 0.635540 0.647706 0.659667 0.671390 0.682845 0.693997 0.704810 0.715247 0.725270 0.734839 0.743914 0.752455 0.760420 0.767770 0.774468 0.780475 0.785758 0.790285 0.794030 0.796967 0.799079 0.800352 0.800777 0.800352 0.799079 0.796967 0.794030 0.790285 0.785758 0.780475 0.774468 0.767770 0.760420 0.752455 0.743914 0.734839 0.725270 0.715247 0.704810 0.693997 0.682845 0.671390 0.659667 0.647706 0.635540 0.623195 0.610698 0.598075 0.585348 0.572537 0.559663 0.546743 0.533792 0.520826 0.507858 0.494899 0.481962 0.469055 0.456188 0.443367 
0.453343 0.466486 0.479688 0.492942 0.506240 0.519573 0.532929 0.546297 0.559663 0.573013 0.586332 0.599600 0.612798 0.625905 0.638897 0.651750 0.664434 0.676921 0.689178 0.701172 0.712866 0.724221 0.735198 0.745755 0.755848 0.765434 0.774468 0.782904 0.790700 0.797810 0.804196 0.809817 0.814638 0.818628 0.821761 0.824014 0.825372 0.825826 0.825372 0.824014 0.821761 0.818628 0.814638 0.809817 0.804196 0.797810 0.790700 0.782904 0.774468 0.765434 0.755848 0.745755 0.735198 0.724221 0.712866 0.701172 0.689178 0.676921 0.664434 0.651750 0.638897 0.625905 0.612798 0.599600 0.586332 0.573013 0.559663 0.546297 0.532929 0.519573 0.506240 0.492942 0.479688 0.466486 0.453343 
0.463205 0.476675 0.490218 0.503826 0.517493 0.531208 0.544962 0.558743 0.572537 0.586332 0.600109 0.613852 0.627540 0.641152 0.654663 0.668048 0.681277 0.694320 0.707142 0.719708 0.731979 0.743914 0.755470 0.766601 0.777260 0.787398 0.796967 0.805917 0.814197 0.821761 0.828561 0.834553 0.839699 0.843960 0.847308 0.849718 0.851171 0.851656 0.851171 0.849718 0.847308 0.843960 0.839699 0.834553 0.828561 0.821761 0.814197 0.805917 0.796967 0.787398 0.777260 0.766601 0.755470 0.743914 0.731979 0.719708 0.707142 0.694320 0.681277 0.668048 0.654663 0.641152 0.627540 0.613852 0.600109 0.586332 0.572537 0.558743 0.544962 0.531208 0.517493 0.503826 0.490218 0.476675 0.463205 
0.472940 0.486741 0.500630 0.514599 0.528641 0.542747 0.556908 0.571113 0.585348 0.599600 0.613852 0.628087 0.642284 0.656422 0.670476 0.684419 0.698221 0.711850 0.725270 0.738444 0.751330 0.763884 0.776061 0.787809 0.799079 0.809817 0.819968 0.829477 0.838288 0.846349 0.853605 0.860007 0.865510 0.870072 0.873659 0.876242 0.877800 0.878321 0.877800 0.876242 0.873659 0.870072 0.865510 0.860007 0.853605 0.846349 0.838288 0.829477 0.819968 0.809817 0.799079 0.787809 0.776061 0.763884 0.751330 0.738444 0.725270 0.711850 0.698221 0.684419 0.670476 0.656422 0.642284 0.628087 0.613852 0.599600 0.585348 0.571113 0.556908 0.542747 0.528641 0.514599 0.500630 0.486741 0.472940 
0.482533 0.496669 0.510908 0.525243 0.539667 0.554172 0.568749 0.583388 0.598075 0.612798 0.627540 0.642284 0.657010 0.671695 0.686316 0.700843 0.715247 0.729494 0.743547 0.757366 0.770908 0.784125 0.796967 0.809381 0.821312 0.832700 0.843484 0.853605 0.862999 0.871605 0.879364 0.886220 0.892119 0.897015 0.900868 0.903644 0.905319 0.905879 0.905319 0.903644 0.900868 0.897015 0.892119 0.886220 0.879364 0.871605 0.862999 0.853605 0.843484 0.832700 0.821312 0.809381 0.796967 0.784125 0.770908 0.757366 0.743547 0.729494 0.715247 0.700843 0.686316 0.671695 0.657010 0.642284 0.627540 0.612798 0.598075 0.583388 0.568749 0.554172 0.539667 0.525243 0.510908 0.496669 0.482533 
0.491967 0.506442 0.521035 0.535741 0.550553 0.565464 0.580465 0.595547 0.610698 0.625905 0.641152 0.656422 0.671695 0.686950 0.702161 0.717300 0.732336 0.747234 0.761956 0.776460 0.790700 0.804625 0.818183 0.831315 0.843960 0.856054 0.867531 0.878321 0.888354 0.897563 0.905879 0.913237 0.919578 0.924846 0.928995 0.931987 0.933794 0.934398 0.933794 0.931987 0.928995 0.924846 0.919578 0.913237 0.905879 0.897563 0.888354 0.878321 0.867531 0.856054 0.843960 0.831315 0.818183 0.804625 0.790700 0.776460 0.761956 0.747234 0.732336 0.717300 0.702161 0.686950 0.671695 0.656422 0.641152 0.625905 0.610698 0.595547 0.580465 0.565464 0.550553 0.535741 0.521035 0.506442 0.491967 
0.501227 0.516043 0.530993 0.546074 0.561279 0.576602 0.592035 0.607570 0.623195 0.638897 0.654663 0.670476 0.686316 0.702161 0.717986 0.733764 0.749463 0.765046 0.780475 0.795705 0.810689 0.825372 0.839699 0.853605 0.867024 0.879887 0.892119 0.903644 0.914382 0.924257 0.933191 0.941109 0.947943 0.953628 0.958110 0.961345 0.963299 0.963953 0.963299 0.961345 0.958110 0.953628 0.947943 0.941109 0.933191 0.924257 0.914382 0.903644 0.892119 0.879887 0.867024 0.853605 0.839699 0.825372 0.810689 0.795705 0.780475 0.765046 0.749463 0.733764 0.717986 0.702161 0.686316 0.670476 0.654663 0.638897 0.623195 0.607570 0.592035 0.576602 0.561279 0.546074 0.530993 0.516043 0.501227 
0.510296 0.525454 0.540764 0.556222 0.571824 0.587565 0.603436 0.619431 0.635540 0.651750 0.668048 0.684419 0.700843 0.717300 0.733764 0.750208 0.766601 0.782904 0.799079 0.815079 0.830855 0.846349 0.861500 0.876242 0.890501 0.904201 0.917260 0.929592 0.941109 0.951723 0.961345 0.969889 0.977275 0.983428 0.988286 0.991795 0.993916 0.994626 0.993916 0.991795 0.988286 0.983428 0.977275 0.969889 0.961345 0.951723 0.941109 0.929592 0.917260 0.904201 0.890501 0.876242 0.861500 0.846349 0.830855 0.815079 0.799079 0.782904 0.766601 0.750208 0.733764 0.717300 0.700843 0.684419 0.668048 0.651750 0.635540 0.619431 0.603436 0.587565 0.571824 0.556222 0.540764 0.525454 0.510296 
0.519156 0.534657 0.550328 0.566166 0.582168 0.598329 0.614644 0.631106 0.647706 0.664434 0.681277 0.698221 0.715247 0.732336 0.749463 0.766601 0.783717 0.800777 0.817738 0.834553 0.851171 0.867531 0.883568 0.899212 0.914382 0.928995 0.942961 0.956182 0.968562 0.979997 0.990387 0.999634 1.007642 1.014325 1.019608 1.023428 1.025739 1.026513 1.025739 1.023428 1.019608 1.014325 1.007642 0.999634 0.990387 0.979997 0.968562 0.956182 0.942961 0.928995 0.914382 0.899212 0.883568 0.867531 0.851171 0.834553 0.817738 0.800777 0.783717 0.766601 0.749463 0.732336 0.715247 0.698221 0.681277 0.664434 0.647706 0.631106 0.614644 0.598329 0.582168 0.566166 0.550328 0.534657 0.519156 
0.527788 0.543632 0.559663 0.575882 0.592285 0.608870 0.625633 0.642568 0.659667 0.676921 0.694320 0.711850 0.729494 0.747234 0.765046 0.782904 0.800777 0.818628 0.836416 0.854093 0.871605 0.888890 0.905879 0.922496 0.938655 0.954265 0.969225 0.983428 0.996764 1.009116 1.020369 1.030406 1.039118 1.046402 1.052169 1.056345 1.058874 1.059720 1.058874 1.056345 1.052169 1.046402 1.039118 1.030406 1.020369 1.009116 0.996764 0.983428 0.969225 0.954265 0.938655 0.922496 0.905879 0.888890 0.871605 0.854093 0.836416 0.818628 0.800777 0.782904 0.765046 0.747234 0.729494 0.711850 0.694320 0.676921 0.659667 0.642568 0.625633 0.608870 0.592285 0.575882 0.559663 0.543632 0.527788 
0.536175 0.552358 0.568749 0.585348 0.602153 0.619164 0.636376 0.653787 0.671390 0.689178 0.707142 0.725270 0.743547 0.761956 0.780475 0.799079 0.817738 0.836416 0.855073 0.873659 0.892119 0.910390 0.928400 0.946067 0.963299 0.979997 0.996050 1.011340 1.025739 1.039118 1.051340 1.062272 1.071784 1.079755 1.086077 1.090661 1.093440 1.094370 1.093440 1.090661 1.086077 1.079755 1.071784 1.062272 1.051340 1.039118 1.025739 1.011340 0.996050 0.979997 0.963299 0.946067 0.928400 0.910390 0.892119 0.873659 0.855073 0.836416 0.817738 0.799079 0.780475 0.761956 0.743547 0.725270 0.707142 0.689178 0.671390 0.653787 0.636376 0.619164 0.602153 0.585348 0.568749 0.552358 0.536175 
0.544296 0.560817 0.577564 0.594541 0.611747 0.629182 0.646845 0.664734 0.682845 0.701172 0.719708 0.738444 0.757366 0.776460 0.795705 0.815079 0.834553 0.854093 0.873659 0.893202 0.912666 0.931987 0.951090 0.969889 0.988286 1.006173 1.023428 1.039920 1.055506 1.070036 1.083354 1.095304 1.105730 1.114489 1.121452 1.126508 1.129576 1.130604 1.129576 1.126508 1.121452 1.114489 1.105730 1.095304 1.083354 1.070036 1.055506 1.039920 1.023428 1.006173 0.988286 0.969889 0.951090 0.931987 0.912666 0.893202 0.873659 0.854093 0.834553 0.815079 0.795705 0.776460 0.757366 0.738444 0.719708 0.701172 0.682845 0.664734 0.646845 0.629182 0.611747 0.594541 0.577564 0.560817 0.544296 
0.552132 0.568985 0.586085 0.603436 0.621040 0.638897 0.657010 0.675377 0.693997 0.712866 0.731979 0.751330 0.770908 0.790700 0.810689 0.830855 0.851171 0.871605 0.892119 0.912666 0.933191 0.953628 0.973899 0.993916 1.013576 1.032761 1.051340 1.069165 1.086077 1.101904 1.116465 1.129576 1.141053 1.150724 1.158429 1.164035 1.167442 1.168584 1.167442 1.164035 1.158429 1.150724 1.141053 1.129576 1.116465 1.101904 1.086077 1.069165 1.051340 1.032761 1.013576 0.993916 0.973899 0.953628 0.933191 0.912666 0.892119 0.871605 0.851171 0.830855 0.810689 0.790700 0.770908 0.751330 0.731979 0.712866 0.693997 0.675377 0.657010 0.638897 0.621040 0.603436 0.586085 0.568985 0.552132 
0.559663 0.576842 0.594290 0.612009 0.630005 0.648281 0.666840 0.685682 0.704810 0.724221 0.743914 0.763884 0.784125 0.804625 0.825372 0.846349 0.867531 0.888890 0.910390 0.931987 0.953628 0.975246 0.996764 1.018091 1.039118 1.059720 1.079755 1.099061 1.117457 1.134748 1.150724 1.165167 1.177860 1.188590 1.197164 1.203418 1.207223 1.208501 1.207223 1.203418 1.197164 1.188590 1.177860 1.165167 1.150724 1.134748 1.117457 1.099061 1.079755 1.059720 1.039118 1.018091 0.996764 0.975246 0.953628 0.931987 0.910390 0.888890 0.867531 0.846349 0.825372 0.804625 0.784125 0.763884 0.743914 0.724221 0.704810 0.685682 0.666840 0.648281 0.630005 0.612009 0.594290 0.576842 0.559663 
0.566869 0.584367 0.602153 0.620235 0.638617 0.657304 0.676303 0.695616 0.715247 0.735198 0.755470 0.776061 0.796967 0.818183 0.839699 0.861500 0.883568 0.905879 0.928400 0.951090 0.973899 0.996764 1.019608 1.042337 1.064842 1.086990 1.108627 1.129576 1.149636 1.168584 1.186177 1.202158 1.216264 1.228237 1.237837 1.244858 1.249138 1.250577 1.249138 1.244858 1.237837 1.228237 1.216264 1.202158 1.186177 1.168584 1.149636 1.129576 1.108627 1.086990 1.064842 1.042337 1.019608 0.996764 0.973899 0.951090 0.928400 0.905879 0.883568 0.861500 0.839699 0.818183 0.796967 0.776061 0.755470 0.735198 0.715247 0.695616 0.676303 0.657304 0.638617 0.620235 0.602153 0.584367 0.566869 
0.573729 0.591536 0.609653 0.628087 0.646845 0.665936 0.685366 0.705142 0.725270 0.745755 0.766601 0.787809 0.809381 0.831315 0.853605 0.876242 0.899212 0.922496 0.946067 0.969889 0.993916 1.018091 1.042337 1.066565 1.090661 1.114489 1.137887 1.160661 1.182589 1.203418 1.222866 1.240629 1.256390 1.269831 1.280653 1.288593 1.293445 1.295077 1.293445 1.288593 1.280653 1.269831 1.256390 1.240629 1.222866 1.203418 1.182589 1.160661 1.137887 1.114489 1.090661 1.066565 1.042337 1.018091 0.993916 0.969889 0.946067 0.922496 0.899212 0.876242 0.853605 0.831315 0.809381 0.787809 0.766601 0.745755 0.725270 0.705142 0.685366 0.665936 0.646845 0.628087 0.609653 0.591536 0.573729 
0.580223 0.598329 0.616765 0.635540 0.654663 0.674146 0.693997 0.714225 0.734839 0.755848 0.777260 0.799079 0.821312 0.843960 0.867024 0.890501 0.914382 0.938655 0.963299 0.988286 1.013576 1.039118 1.064842 1.090661 1.116465 1.142115 1.167442 1.192240 1.216264 1.239230 1.260813 1.280653 1.298365 1.313556 1.325848 1.334902 1.340451 1.342320 1.340451 1.334902 1.325848 1.313556 1.298365 1.280653 1.260813 1.239230 1.216264 1.192240 1.167442 1.142115 1.116465 1.090661 1.064842 1.039118 1.013576 0.988286 0.963299 0.938655 0.914382 0.890501 0.867024 0.843960 0.821312 0.799079 0.777260 0.755848 0.734839 0.714225 0.693997 0.674146 0.654663 0.635540 0.616765 0.598329 0.580223 
0.586332 0.604723 0.623465 0.642568 0.662043 0.681904 0.702161 0.722827 0.743914 0.765434 0.787398 0.809817 0.832700 0.856054 0.879887 0.904201 0.928995 0.954265 0.979997 1.006173 1.032761 1.059720 1.086990 1.114489 1.142115 1.169731 1.197164 1.224201 1.250577 1.275974 1.300020 1.322291 1.342320 1.359617 1.373697 1.384120 1.390529 1.392693 1.390529 1.384120 1.373697 1.359617 1.342320 1.322291 1.300020 1.275974 1.250577 1.224201 1.197164 1.169731 1.142115 1.114489 1.086990 1.059720 1.032761 1.006173 0.979997 0.954265 0.928995 0.904201 0.879887 0.856054 0.832700 0.809817 0.787398 0.765434 0.743914 0.722827 0.702161 0.681904 0.662043 0.642568 0.623465 0.604723 0.586332 
0.592035 0.610698 0.629731 0.649146 0.668957 0.689178 0.709825 0.730912 0.752455 0.774468 0.796967 0.819968 0.843484 0.867531 0.892119 0.917260 0.942961 0.969225 0.996050 1.023428 1.051340 1.079755 1.108627 1.137887 1.167442 1.197164 1.226887 1.256390 1.285395 1.313556 1.340451 1.365581 1.388379 1.408233 1.424516 1.436645 1.444136 1.446671 1.444136 1.436645 1.424516 1.408233 1.388379 1.365581 1.340451 1.313556 1.285395 1.256390 1.226887 1.197164 1.167442 1.137887 1.108627 1.079755 1.051340 1.023428 0.996050 0.969225 0.942961 0.917260 0.892119 0.867531 0.843484 0.819968 0.796967 0.774468 0.752455 0.730912 0.709825 0.689178 0.668957 0.649146 0.629731 0.610698 0.592035 
0.597315 0.616233 0.635540 0.655249 0.675377 0.695941 0.716957 0.738444 0.760420 0.782904 0.805917 0.829477 0.853605 0.878321 0.903644 0.929592 0.956182 0.983428 1.011340 1.039920 1.069165 1.099061 1.129576 1.160661 1.192240 1.224201 1.256390 1.288593 1.320527 1.351822 1.382010 1.410512 1.436645 1.459636 1.478671 1.492961 1.501838 1.504850 1.501838 1.492961 1.478671 1.459636 1.436645 1.410512 1.382010 1.351822 1.320527 1.288593 1.256390 1.224201 1.192240 1.160661 1.129576 1.099061 1.069165 1.039920 1.011340 0.983428 0.956182 0.929592 0.903644 0.878321 0.853605 0.829477 0.805917 0.782904 0.760420 0.738444 0.716957 0.695941 0.675377 0.655249 0.635540 0.616233 0.597315 
0.602153 0.621308 0.640869 0.660853 0.681277 0.702161 0.723523 0.745386 0.767770 0.790700 0.814197 0.838288 0.862999 0.888354 0.914382 0.941109 0.968562 0.996764 1.025739 1.055506 1.086077 1.117457 1.149636 1.182589 1.216264 1.250577 1.285395 1.320527 1.355697 1.390529 1.424516 1.457003 1.487172 1.514053 1.536576 1.553657 1.564348 1.567990 1.564348 1.553657 1.536576 1.514053 1.487172 1.457003 1.424516 1.390529 1.355697 1.320527 1.285395 1.250577 1.216264 1.182589 1.149636 1.117457 1.086077 1.055506 1.025739 0.996764 0.968562 0.941109 0.914382 0.888354 0.862999 0.838288 0.814197 0.790700 0.767770 0.745386 0.723523 0.702161 0.681277 0.660853 0.640869 0.621308 0.602153 
0.606532 0.625905 0.645700 0.665936 0.686633 0.707811 0.729494 0.751704 0.774468 0.797810 0.821761 0.846349 0.871605 0.897563 0.924257 0.951723 0.979997 1.009116 1.039118 1.070036 1.101904 1.134748 1.168584 1.203418 1.239230 1.275974 1.313556 1.351822 1.390529 1.429316 1.467663 1.504850 1.539922 1.571673 1.598686 1.619452 1.632581 1.637079 1.632581 1.619452 1.598686 1.571673 1.539922 1.504850 1.467663 1.429316 1.390529 1.351822 1.313556 1.275974 1.239230 1.203418 1.168584 1.134748 1.101904 1.070036 1.039118 1.009116 0.979997 0.951723 0.924257 0.897563 0.871605 0.846349 0.821761 0.797810 0.774468 0.751704 0.729494 0.707811 0.686633 0.665936 0.645700 0.625905 0.606532 
0.610437 0.630005 0.650012 0.670476 0.691420 0.712866 0.734839 0.757366 0.780475 0.804196 0.828561 0.853605 0.879364 0.905879 0.933191 0.961345 0.990387 1.020369 1.051340 1.083354 1.116465 1.150724 1.186177 1.222866 1.260813 1.300020 1.340451 1.382010 1.424516 1.467663 1.510957 1.553657 1.594688 1.632581 1.665472 1.691222 1.707735 1.713436 1.707735 1.691222 1.665472 1.632581 1.594688 1.553657 1.510957 1.467663 1.424516 1.382010 1.340451 1.300020 1.260813 1.222866 1.186177 1.150724 1.116465 1.083354 1.051340 1.020369 0.990387 0.961345 0.933191 0.905879 0.879364 0.853605 0.828561 0.804196 0.780475 0.757366 0.734839 0.712866 0.691420 0.670476 0.650012 0.630005 0.610437 
0.613852 0.633594 0.653787 0.674453 0.695616 0.717300 0.739532 0.762341 0.785758 0.809817 0.834553 0.860007 0.886220 0.913237 0.941109 0.969889 0.999634 1.030406 1.062272 1.095304 1.129576 1.165167 1.202158 1.240629 1.280653 1.322291 1.365581 1.410512 1.457003 1.504850 1.553657 1.602734 1.650962 1.696631 1.737331 1.770010 1.791401 1.798872 1.791401 1.770010 1.737331 1.696631 1.650962 1.602734 1.553657 1.504850 1.457003 1.410512 1.365581 1.322291 1.280653 1.240629 1.202158 1.165167 1.129576 1.095304 1.062272 1.030406 0.999634 0.969889 0.941109 0.913237 0.886220 0.860007 0.834553 0.809817 0.785758 0.762341 0.739532 0.717300 0.695616 0.674453 0.653787 0.633594 0.613852 
0.616765 0.636656 0.657010 0.677850 0.699202 0.721091 0.743547 0.766601 0.790285 0.814638 0.839699 0.865510 0.892119 0.919578 0.947943 0.977275 1.007642 1.039118 1.071784 1.105730 1.141053 1.177860 1.216264 1.256390 1.298365 1.342320 1.388379 1.436645 1.487172 1.539922 1.594688 1.650962 1.707735 1.763195 1.814380 1.856976 1.885727 1.895954 1.885727 1.856976 1.814380 1.763195 1.707735 1.650962 1.594688 1.539922 1.487172 1.436645 1.388379 1.342320 1.298365 1.256390 1.216264 1.177860 1.141053 1.105730 1.071784 1.039118 1.007642 0.977275 0.947943 0.919578 0.892119 0.865510 0.839699 0.814638 0.790285 0.766601 0.743547 0.721091 0.699202 0.677850 0.657010 0.636656 0.616765 
0.619164 0.639179 0.659667 0.680652 0.702161 0.724221 0.746864 0.770121 0.794030 0.818628 0.843960 0.870072 0.897015 0.924846 0.953628 0.983428 1.014325 1.046402 1.079755 1.114489 1.150724 1.188590 1.228237 1.269831 1.313556 1.359617 1.408233 1.459636 1.514053 1.571673 1.632581 1.696631 1.763195 1.830713 1.895954 1.953112 1.993603 2.008453 1.993603 1.953112 1.895954 1.830713 1.763195 1.696631 1.632581 1.571673 1.514053 1.459636 1.408233 1.359617 1.313556 1.269831 1.228237 1.188590 1.150724 1.114489 1.079755 1.046402 1.014325 0.983428 0.953628 0.924846 0.897015 0.870072 0.843960 0.818628 0.794030 0.770121 0.746864 0.724221 0.702161 0.680652 0.659667 0.639179 0.619164 
0.621040 0.641152 0.661745 0.682845 0.704478 0.726673 0.749463 0.772881 0.796967 0.821761 0.847308 0.873659 0.900868 0.928995 0.958110 0.988286 1.019608 1.052169 1.086077 1.121452 1.158429 1.197164 1.237837 1.280653 1.325848 1.373697 1.424516 1.478671 1.536576 1.598686 1.665472 1.737331 1.814380 1.895954 1.979474 2.058227 2.118601 2.142014 2.118601 2.058227 1.979474 1.895954 1.814380 1.737331 1.665472 1.598686 1.536576 1.478671 1.424516 1.373697 1.325848 1.280653 1.237837 1.197164 1.158429 1.121452 1.086077 1.052169 1.019608 0.988286 0.958110 0.928995 0.900868 0.873659 0.847308 0.821761 0.796967 0.772881 0.749463 0.726673 0.704478 0.682845 0.661745 0.641152 0.621040 
0.622385 0.642568 0.663237 0.684419 0.706141 0.728434 0.751330 0.774865 0.799079 0.824014 0.849718 0.876242 0.903644 0.931987 0.961345 0.991795 1.023428 1.056345 1.090661 1.126508 1.164035 1.203418 1.244858 1.288593 1.334902 1.384120 1.436645 1.492961 1.553657 1.619452 1.691222 1.770010 1.856976 1.953112 2.058227 2.167598 2.263093 2.304478 2.263093 2.167598 2.058227 1.953112 1.856976 1.770010 1.691222 1.619452 1.553657 1.492961 1.436645 1.384120 1.334902 1.288593 1.244858 1.203418 1.164035 1.126508 1.090661 1.056345 1.023428 0.991795 0.961345 0.931987 0.903644 0.876242 0.849718 0.824014 0.799079 0.774865 0.751330 0.728434 0.706141 0.684419 0.663237 0.642568 0.622385 
0.623195 0.643419 0.664135 0.685366 0.707142 0.729494 0.752455 0.776061 0.800352 0.825372 0.851171 0.877800 0.905319 0.933794 0.963299 0.993916 1.025739 1.058874 1.093440 1.129576 1.167442 1.207223 1.249138 1.293445 1.340451 1.390529 1.444136 1.501838 1.564348 1.632581 1.707735 1.791401 1.885727 1.993603 2.118601 2.263093 2.415156 2.497315 2.415156 2.263093 2.118601 1.993603 1.885727 1.791401 1.707735 1.632581 1.564348 1.501838 1.444136 1.390529 1.340451 1.293445 1.249138 1.207223 1.167442 1.129576 1.093440 1.058874 1.025739 0.993916 0.963299 0.933794 0.905319 0.877800 0.851171 0.825372 0.800352 0.776061 0.752455 0.729494 0.707142 0.685366 0.664135 0.643419 0.623195 
0.623465 0.643704 0.664434 0.685682 0.707477 0.729848 0.752830 0.776460 0.800777 0.825826 0.851656 0.878321 0.905879 0.934398 0.963953 0.994626 1.026513 1.059720 1.094370 1.130604 1.168584 1.208501 1.250577 1.295077 1.342320 1.392693 1.446671 1.504850 1.567990 1.637079 1.713436 1.798872 1.895954 2.008453 2.142014 2.304478 2.497315 2.625596 2.497315 2.304478 2.142014 2.008453 1.895954 1.798872 1.713436 1.637079 1.567990 1.504850 1.446671 1.392693 1.342320 1.295077 1.250577 1.208501 1.168584 1.130604 1.094370 1.059720 1.026513 0.994626 0.963953 0.934398 0.905879 0.878321 0.851656 0.825826 0.800777 0.776460 0.752830 0.729848 0.707477 0.685682 0.664434 0.643704 0.623465 
0.623465 0.643704 0.664434 0.685682 0.707477 0.729848 0.752830 0.776460 0.800777 0.825826 0.851656 0.878320 0.905879 0.934398 0.963953 0.994626 1.026513 1.059720 1.094370 1.130604 1.168584 1.208501 1.250576 1.295077 1.342320 1.392692 1.446670 1.504849 1.567989 1.637079 1.713436 1.798871 1.895953 2.008451 2.142011 2.304473 2.497303 2.625576 2.497303 2.304473 2.142011 2.008451 1.895953 1.798871 1.713436 1.637079 1.567989 1.504849 1.446670 1.392692 1.342320 1.295077 1.250576 1.208501 1.168584 1.130604 1.094370 1.059720 1.026513 0.994626 0.963953 0.934398 0.905879 0.878320 0.851656 0.825826 0.800777 0.776460 0.752830 0.729848 0.707477 0.685682 0.664434 0.643704 0.623465 
0.623465 0.643704 0.664434 0.685682 0.707477 0.729848 0.752830 0.776460 0.800777 0.825826 0.851656 0.878320 0.905879 0.934398 0.963953 0.994626 1.026513 1.059720 1.094370 1.130604 1.168584 1.208500 1.250576 1.295076 1.342319 1.392692 1.446669 1.504848 1.567988 1.637077 1.713434 1.798868 1.895950 2.008446 2.142003 2.304458 2.497269 2.625516 2.497269 2.304458 2.142003 2.008446 1.895950 1.798868 1.713434 1.637077 1.567988 1.504848 1.446669 1.392692 1.342319 1.295076 1.250576 1.208500 1.168584 1.130604 1.094370 1.059720 1.026513 0.994626 0.963953 0.934398 0.905879 0.878320 0.851656 0.825826 0.800777 0.776460 0.752830 0.729848 0.707477 0.685682 0.664434 0.643704 0.623465 
0.623465 0.643704 0.664434 0.685682 0.707477 0.729848 0.752830 0.776460 0.800777 0.825826 0.851656 0.878320 0.905879 0.934398 0.963953 0.994626 1.026513 1.059720 1.094370 1.130604 1.168584 1.208501 1.250576 1.295077 1.342320 1.392692 1.446670 1.504849 1.567989 1.637078 1.713435 1.798871 1.895953 2.008450 2.142010 2.304471 2.497299 2.625568 2.497299 2.304471 2.142010 2.008450 1.895953 1.798871 1.713435 1.637078 1.567989 1.504849 1.446670 1.392692 1.342320 1.295077 1.250576 1.208501 1.168584 1.130604 1.094370 1.059720 1.026513 0.994626 0.963953 0.934398 0.905879 0.878320 0.851656 0.825826 0.800777 0.776460 0.752830 0.729848 0.707477 0.685682 0.664434 0.643704 0.623465 
0.623464 0.643703 0.664434 0.685682 0.707476 0.729847 0.752830 0.776459 0.800776 0.825826 0.851655 0.878320 0.905878 0.934397 0.963952 0.994625 1.026512 1.059719 1.094369 1.130602 1.168582 1.208498 1.250574 1.295074 1.342317 1.392689 1.446666 1.504844 1.567983 1.637071 1.713426 1.798858 1.895935 2.008424 2.141969 2.304396 2.497134 2.625275 2.497134 2.304396 2.141969 2.008424 1.895935 1.798858 1.713426 1.637071 1.567983 1.504844 1.446666 1.392689 1.342317 1.295074 1.250574 1.208498 1.168582 1.130602 1.094369 1.059719 1.026512 0.994625 0.963952 0.934397 0.905878 0.878320 0.851655 0.825826 0.800776 0.776459 0.752830 0.729847 0.707476 0.685682 0.664434 0.643703 0.623464 
0.623171 0.643394 0.664108 0.685338 0.707113 0.729463 0.752422 0.776026 0.800315 0.825333 0.851128 0.877754 0.905270 0.933741 0.963242 0.993854 1.025671 1.058799 1.093358 1.129486 1.167342 1.207111 1.249012 1.293302 1.340287 1.390340 1.443914 1.501574 1.564030 1.632189 1.707239 1.790753 1.884846 1.992334 2.116636 2.259753 2.409115 2.488851 2.409115 2.259753 2.116636 1.992334 1.884846 1.790753 1.707239 1.632189 1.564030 1.501574 1.443914 1.390340 1.340287 1.293302 1.249012 1.207111 1.167342 1.129486 1.093358 1.058799 1.025671 0.993854 0.963242 0.933741 0.905270 0.877754 0.851128 0.825333 0.800315 0.776026 0.752422 0.729463 0.707113 0.685338 0.664108 0.643394 0.623171 
0.622338 0.642518 0.663185 0.684364 0.706083 0.728372 0.751265 0.774796 0.799005 0.823936 0.849634 0.876151 0.903547 0.931883 0.961232 0.991672 1.023295 1.056199 1.090501 1.126331 1.163839 1.203199 1.244612 1.288314 1.334584 1.383752 1.436216 1.492454 1.553048 1.618707 1.690291 1.768815 1.855391 1.950929 2.055095 2.162977 2.256524 2.296797 2.256524 2.162977 2.055095 1.950929 1.855391 1.768815 1.690291 1.618707 1.553048 1.492454 1.436216 1.383752 1.334584 1.288314 1.244612 1.203199 1.163839 1.126331 1.090501 1.056199 1.023295 0.991672 0.961232 0.931883 0.903547 0.876151 0.849634 0.823936 0.799005 0.774796 0.751265 0.728372 0.706083 0.684364 0.663185 0.642518 0.622338 
0.620970 0.641079 0.661668 0.682763 0.704391 0.726582 0.749366 0.772779 0.796858 0.821644 0.847183 0.873525 0.900724 0.928841 0.957943 0.988105 1.019410 1.051954 1.085841 1.121191 1.158140 1.196843 1.237476 1.280245 1.325384 1.373164 1.423898 1.477945 1.535712 1.597643 1.664189 1.735723 1.812322 1.893264 1.975913 2.053558 2.112829 2.135740 2.112829 2.053558 1.975913 1.893264 1.812322 1.735723 1.664189 1.597643 1.535712 1.477945 1.423898 1.373164 1.325384 1.280245 1.237476 1.196843 1.158140 1.121191 1.085841 1.051954 1.019410 0.988105 0.957943 0.928841 0.900724 0.873525 0.847183 0.821644 0.796858 0.772779 0.749366 0.726582 0.704391 0.682763 0.661668 0.641079 0.620970 
0.619071 0.639081 0.659564 0.680544 0.702047 0.724100 0.746736 0.769985 0.793885 0.818474 0.843796 0.869896 0.896826 0.924643 0.953408 0.983190 1.014066 1.046120 1.079446 1.114149 1.150347 1.188172 1.227770 1.269305 1.312960 1.358936 1.407449 1.458724 1.512980 1.570395 1.631041 1.694751 1.760873 1.827827 1.892379 1.948785 1.988640 2.003232 1.988640 1.948785 1.892379 1.827827 1.760873 1.694751 1.631041 1.570395 1.512980 1.458724 1.407449 1.358936 1.312960 1.269305 1.227770 1.188172 1.150347 1.114149 1.079446 1.046120 1.014066 0.983190 0.953408 0.924643 0.896826 0.869896 0.843796 0.818474 0.793885 0.769985 0.746736 0.724100 0.702047 0.680544 0.659564 0.639081 0.619071 
0.616650 0.636535 0.656883 0.677717 0.699061 0.720942 0.743389 0.766432 0.790107 0.814448 0.839495 0.865292 0.891886 0.919327 0.947672 0.976982 1.007324 1.038772 1.071406 1.105315 1.140596 1.177353 1.215700 1.255758 1.297653 1.341512 1.387455 1.435580 1.485935 1.538473 1.592976 1.648927 1.705305 1.760299 1.810966 1.853054 1.881417 1.891497 1.881417 1.853054 1.810966 1.760299 1.705305 1.648927 1.592976 1.538473 1.485935 1.435580 1.387455 1.341512 1.297653 1.255758 1.215700 1.177353 1.140596 1.105315 1.071406 1.038772 1.007324 0.976982 0.947672 0.919327 0.891886 0.865292 0.839495 0.814448 0.790107 0.766432 0.743389 0.720942 0.699061 0.677717 0.656883 0.636535 0.616650 
0.613715 0.633450 0.653636 0.674294 0.695448 0.717122 0.739344 0.762141 0.785546 0.809591 0.834313 0.859750 0.885944 0.912942 0.940791 0.969545 0.999261 1.030001 1.061830 1.094820 1.129044 1.164581 1.201508 1.239904 1.279841 1.321377 1.364544 1.409330 1.455648 1.503287 1.551847 1.600633 1.648523 1.693819 1.734135 1.766464 1.787603 1.794982 1.787603 1.766464 1.734135 1.693819 1.648523 1.600633 1.551847 1.503287 1.455648 1.409330 1.364544 1.321377 1.279841 1.239904 1.201508 1.164581 1.129044 1.094820 1.061830 1.030001 0.999261 0.969545 0.940791 0.912942 0.885944 0.859750 0.834313 0.809591 0.785546 0.762141 0.739344 0.717122 0.695448 0.674294 0.653636 0.633450 0.613715 
0.610279 0.629840 0.649837 0.670292 0.691226 0.712661 0.734623 0.757137 0.780231 0.803937 0.828285 0.853310 0.879049 0.905541 0.932827 0.960953 0.989964 1.019909 1.050840 1.082809 1.115868 1.150067 1.185452 1.222062 1.259919 1.299020 1.339327 1.380742 1.423081 1.466032 1.509102 1.551547 1.592297 1.629896 1.662499 1.688000 1.704342 1.709982 1.704342 1.688000 1.662499 1.629896 1.592297 1.551547 1.509102 1.466032 1.423081 1.380742 1.339327 1.299020 1.259919 1.222062 1.185452 1.150067 1.115868 1.082809 1.050840 1.019909 0.989964 0.960953 0.932827 0.905541 0.879049 0.853310 0.828285 0.803937 0.780231 0.757137 0.734623 0.712661 0.691226 0.670292 0.649837 0.629840 0.610279 
0.606354 0.625718 0.645503 0.665728 0.686414 0.707581 0.729250 0.751446 0.774194 0.797519 0.821451 0.846018 0.871252 0.897185 0.923852 0.951287 0.979526 1.008607 1.038565 1.069435 1.101248 1.134030 1.167796 1.202549 1.238269 1.274907 1.312369 1.350496 1.389045 1.427653 1.465801 1.502770 1.537611 1.569129 1.595923 1.616508 1.629516 1.633971 1.629516 1.616508 1.595923 1.569129 1.537611 1.502770 1.465801 1.427653 1.389045 1.350496 1.312369 1.274907 1.238269 1.202549 1.167796 1.134030 1.101248 1.069435 1.038565 1.008607 0.979526 0.951287 0.923852 0.897185 0.871252 0.846018 0.821451 0.797519 0.774194 0.751446 0.729250 0.707581 0.686414 0.665728 0.645503 0.625718 0.606354 
0.601955 0.621100 0.640650 0.660623 0.681035 0.701905 0.723253 0.745100 0.767468 0.790378 0.813856 0.837925 0.862611 0.887940 0.913938 0.940632 0.968048 0.996210 1.025140 1.054857 1.085371 1.116687 1.148795 1.181667 1.215251 1.249461 1.284163 1.319164 1.354189 1.388861 1.422673 1.454975 1.484953 1.511650 1.534003 1.550949 1.561550 1.565161 1.561550 1.550949 1.534003 1.511650 1.484953 1.454975 1.422673 1.388861 1.354189 1.319164 1.284163 1.249461 1.215251 1.181667 1.148795 1.116687 1.085371 1.054857 1.025140 0.996210 0.968048 0.940632 0.913938 0.887940 0.862611 0.837925 0.813856 0.790378 0.767468 0.745100 0.723253 0.701905 0.681035 0.660623 0.640650 0.621100 0.601955 
0.597097 0.616005 0.635300 0.654996 0.675111 0.695661 0.716662 0.738132 0.760090 0.782555 0.805545 0.829082 0.853184 0.877872 0.903164 0.929078 0.955631 0.982835 1.010700 1.039229 1.068417 1.098248 1.128692 1.159698 1.191188 1.223050 1.255129 1.287212 1.319014 1.350166 1.380202 1.408548 1.434524 1.457366 1.476269 1.490455 1.499264 1.502253 1.499264 1.490455 1.476269 1.457366 1.434524 1.408548 1.380202 1.350166 1.319014 1.287212 1.255129 1.223050 1.191188 1.159698 1.128692 1.098248 1.068417 1.039229 1.010700 0.982835 0.955631 0.929078 0.903164 0.877872 0.853184 0.829082 0.805545 0.782555 0.760090 0.738132 0.716662 0.695661 0.675111 0.654996 0.635300 0.616005 0.597097 
0.591799 0.610451 0.629471 0.648872 0.668670 0.688876 0.709507 0.730576 0.752099 0.774091 0.796568 0.819544 0.843034 0.867051 0.891607 0.916713 0.942375 0.968596 0.995375 1.022701 1.050556 1.078908 1.107709 1.136892 1.166362 1.195992 1.225612 1.255004 1.283890 1.311925 1.338689 1.363686 1.386355 1.406088 1.422266 1.434313 1.441752 1.444269 1.441752 1.434313 1.422266 1.406088 1.386355 1.363686 1.338689 1.311925 1.283890 1.255004 1.225612 1.195992 1.166362 1.136892 1.107709 1.078908 1.050556 1.022701 0.995375 0.968596 0.942375 0.916713 0.891607 0.867051 0.843034 0.819544 0.796568 0.774091 0.752099 0.730576 0.709507 0.688876 0.668670 0.648872 0.629471 0.610451 0.591799 
0.586077 0.604457 0.623186 0.642275 0.661735 0.681580 0.701820 0.722468 0.743535 0.765033 0.786974 0.809367 0.832222 0.855547 0.879347 0.903625 0.928380 0.953606 0.979292 1.005416 1.031948 1.058845 1.086047 1.113473 1.141018 1.168546 1.195885 1.222821 1.249090 1.274376 1.298310 1.320468 1.340388 1.357586 1.371581 1.381939 1.388308 1.390457 1.388308 1.381939 1.371581 1.357586 1.340388 1.320468 1.298310 1.274376 1.249090 1.222821 1.195885 1.168546 1.141018 1.113473 1.086047 1.058845 1.031948 1.005416 0.979292 0.953606 0.928380 0.903625 0.879347 0.855547 0.832222 0.809367 0.786974 0.765033 0.743535 0.722468 0.701820 0.681580 0.661735 0.642275 0.623186 0.604457 0.586077 
0.579951 0.598045 0.616467 0.635228 0.654336 0.673802 0.693635 0.713844 0.734438 0.755425 0.776812 0.798605 0.820810 0.843428 0.866459 0.889899 0.913741 0.937971 0.962569 0.987505 1.012740 1.038222 1.063881 1.089630 1.115358 1.140927 1.166167 1.190873 1.214803 1.237671 1.259156 1.278900 1.296521 1.311630 1.323853 1.332855 1.338370 1.340228 1.338370 1.332855 1.323853 1.311630 1.296521 1.278900 1.259156 1.237671 1.214803 1.190873 1.166167 1.140927 1.115358 1.089630 1.063881 1.038222 1.012740 0.987505 0.962569 0.937971 0.913741 0.889899 0.866459 0.843428 0.820810 0.798605 0.776812 0.755425 0.734438 0.713844 0.693635 0.673802 0.654336 0.635228 0.616467 0.598045 0.579951 
0.573441 0.591235 0.609338 0.627757 0.646500 0.665573 0.684985 0.704741 0.724848 0.745310 0.766131 0.787314 0.808857 0.830760 0.853016 0.875617 0.898548 0.921790 0.945315 0.969088 0.993063 1.017179 1.041364 1.065526 1.089551 1.113304 1.136622 1.159314 1.181157 1.201900 1.221263 1.238944 1.254628 1.268001 1.278765 1.286662 1.291487 1.293110 1.291487 1.286662 1.278765 1.268001 1.254628 1.238944 1.221263 1.201900 1.181157 1.159314 1.136622 1.113304 1.089551 1.065526 1.041364 1.017179 0.993063 0.969088 0.945315 0.921790 0.898548 0.875617 0.853016 0.830760 0.808857 0.787314 0.766131 0.745310 0.724848 0.704741 0.684985 0.665573 0.646500 0.627757 0.609338 0.591235 0.573441 
0.566566 0.584050 0.601823 0.619889 0.638254 0.656924 0.675904 0.695197 0.714807 0.734735 0.754981 0.775546 0.796423 0.817609 0.839091 0.860857 0.882887 0.905156 0.927632 0.950275 0.973032 0.995842 1.018627 1.041295 1.063733 1.085812 1.107377 1.128252 1.148237 1.167109 1.184628 1.200538 1.214579 1.226494 1.236047 1.243031 1.247289 1.248720 1.247289 1.243031 1.236047 1.226494 1.214579 1.200538 1.184628 1.167109 1.148237 1.128252 1.107377 1.085812 1.063733 1.041295 1.018627 0.995842 0.973032 0.950275 0.927632 0.905156 0.882887 0.860857 0.839091 0.817609 0.796423 0.775546 0.754981 0.734735 0.714807 0.695197 0.675904 0.656924 0.638254 0.619889 0.601823 0.584050 0.566566 
0.559346 0.576511 0.593944 0.611648 0.629627 0.647885 0.666425 0.685247 0.704352 0.723741 0.743409 0.763352 0.783564 0.804034 0.824748 0.845689 0.866834 0.888153 0.909610 0.931161 0.952752 0.974318 0.995781 1.017049 1.038015 1.058555 1.078524 1.097763 1.116091 1.133316 1.149227 1.163609 1.176246 1.186927 1.195461 1.201684 1.205471 1.206742 1.205471 1.201684 1.195461 1.186927 1.176246 1.163609 1.149227 1.133316 1.116091 1.097763 1.078524 1.058555 1.038015 1.017049 0.995781 0.974318 0.952752 0.931161 0.909610 0.888153 0.866834 0.845689 0.824748 0.804034 0.783564 0.763352 0.743409 0.723741 0.704352 0.685247 0.666425 0.647885 0.629627 0.611648 0.593944 0.576511 0.559346 
0.551801 0.568640 0.585725 0.603060 0.620647 0.638486 0.656580 0.674926 0.693524 0.712370 0.731458 0.750782 0.770332 0.790094 0.810051 0.830182 0.850461 0.870857 0.891329 0.911832 0.932310 0.952697 0.972917 0.992880 1.012484 1.031611 1.050130 1.067895 1.084747 1.100514 1.115019 1.128076 1.139505 1.149133 1.156804 1.162385 1.165776 1.166913 1.165776 1.162385 1.156804 1.149133 1.139505 1.128076 1.115019 1.100514 1.084747 1.067895 1.050130 1.031611 1.012484 0.992880 0.972917 0.952697 0.932310 0.911832 0.891329 0.870857 0.850461 0.830182 0.810051 0.790094 0.770332 0.750782 0.731458 0.712370 0.693524 0.674926 0.656580 0.638486 0.620647 0.603060 0.585725 0.568640 0.551801 
0.543953 0.560459 0.577191 0.594152 0.611340 0.628757 0.646401 0.664270 0.682358 0.700662 0.719174 0.737883 0.756778 0.775841 0.795055 0.814396 0.833834 0.853337 0.872862 0.892363 0.911783 0.931058 0.950112 0.968860 0.987205 1.005039 1.022240 1.038678 1.054210 1.068688 1.081956 1.093859 1.104243 1.112966 1.119899 1.124933 1.127988 1.129012 1.127988 1.124933 1.119899 1.112966 1.104243 1.093859 1.081956 1.068688 1.054210 1.038678 1.022240 1.005039 0.987205 0.968860 0.950112 0.931058 0.911783 0.892363 0.872862 0.853337 0.833834 0.814396 0.795055 0.775841 0.756778 0.737883 0.719174 0.700662 0.682358 0.664270 0.646401 0.628757 0.611340 0.594152 0.577191 0.560459 0.543953 
0.535820 0.551989 0.568364 0.584946 0.601735 0.618727 0.635920 0.653310 0.670892 0.688657 0.706596 0.724698 0.742948 0.761327 0.779816 0.798387 0.817012 0.835654 0.854272 0.872818 0.891236 0.909464 0.927428 0.945048 0.962233 0.978882 0.994886 1.010126 1.024478 1.037809 1.049988 1.060879 1.070354 1.078294 1.084591 1.089156 1.091923 1.092849 1.091923 1.089156 1.084591 1.078294 1.070354 1.060879 1.049988 1.037809 1.024478 1.010126 0.994886 0.978882 0.962233 0.945048 0.927428 0.909464 0.891236 0.872818 0.854272 0.835654 0.817012 0.798387 0.779816 0.761327 0.742948 0.724698 0.706596 0.688657 0.670892 0.653310 0.635920 0.618727 0.601735 0.584946 0.568364 0.551989 0.535820 
