71 71
8.307361e+00 0 5
0.201784 0.213498 0.225187 0.236842 0.248451 0.260002 0.271482 0.282877 0.294171 0.305349 0.316393 0.327286 0.338006 0.348535 0.358851 0.368931 0.378751 0.388288 0.397516 0.406410 0.414942 0.423088 0.430820 0.438111 0.444935 0.451266 0.457081 0.462354 0.467064 0.471190 0.474715 0.477622 0.479897 0.481530 0.482513 0.482841 0.482513 0.481530 0.479897 0.477622 0.474715 0.471190 0.467064 0.462354 0.457081 0.451266 0.444935 0.438111 0.430820 0.423088 0.414942 0.406410 0.397516 0.388288 0.378751 0.368931 0.358851 0.348535 0.338006 0.327286 0.316393 0.305349 0.294171 0.282877 0.271482 0.260002 0.248451 0.236842 0.225187 0.213498 0.201784 
0.213153 0.225187 0.237205 0.249199 0.261155 0.273063 0.284908 0.296676 0.308352 0.319919 0.331359 0.342653 0.353781 0.364722 0.375452 0.385948 0.396185 0.406137 0.415778 0.425079 0.434012 0.442548 0.450659 0.458315 0.465488 0.472149 0.478270 0.483827 0.488793 0.493147 0.496868 0.499938 0.502342 0.504068 0.505107 0.505454 0.505107 0.504068 0.502342 0.499938 0.496868 0.493147 0.488793 0.483827 0.478270 0.472149 0.465488 0.458315 0.450659 0.442548 0.434012 0.425079 0.415778 0.406137 0.396185 0.385948 0.375452 0.364722 0.353781 0.342653 0.331359 0.319919 0.308352 0.296676 0.284908 0.273063 0.261155 0.249199 0.237205 0.225187 0.213153 
0.224480 0.236842 0.249199 0.261540 0.273855 0.286131 0.298354 0.310510 0.322583 0.334555 0.346408 0.358123 0.369678 0.381051 0.392218 0.403153 0.413831 0.424224 0.434303 0.444038 0.453399 0.462354 0.470872 0.478920 0.486468 0.493484 0.499938 0.505801 0.511046 0.515647 0.519581 0.522829 0.525373 0.527201 0.528301 0.528668 0.528301 0.527201 0.525373 0.522829 0.519581 0.515647 0.511046 0.505801 0.499938 0.493484 0.486468 0.478920 0.470872 0.462354 0.453399 0.444038 0.434303 0.424224 0.413831 0.403153 0.392218 0.381051 0.369678 0.358123 0.346408 0.334555 0.322583 0.310510 0.298354 0.286131 0.273855 0.261540 0.249199 0.236842 0.224480 
0.235752 0.248451 0.261155 0.273855 0.286540 0.299196 0.311811 0.324368 0.336853 0.349247 0.361531 0.373686 0.385689 0.397516 0.409143 0.420543 0.431688 0.442548 0.453094 0.463292 0.473109 0.482513 0.491467 0.499938 0.507891 0.515291 0.522105 0.528301 0.533848 0.538718 0.542885 0.546327 0.549024 0.550962 0.552130 0.552520 0.552130 0.550962 0.549024 0.546327 0.542885 0.538718 0.533848 0.528301 0.522105 0.515291 0.507891 0.499938 0.491467 0.482513 0.473109 0.463292 0.453094 0.442548 0.431688 0.420543 0.409143 0.397516 0.385689 0.373686 0.361531 0.349247 0.336853 0.324368 0.311811 0.299196 0.286540 0.273855 0.261155 0.248451 0.235752 
0.246959 0.260002 0.273063 0.286131 0.299196 0.312245 0.325264 0.338238 0.351150 0.363983 0.376718 0.389332 0.401804 0.414109 0.426220 0.438111 0.449750 0.461107 0.472149 0.482841 0.493147 0.503032 0.512456 0.521382 0.529773 0.537589 0.544794 0.551351 0.557228 0.562391 0.566813 0.570467 0.573332 0.575392 0.576632 0.577047 0.576632 0.575392 0.573332 0.570467 0.566813 0.562391 0.557228 0.551351 0.544794 0.537589 0.529773 0.521382 0.512456 0.503032 0.493147 0.482841 0.472149 0.461107 0.449750 0.438111 0.426220 0.414109 0.401804 0.389332 0.376718 0.363983 0.351150 0.338238 0.325264 0.312245 0.299196 0.286131 0.273063 0.260002 0.246959 
0.258086 0.271482 0.284908 0.298354 0.311811 0.325264 0.338700 0.352105 0.365461 0.378751 0.391954 0.405050 0.418013 0.430820 0.443442 0.455850 0.468013 0.479897 0.491467 0.502687 0.513517 0.523918 0.533848 0.543266 0.552130 0.560397 0.568027 0.574979 0.581215 0.586699 0.591400 0.595287 0.598337 0.600530 0.601851 0.602293 0.601851 0.600530 0.598337 0.595287 0.591400 0.586699 0.581215 0.574979 0.568027 0.560397 0.552130 0.543266 0.533848 0.523918 0.513517 0.502687 0.491467 0.479897 0.468013 0.455850 0.443442 0.430820 0.418013 0.405050 0.391954 0.378751 0.365461 0.352105 0.338700 0.325264 0.311811 0.298354 0.284908 0.271482 0.258086 
0.269122 0.282877 0.296676 0.310510 0.324368 0.338238 0.352105 0.365955 0.379772 0.393536 0.407228 0.420825 0.434303 0.447636 0.460796 0.473751 0.486468 0.498912 0.511046 0.522829 0.534220 0.545176 0.555652 0.565602 0.574979 0.583737 0.591830 0.599213 0.605843 0.611679 0.616686 0.620830 0.624083 0.626423 0.627834 0.628305 0.627834 0.626423 0.624083 0.620830 0.616686 0.611679 0.605843 0.599213 0.591830 0.583737 0.574979 0.565602 0.555652 0.545176 0.534220 0.522829 0.511046 0.498912 0.486468 0.473751 0.460796 0.447636 0.434303 0.420825 0.407228 0.393536 0.379772 0.365955 0.352105 0.338238 0.324368 0.310510 0.296676 0.282877 0.269122 
0.280049 0.294171 0.308352 0.322583 0.336853 0.351150 0.365461 0.379772 0.394064 0.408321 0.422521 0.436642 0.450659 0.464545 0.478270 0.491803 0.505107 0.518146 0.530880 0.543266 0.555259 0.566813 0.577877 0.588402 0.598337 0.607629 0.616228 0.624083 0.631145 0.637369 0.642713 0.647140 0.650618 0.653121 0.654630 0.655135 0.654630 0.653121 0.650618 0.647140 0.642713 0.637369 0.631145 0.624083 0.616228 0.607629 0.598337 0.588402 0.577877 0.566813 0.555259 0.543266 0.530880 0.518146 0.505107 0.491803 0.478270 0.464545 0.450659 0.436642 0.422521 0.408321 0.394064 0.379772 0.365461 0.351150 0.336853 0.322583 0.308352 0.294171 0.280049 
0.290854 0.305349 0.319919 0.334555 0.349247 0.363983 0.378751 0.393536 0.408321 0.423088 0.437817 0.452484 0.467064 0.481530 0.495850 0.509991 0.523918 0.537589 0.550962 0.563993 0.576632 0.588829 0.600530 0.611679 0.622220 0.632096 0.641248 0.649621 0.657159 0.663811 0.669528 0.674269 0.677996 0.680680 0.682299 0.682840 0.682299 0.680680 0.677996 0.674269 0.669528 0.663811 0.657159 0.649621 0.641248 0.632096 0.622220 0.611679 0.600530 0.588829 0.576632 0.563993 0.550962 0.537589 0.523918 0.509991 0.495850 0.481530 0.467064 0.452484 0.437817 0.423088 0.408321 0.393536 0.378751 0.363983 0.349247 0.334555 0.319919 0.305349 0.290854 
0.301519 0.316393 0.331359 0.346408 0.361531 0.376718 0.391954 0.407228 0.422521 0.437817 0.453094 0.468329 0.483498 0.498571 0.513517 0.528301 0.542885 0.557228 0.571283 0.585004 0.598337 0.611227 0.623616 0.635443 0.646646 0.657159 0.666919 0.675862 0.683925 0.691050 0.697182 0.702271 0.706275 0.709161 0.710903 0.711485 0.710903 0.709161 0.706275 0.702271 0.697182 0.691050 0.683925 0.675862 0.666919 0.657159 0.646646 0.635443 0.623616 0.611227 0.598337 0.585004 0.571283 0.557228 0.542885 0.528301 0.513517 0.498571 0.483498 0.468329 0.453094 0.437817 0.422521 0.407228 0.391954 0.376718 0.361531 0.346408 0.331359 0.316393 0.301519 
0.312028 0.327286 0.342653 0.358123 0.373686 0.389332 0.405050 0.420825 0.436642 0.452484 0.468329 0.484156 0.499938 0.515647 0.531250 0.546711 0.561991 0.577047 0.591830 0.606289 0.620367 0.634005 0.647140 0.659704 0.671628 0.682840 0.693268 0.702840 0.711485 0.719136 0.725729 0.731207 0.735522 0.738634 0.740513 0.741141 0.740513 0.738634 0.735522 0.731207 0.725729 0.719136 0.711485 0.702840 0.693268 0.682840 0.671628 0.659704 0.647140 0.634005 0.620367 0.606289 0.591830 0.577047 0.561991 0.546711 0.531250 0.515647 0.499938 0.484156 0.468329 0.452484 0.436642 0.420825 0.405050 0.389332 0.373686 0.358123 0.342653 0.327286 0.312028 
0.322360 0.338006 0.353781 0.369678 0.385689 0.401804 0.418013 0.434303 0.450659 0.467064 0.483498 0.499938 0.516359 0.532732 0.549024 0.565199 0.581215 0.597027 0.612585 0.627834 0.642713 0.657159 0.671102 0.684468 0.697182 0.709161 0.720326 0.730595 0.739886 0.748122 0.755230 0.761145 0.765809 0.769175 0.771208 0.771889 0.771208 0.769175 0.765809 0.761145 0.755230 0.748122 0.739886 0.730595 0.720326 0.709161 0.697182 0.684468 0.671102 0.657159 0.642713 0.627834 0.612585 0.597027 0.581215 0.565199 0.549024 0.532732 0.516359 0.499938 0.483498 0.467064 0.450659 0.434303 0.418013 0.401804 0.385689 0.369678 0.353781 0.338006 0.322360 
0.332498 0.348535 0.364722 0.381051 0.397516 0.414109 0.430820 0.447636 0.464545 0.481530 0.498571 0.515647 0.532732 0.549799 0.566813 0.583737 0.600530 0.617144 0.633527 0.649621 0.665362 0.680680 0.695500 0.709741 0.723318 0.736143 0.748122 0.759163 0.769175 0.778066 0.785753 0.792159 0.797216 0.800870 0.803078 0.803817 0.803078 0.800870 0.797216 0.792159 0.785753 0.778066 0.769175 0.759163 0.748122 0.736143 0.723318 0.709741 0.695500 0.680680 0.665362 0.649621 0.633527 0.617144 0.600530 0.583737 0.566813 0.549799 0.532732 0.515647 0.498571 0.481530 0.464545 0.447636 0.430820 0.414109 0.397516 0.381051 0.364722 0.348535 0.332498 
0.342420 0.358851 0.375452 0.392218 0.409143 0.426220 0.443442 0.460796 0.478270 0.495850 0.513517 0.531250 0.549024 0.566813 0.584581 0.602293 0.619905 0.637369 0.654630 0.671628 0.688294 0.704554 0.720326 0.735522 0.750048 0.763803 0.776685 0.788587 0.799404 0.809032 0.817371 0.824332 0.829835 0.833815 0.836223 0.837030 0.836223 0.833815 0.829835 0.824332 0.817371 0.809032 0.799404 0.788587 0.776685 0.763803 0.750048 0.735522 0.720326 0.704554 0.688294 0.671628 0.654630 0.637369 0.619905 0.602293 0.584581 0.566813 0.549024 0.531250 0.513517 0.495850 0.478270 0.460796 0.443442 0.426220 0.409143 0.392218 0.375452 0.358851 0.342420 
0.352105 0.368931 0.385948 0.403153 0.420543 0.438111 0.455850 0.473751 0.491803 0.509991 0.528301 0.546711 0.565199 0.583737 0.602293 0.620830 0.639304 0.657667 0.675862 0.693825 0.711485 0.728763 0.745569 0.761808 0.777375 0.792159 0.806043 0.818907 0.830628 0.841086 0.850164 0.857757 0.863769 0.868122 0.870758 0.871641 0.870758 0.868122 0.863769 0.857757 0.850164 0.841086 0.830628 0.818907 0.806043 0.792159 0.777375 0.761808 0.745569 0.728763 0.711485 0.693825 0.675862 0.657667 0.639304 0.620830 0.602293 0.583737 0.565199 0.546711 0.528301 0.509991 0.491803 0.473751 0.455850 0.438111 0.420543 0.403153 0.385948 0.368931 0.352105 
0.361531 0.378751 0.396185 0.413831 0.431688 0.449750 0.468013 0.486468 0.505107 0.523918 0.542885 0.561991 0.581215 0.600530 0.619905 0.639304 0.658684 0.677996 0.697182 0.716176 0.734903 0.753279 0.771208 0.788587 0.805300 0.821223 0.836223 0.850164 0.862904 0.874302 0.884222 0.892536 0.899132 0.903915 0.906814 0.907786 0.906814 0.903915 0.899132 0.892536 0.884222 0.874302 0.862904 0.850164 0.836223 0.821223 0.805300 0.788587 0.771208 0.753279 0.734903 0.716176 0.697182 0.677996 0.658684 0.639304 0.619905 0.600530 0.581215 0.561991 0.542885 0.523918 0.505107 0.486468 0.468013 0.449750 0.431688 0.413831 0.396185 0.378751 0.361531 
0.370676 0.388288 0.406137 0.424224 0.442548 0.461107 0.479897 0.498912 0.518146 0.537589 0.557228 0.577047 0.597027 0.617144 0.637369 0.657667 0.677996 0.698307 0.718542 0.738634 0.758505 0.778066 0.797216 0.815841 0.833815 0.851000 0.867248 0.882399 0.896291 0.908759 0.919642 0.928786 0.936056 0.941337 0.944541 0.945615 0.944541 0.941337 0.936056 0.928786 0.919642 0.908759 0.896291 0.882399 0.867248 0.851000 0.833815 0.815841 0.797216 0.778066 0.758505 0.738634 0.718542 0.698307 0.677996 0.657667 0.637369 0.617144 0.597027 0.577047 0.557228 0.537589 0.518146 0.498912 0.479897 0.461107 0.442548 0.424224 0.406137 0.388288 0.370676 
0.379516 0.397516 0.415778 0.434303 0.453094 0.472149 0.491467 0.511046 0.530880 0.550962 0.571283 0.591830 0.612585 0.633527 0.654630 0.675862 0.697182 0.718542 0.739886 0.761145 0.782240 0.803078 0.823552 0.843540 0.862904 0.881491 0.899132 0.915648 0.930849 0.944541 0.956532 0.966637 0.974691 0.980552 0.984114 0.985309 0.984114 0.980552 0.974691 0.966637 0.956532 0.944541 0.930849 0.915648 0.899132 0.881491 0.862904 0.843540 0.823552 0.803078 0.782240 0.761145 0.739886 0.718542 0.697182 0.675862 0.654630 0.633527 0.612585 0.591830 0.571283 0.550962 0.530880 0.511046 0.491467 0.472149 0.453094 0.434303 0.415778 0.397516 0.379516 
0.388027 0.406410 0.425079 0.444038 0.463292 0.482841 0.502687 0.522829 0.543266 0.563993 0.585004 0.606289 0.627834 0.649621 0.671628 0.693825 0.716176 0.738634 0.761145 0.783642 0.806043 0.828255 0.850164 0.871641 0.892536 0.912680 0.931885 0.949944 0.966637 0.981736 0.995009 1.006235 1.015207 1.021753 1.025736 1.027074 1.025736 1.021753 1.015207 1.006235 0.995009 0.981736 0.966637 0.949944 0.931885 0.912680 0.892536 0.871641 0.850164 0.828255 0.806043 0.783642 0.761145 0.738634 0.716176 0.693825 0.671628 0.649621 0.627834 0.606289 0.585004 0.563993 0.543266 0.522829 0.502687 0.482841 0.463292 0.444038 0.425079 0.406410 0.388027 
0.396185 0.414942 0.434012 0.453399 0.473109 0.493147 0.513517 0.534220 0.555259 0.576632 0.598337 0.620367 0.642713 0.665362 0.688294 0.711485 0.734903 0.758505 0.782240 0.806043 0.829835 0.853520 0.876982 0.900084 0.922665 0.944541 0.965501 0.985309 1.003710 1.020434 1.035203 1.047743 1.057803 1.065161 1.069648 1.071156 1.069648 1.065161 1.057803 1.047743 1.035203 1.020434 1.003710 0.985309 0.965501 0.944541 0.922665 0.900084 0.876982 0.853520 0.829835 0.806043 0.782240 0.758505 0.734903 0.711485 0.688294 0.665362 0.642713 0.620367 0.598337 0.576632 0.555259 0.534220 0.513517 0.493147 0.473109 0.453399 0.434012 0.414942 0.396185 
0.403965 0.423088 0.442548 0.462354 0.482513 0.503032 0.523918 0.545176 0.566813 0.588829 0.611227 0.634005 0.657159 0.680680 0.704554 0.728763 0.753279 0.778066 0.803078 0.828255 0.853520 0.878779 0.903915 0.928786 0.953223 0.977024 0.999956 1.021753 1.042117 1.060728 1.077251 1.091349 1.102704 1.111038 1.116132 1.117846 1.116132 1.111038 1.102704 1.091349 1.077251 1.060728 1.042117 1.021753 0.999956 0.977024 0.953223 0.928786 0.903915 0.878779 0.853520 0.828255 0.803078 0.778066 0.753279 0.728763 0.704554 0.680680 0.657159 0.634005 0.611227 0.588829 0.566813 0.545176 0.523918 0.503032 0.482513 0.462354 0.442548 0.423088 0.403965 
0.411343 0.430820 0.450659 0.470872 0.491467 0.512456 0.533848 0.555652 0.577877 0.600530 0.623616 0.647140 0.671102 0.695500 0.720326 0.745569 0.771208 0.797216 0.823552 0.850164 0.876982 0.903915 0.930849 0.957641 0.984114 1.010053 1.035203 1.059262 1.081890 1.102704 1.121299 1.137257 1.150177 1.159697 1.165532 1.167499 1.165532 1.159697 1.150177 1.137257 1.121299 1.102704 1.081890 1.059262 1.035203 1.010053 0.984114 0.957641 0.930849 0.903915 0.876982 0.850164 0.823552 0.797216 0.771208 0.745569 0.720326 0.695500 0.671102 0.647140 0.623616 0.600530 0.577877 0.555652 0.533848 0.512456 0.491467 0.470872 0.450659 0.430820 0.411343 
0.418294 0.438111 0.458315 0.478920 0.499938 0.521382 0.543266 0.565602 0.588402 0.611679 0.635443 0.659704 0.684468 0.709741 0.735522 0.761808 0.788587 0.815841 0.843540 0.871641 0.900084 0.928786 0.957641 0.986508 1.015207 1.043515 1.071156 1.097794 1.123038 1.146438 1.167499 1.185700 1.200527 1.211508 1.218262 1.220543 1.218262 1.211508 1.200527 1.185700 1.167499 1.146438 1.123038 1.097794 1.071156 1.043515 1.015207 0.986508 0.957641 0.928786 0.900084 0.871641 0.843540 0.815841 0.788587 0.761808 0.735522 0.709741 0.684468 0.659704 0.635443 0.611679 0.588402 0.565602 0.543266 0.521382 0.499938 0.478920 0.458315 0.438111 0.418294 
0.424794 0.444935 0.465488 0.486468 0.507891 0.529773 0.552130 0.574979 0.598337 0.622220 0.646646 0.671628 0.697182 0.723318 0.750048 0.777375 0.805300 0.833815 0.862904 0.892536 0.922665 0.953223 0.984114 1.015207 1.046329 1.077251 1.107682 1.137257 1.165532 1.191979 1.215997 1.236930 1.254113 1.266919 1.274833 1.277510 1.274833 1.266919 1.254113 1.236930 1.215997 1.191979 1.165532 1.137257 1.107682 1.077251 1.046329 1.015207 0.984114 0.953223 0.922665 0.892536 0.862904 0.833815 0.805300 0.777375 0.750048 0.723318 0.697182 0.671628 0.646646 0.622220 0.598337 0.574979 0.552130 0.529773 0.507891 0.486468 0.465488 0.444935 0.424794 
0.430820 0.451266 0.472149 0.493484 0.515291 0.537589 0.560397 0.583737 0.607629 0.632096 0.657159 0.682840 0.709161 0.736143 0.763803 0.792159 0.821223 0.851000 0.881491 0.912680 0.944541 0.977024 1.010053 1.043515 1.077251 1.111038 1.144583 1.177497 1.209284 1.239334 1.266919 1.291215 1.311350 1.326477 1.335879 1.339071 1.335879 1.326477 1.311350 1.291215 1.266919 1.239334 1.209284 1.177497 1.144583 1.111038 1.077251 1.043515 1.010053 0.977024 0.944541 0.912680 0.881491 0.851000 0.821223 0.792159 0.763803 0.736143 0.709161 0.682840 0.657159 0.632096 0.607629 0.583737 0.560397 0.537589 0.515291 0.493484 0.472149 0.451266 0.430820 
0.436349 0.457081 0.478270 0.499938 0.522105 0.544794 0.568027 0.591830 0.616228 0.641248 0.666919 0.693268 0.720326 0.748122 0.776685 0.806043 0.836223 0.867248 0.899132 0.931885 0.965501 0.999956 1.035203 1.071156 1.107682 1.144583 1.181575 1.218262 1.254113 1.288431 1.320347 1.348825 1.372714 1.390850 1.402210 1.406081 1.402210 1.390850 1.372714 1.348825 1.320347 1.288431 1.254113 1.218262 1.181575 1.144583 1.107682 1.071156 1.035203 0.999956 0.965501 0.931885 0.899132 0.867248 0.836223 0.806043 0.776685 0.748122 0.720326 0.693268 0.666919 0.641248 0.616228 0.591830 0.568027 0.544794 0.522105 0.499938 0.478270 0.457081 0.436349 
0.441360 0.462354 0.483827 0.505801 0.528301 0.551351 0.574979 0.599213 0.624083 0.649621 0.675862 0.702840 0.730595 0.759163 0.788587 0.818907 0.850164 0.882399 0.915648 0.949944 0.985309 1.021753 1.059262 1.097794 1.137257 1.177497 1.218262 1.259180 1.299703 1.339071 1.376266 1.409997 1.438740 1.460865 1.474868 1.479667 1.474868 1.460865 1.438740 1.409997 1.376266 1.339071 1.299703 1.259180 1.218262 1.177497 1.137257 1.097794 1.059262 1.021753 0.985309 0.949944 0.915648 0.882399 0.850164 0.818907 0.788587 0.759163 0.730595 0.702840 0.675862 0.649621 0.624083 0.599213 0.574979 0.551351 0.528301 0.505801 0.483827 0.462354 0.441360 
0.445833 0.467064 0.488793 0.511046 0.533848 0.557228 0.581215 0.605843 0.631145 0.657159 0.683925 0.711485 0.739886 0.769175 0.799404 0.830628 0.862904 0.896291 0.930849 0.966637 1.003710 1.042117 1.081890 1.123038 1.165532 1.209284 1.254113 1.299703 1.345543 1.390850 1.434483 1.474868 1.509992 1.537538 1.555226 1.561338 1.555226 1.537538 1.509992 1.474868 1.434483 1.390850 1.345543 1.299703 1.254113 1.209284 1.165532 1.123038 1.081890 1.042117 1.003710 0.966637 0.930849 0.896291 0.862904 0.830628 0.799404 0.769175 0.739886 0.711485 0.683925 0.657159 0.631145 0.605843 0.581215 0.557228 0.533848 0.511046 0.488793 0.467064 0.445833 
0.449750 0.471190 0.493147 0.515647 0.538718 0.562391 0.586699 0.611679 0.637369 0.663811 0.691050 0.719136 0.748122 0.778066 0.809032 0.841086 0.874302 0.908759 0.944541 0.981736 1.020434 1.060728 1.102704 1.146438 1.191979 1.239334 1.288431 1.339071 1.390850 1.443052 1.494488 1.543331 1.586975 1.622101 1.645134 1.653187 1.645134 1.622101 1.586975 1.543331 1.494488 1.443052 1.390850 1.339071 1.288431 1.239334 1.191979 1.146438 1.102704 1.060728 1.020434 0.981736 0.944541 0.908759 0.874302 0.841086 0.809032 0.778066 0.748122 0.719136 0.691050 0.663811 0.637369 0.611679 0.586699 0.562391 0.538718 0.515647 0.493147 0.471190 0.449750 
0.453094 0.474715 0.496868 0.519581 0.542885 0.566813 0.591400 0.616686 0.642713 0.669528 0.697182 0.725729 0.755230 0.785753 0.817371 0.850164 0.884222 0.919642 0.956532 0.995009 1.035203 1.077251 1.121299 1.167499 1.215997 1.266919 1.320347 1.376266 1.434483 1.494488 1.555226 1.614769 1.669917 1.715959 1.747118 1.758218 1.747118 1.715959 1.669917 1.614769 1.555226 1.494488 1.434483 1.376266 1.320347 1.266919 1.215997 1.167499 1.121299 1.077251 1.035203 0.995009 0.956532 0.919642 0.884222 0.850164 0.817371 0.785753 0.755230 0.725729 0.697182 0.669528 0.642713 0.616686 0.591400 0.566813 0.542885 0.519581 0.496868 0.474715 0.453094 
0.455850 0.477622 0.499938 0.522829 0.546327 0.570467 0.595287 0.620830 0.647140 0.674269 0.702271 0.731207 0.761145 0.792159 0.824332 0.857757 0.892536 0.928786 0.966637 1.006235 1.047743 1.091349 1.137257 1.185700 1.236930 1.291215 1.348825 1.409997 1.474868 1.543331 1.614769 1.687555 1.758218 1.820411 1.864640 1.880897 1.864640 1.820411 1.758218 1.687555 1.614769 1.543331 1.474868 1.409997 1.348825 1.291215 1.236930 1.185700 1.137257 1.091349 1.047743 1.006235 0.966637 0.928786 0.892536 0.857757 0.824332 0.792159 0.761145 0.731207 0.702271 0.674269 0.647140 0.620830 0.595287 0.570467 0.546327 0.522829 0.499938 0.477622 0.455850 
0.458006 0.479897 0.502342 0.525373 0.549024 0.573332 0.598337 0.624083 0.650618 0.677996 0.706275 0.735522 0.765809 0.797216 0.829835 0.863769 0.899132 0.936056 0.974691 1.015207 1.057803 1.102704 1.150177 1.200527 1.254113 1.311350 1.372714 1.438740 1.509992 1.586975 1.669917 1.758218 1.849191 1.935539 2.002138 2.028063 2.002138 1.935539 1.849191 1.758218 1.669917 1.586975 1.509992 1.438740 1.372714 1.311350 1.254113 1.200527 1.150177 1.102704 1.057803 1.015207 0.974691 0.936056 0.899132 0.863769 0.829835 0.797216 0.765809 0.735522 0.706275 0.677996 0.650618 0.624083 0.598337 0.573332 0.549024 0.525373 0.502342 0.479897 0.458006 
0.459554 0.481530 0.504068 0.527201 0.550962 0.575392 0.600530 0.626423 0.653121 0.680680 0.709161 0.738634 0.769175 0.800870 0.833815 0.868122 0.903915 0.941337 0.980552 1.021753 1.065161 1.111038 1.159697 1.211508 1.266919 1.326477 1.390850 1.460865 1.537538 1.622101 1.715959 1.820411 1.935539 2.056458 2.163074 2.209603 2.163074 2.056458 1.935539 1.820411 1.715959 1.622101 1.537538 1.460865 1.390850 1.326477 1.266919 1.211508 1.159697 1.111038 1.065161 1.021753 0.980552 0.941337 0.903915 0.868122 0.833815 0.800870 0.769175 0.738634 0.709161 0.680680 0.653121 0.626423 0.600530 0.575392 0.550962 0.527201 0.504068 0.481530 0.459554 
0.460485 0.482513 0.505107 0.528301 0.552130 0.576632 0.601851 0.627834 0.654630 0.682299 0.710903 0.740513 0.771208 0.803078 0.836223 0.870758 0.906814 0.944541 0.984114 1.025736 1.069648 1.116132 1.165532 1.218262 1.274833 1.335879 1.402210 1.474868 1.555226 1.645134 1.747118 1.864640 2.002138 2.163074 2.335075 2.429270 2.335075 2.163074 2.002138 1.864640 1.747118 1.645134 1.555226 1.474868 1.402210 1.335879 1.274833 1.218262 1.165532 1.116132 1.069648 1.025736 0.984114 0.944541 0.906814 0.870758 0.836223 0.803078 0.771208 0.740513 0.710903 0.682299 0.654630 0.627834 0.601851 0.576632 0.552130 0.528301 0.505107 0.482513 0.460485 
0.460796 0.482841 0.505454 0.528668 0.552520 0.577047 0.602293 0.628305 0.655135 0.682840 0.711485 0.741141 0.771889 0.803817 0.837030 0.871641 0.907786 0.945615 0.985309 1.027074 1.071156 1.117846 1.167499 1.220543 1.277510 1.339071 1.406081 1.479667 1.561338 1.653187 1.758218 1.880897 2.028063 2.209603 2.429270 2.578326 2.429270 2.209603 2.028063 1.880897 1.758218 1.653187 1.561338 1.479667 1.406081 1.339071 1.277510 1.220543 1.167499 1.117846 1.071156 1.027074 0.985309 0.945615 0.907786 0.871641 0.837030 0.803817 0.771889 0.741141 0.711485 0.682840 0.655135 0.628305 0.602293 0.577047 0.552520 0.528668 0.505454 0.482841 0.460796 
0.460796 0.482841 0.505454 0.528668 0.552520 0.577047 0.602293 0.628305 0.655135 0.682840 0.711485 0.741141 0.771889 0.803817 0.837029 0.871641 0.907785 0.945615 0.985309 1.027074 1.071155 1.117846 1.167499 1.220543 1.277510 1.339070 1.406081 1.479666 1.561337 1.653186 1.758216 1.880896 2.028060 2.209597 2.429257 2.578302 2.429257 2.209597 2.028060 1.880896 1.758216 1.653186 1.561337 1.479666 1.406081 1.339070 1.277510 1.220543 1.167499 1.117846 1.071155 1.027074 0.985309 0.945615 0.907785 0.871641 0.837029 0.803817 0.771889 0.741141 0.711485 0.682840 0.655135 0.628305 0.602293 0.577047 0.552520 0.528668 0.505454 0.482841 0.460796 
0.460796 0.482841 0.505454 0.528668 0.552519 0.577047 0.602293 0.628305 0.655135 0.682840 0.711485 0.741141 0.771888 0.803817 0.837029 0.871641 0.907785 0.945615 0.985308 1.027073 1.071155 1.117846 1.167498 1.220542 1.277509 1.339069 1.406080 1.479665 1.561335 1.653184 1.758212 1.880890 2.028051 2.209579 2.429218 2.578232 2.429218 2.209579 2.028051 1.880890 1.758212 1.653184 1.561335 1.479665 1.406080 1.339069 1.277509 1.220542 1.167498 1.117846 1.071155 1.027073 0.985308 0.945615 0.907785 0.871641 0.837029 0.803817 0.771888 0.741141 0.711485 0.682840 0.655135 0.628305 0.602293 0.577047 0.552519 0.528668 0.505454 0.482841 0.460796 
0.460471 0.482498 0.505092 0.528285 0.552113 0.576614 0.601832 0.627813 0.654608 0.682276 0.710878 0.740486 0.771179 0.803046 0.836189 0.870720 0.906772 0.944495 0.984062 1.025678 1.069582 1.116058 1.165447 1.218164 1.274717 1.335741 1.402043 1.474661 1.554963 1.644789 1.746645 1.863953 2.001061 2.161214 2.331645 2.424403 2.331645 2.161214 2.001061 1.863953 1.746645 1.644789 1.554963 1.474661 1.402043 1.335741 1.274717 1.218164 1.165447 1.116058 1.069582 1.025678 0.984062 0.944495 0.906772 0.870720 0.836189 0.803046 0.771179 0.740486 0.710878 0.682276 0.654608 0.627813 0.601832 0.576614 0.552113 0.528285 0.505092 0.482498 0.460471 
0.459527 0.481501 0.504038 0.527169 0.550929 0.575356 0.600492 0.626382 0.653077 0.680633 0.709111 0.738580 0.769116 0.800806 0.833746 0.868047 0.903832 0.941245 0.980450 1.021638 1.065032 1.110893 1.159530 1.211315 1.266694 1.326210 1.390529 1.460470 1.537042 1.621461 1.715105 1.819225 1.933821 2.053893 2.159386 2.205267 2.159386 2.053893 1.933821 1.819225 1.715105 1.621461 1.537042 1.460470 1.390529 1.326210 1.266694 1.211315 1.159530 1.110893 1.065032 1.021638 0.980450 0.941245 0.903832 0.868047 0.833746 0.800806 0.769116 0.738580 0.709111 0.680633 0.653077 0.626382 0.600492 0.575356 0.550929 0.527169 0.504038 0.481501 0.459527 
0.457966 0.479855 0.502297 0.525326 0.548974 0.573279 0.598280 0.624022 0.650553 0.677927 0.706201 0.735442 0.765722 0.797122 0.829733 0.863657 0.899009 0.935921 0.974540 1.015039 1.057614 1.102491 1.149933 1.200247 1.253787 1.310967 1.372257 1.438186 1.509308 1.586113 1.668808 1.756759 1.847246 1.932970 1.998941 2.024579 1.998941 1.932970 1.847246 1.756759 1.668808 1.586113 1.509308 1.438186 1.372257 1.310967 1.253787 1.200247 1.149933 1.102491 1.057614 1.015039 0.974540 0.935921 0.899009 0.863657 0.829733 0.797122 0.765722 0.735442 0.706201 0.677927 0.650553 0.624022 0.598280 0.573279 0.548974 0.525326 0.502297 0.479855 0.457966 
0.455797 0.477566 0.499879 0.522767 0.546261 0.570396 0.595212 0.620750 0.647055 0.674177 0.702173 0.731101 0.761031 0.792035 0.824198 0.857610 0.892375 0.928609 0.966441 1.006016 1.047499 1.091073 1.136945 1.185343 1.236517 1.290734 1.348257 1.409319 1.474047 1.542325 1.613522 1.685996 1.756276 1.818050 1.861921 1.878033 1.861921 1.818050 1.756276 1.685996 1.613522 1.542325 1.474047 1.409319 1.348257 1.290734 1.236517 1.185343 1.136945 1.091073 1.047499 1.006016 0.966441 0.928609 0.892375 0.857610 0.824198 0.792035 0.761031 0.731101 0.702173 0.674177 0.647055 0.620750 0.595212 0.570396 0.546261 0.522767 0.499879 0.477566 0.455797 
0.453028 0.474646 0.496795 0.519504 0.542803 0.566725 0.591307 0.616587 0.642608 0.669415 0.697061 0.725598 0.755090 0.785601 0.817206 0.849984 0.884025 0.919426 0.956293 0.994745 1.034908 1.076920 1.120926 1.167075 1.215510 1.266358 1.319693 1.375498 1.433573 1.493402 1.553925 1.613211 1.668073 1.713834 1.744777 1.755794 1.744777 1.713834 1.668073 1.613211 1.553925 1.493402 1.433573 1.375498 1.319693 1.266358 1.215510 1.167075 1.120926 1.076920 1.034908 0.994745 0.956293 0.919426 0.884025 0.849984 0.817206 0.785601 0.755090 0.725598 0.697061 0.669415 0.642608 0.616587 0.591307 0.566725 0.542803 0.519504 0.496795 0.474646 0.453028 
0.449672 0.471108 0.493060 0.515555 0.538620 0.562288 0.586590 0.611562 0.637244 0.663677 0.690907 0.718982 0.747956 0.777887 0.808838 0.840875 0.874072 0.908508 0.944264 0.981430 1.020094 1.060349 1.102279 1.145958 1.191434 1.238712 1.287715 1.338243 1.389890 1.441933 1.493186 1.541824 1.585257 1.620191 1.643085 1.651087 1.643085 1.620191 1.585257 1.541824 1.493186 1.441933 1.389890 1.338243 1.287715 1.238712 1.191434 1.145958 1.102279 1.060349 1.020094 0.981430 0.944264 0.908508 0.874072 0.840875 0.808838 0.777887 0.747956 0.718982 0.690907 0.663677 0.637244 0.611562 0.586590 0.562288 0.538620 0.515555 0.493060 0.471108 0.449672 
0.445743 0.466969 0.488693 0.510940 0.533736 0.557109 0.581089 0.605708 0.631002 0.657006 0.683761 0.711310 0.739697 0.768971 0.799184 0.830389 0.862644 0.896007 0.930538 0.966294 1.003332 1.041696 1.081421 1.122513 1.164942 1.208617 1.253356 1.298841 1.344560 1.389730 1.433210 1.473435 1.508402 1.535812 1.553407 1.559484 1.553407 1.535812 1.508402 1.473435 1.433210 1.389730 1.344560 1.298841 1.253356 1.208617 1.164942 1.122513 1.081421 1.041696 1.003332 0.966294 0.930538 0.896007 0.862644 0.830389 0.799184 0.768971 0.739697 0.711310 0.683761 0.657006 0.631002 0.605708 0.581089 0.557109 0.533736 0.510940 0.488693 0.466969 0.445743 
0.441258 0.462246 0.483713 0.505682 0.528174 0.551217 0.574837 0.599062 0.623922 0.649450 0.675679 0.702644 0.730384 0.758937 0.788342 0.818642 0.849877 0.882086 0.915306 0.949569 0.984897 1.021298 1.058759 1.097235 1.136634 1.176799 1.217481 1.258302 1.298718 1.337968 1.375039 1.408644 1.437268 1.459294 1.473231 1.478007 1.473231 1.459294 1.437268 1.408644 1.375039 1.337968 1.298718 1.258302 1.217481 1.176799 1.136634 1.097235 1.058759 1.021298 0.984897 0.949569 0.915306 0.882086 0.849877 0.818642 0.788342 0.758937 0.730384 0.702644 0.675679 0.649450 0.623922 0.599062 0.574837 0.551217 0.528174 0.505682 0.483713 0.462246 0.441258 
0.436236 0.456961 0.478145 0.499806 0.521965 0.544645 0.567870 0.591663 0.616051 0.641060 0.666718 0.693053 0.720095 0.747874 0.776418 0.805755 0.835912 0.866909 0.898764 0.931483 0.965061 0.999474 1.034673 1.070571 1.107035 1.143867 1.180781 1.217383 1.253140 1.287359 1.319172 1.347550 1.371348 1.389411 1.400722 1.404577 1.400722 1.389411 1.371348 1.347550 1.319172 1.287359 1.253140 1.217383 1.180781 1.143867 1.107035 1.070571 1.034673 0.999474 0.965061 0.931483 0.898764 0.866909 0.835912 0.805755 0.776418 0.747874 0.720095 0.693053 0.666718 0.641060 0.616051 0.591663 0.567870 0.544645 0.521965 0.499806 0.478145 0.456961 0.436236 
0.430695 0.451136 0.472011 0.493339 0.515138 0.537427 0.560226 0.583556 0.607437 0.631891 0.656941 0.682607 0.708912 0.735875 0.763516 0.791850 0.820890 0.850640 0.881101 0.912257 0.944080 0.976521 1.009503 1.042913 1.076590 1.110314 1.143788 1.176625 1.208332 1.238298 1.265798 1.290014 1.310078 1.325149 1.334515 1.337694 1.334515 1.325149 1.310078 1.290014 1.265798 1.238298 1.208332 1.176625 1.143788 1.110314 1.076590 1.042913 1.009503 0.976521 0.944080 0.912257 0.881101 0.850640 0.820890 0.791850 0.763516 0.735875 0.708912 0.682607 0.656941 0.631891 0.607437 0.583556 0.560226 0.537427 0.515138 0.493339 0.472011 0.451136 0.430695 
0.424659 0.444793 0.465339 0.486311 0.507726 0.529598 0.551945 0.574784 0.598130 0.622001 0.646412 0.671379 0.696916 0.723034 0.749743 0.777048 0.804949 0.833437 0.862496 0.892095 0.922187 0.952704 0.983550 1.014594 1.045661 1.076524 1.106892 1.136400 1.164606 1.190981 1.214929 1.235798 1.252924 1.265687 1.273572 1.276240 1.273572 1.265687 1.252924 1.235798 1.214929 1.190981 1.164606 1.136400 1.106892 1.076524 1.045661 1.014594 0.983550 0.952704 0.922187 0.892095 0.862496 0.833437 0.804949 0.777048 0.749743 0.723034 0.696916 0.671379 0.646412 0.622001 0.598130 0.574784 0.551945 0.529598 0.507726 0.486311 0.465339 0.444793 0.424659 
0.418149 0.437959 0.458156 0.478752 0.499761 0.521196 0.543069 0.565394 0.588182 0.611446 0.635196 0.659441 0.684188 0.709442 0.735202 0.761465 0.788220 0.815447 0.843117 0.871185 0.899592 0.928256 0.957068 0.985888 1.014538 1.042793 1.070376 1.096956 1.122139 1.145479 1.166482 1.184631 1.199412 1.210358 1.217091 1.219364 1.217091 1.210358 1.199412 1.184631 1.166482 1.145479 1.122139 1.096956 1.070376 1.042793 1.014538 0.985888 0.957068 0.928256 0.899592 0.871185 0.843117 0.815447 0.788220 0.761465 0.735202 0.709442 0.684188 0.659441 0.635196 0.611446 0.588182 0.565394 0.543069 0.521196 0.499761 0.478752 0.458156 0.437959 0.418149 
0.411188 0.430658 0.450490 0.470693 0.491280 0.512258 0.533640 0.555432 0.577645 0.600284 0.623356 0.646863 0.670808 0.695187 0.719993 0.745213 0.770829 0.796810 0.823117 0.849697 0.876481 0.903377 0.930271 0.957020 0.983447 1.009338 1.034437 1.058445 1.081020 1.101784 1.120330 1.136245 1.149127 1.158619 1.164437 1.166398 1.164437 1.158619 1.149127 1.136245 1.120330 1.101784 1.081020 1.058445 1.034437 1.009338 0.983447 0.957020 0.930271 0.903377 0.876481 0.849697 0.823117 0.796810 0.770829 0.745213 0.719993 0.695187 0.670808 0.646863 0.623356 0.600284 0.577645 0.555432 0.533640 0.512258 0.491280 0.470693 0.450490 0.430658 0.411188 
0.403802 0.422917 0.442369 0.462166 0.482315 0.502824 0.523699 0.544946 0.566569 0.588572 0.610955 0.633717 0.656854 0.680356 0.704209 0.728396 0.752888 0.777650 0.802634 0.827780 0.853013 0.878237 0.903336 0.928167 0.952563 0.976320 0.999207 1.020958 1.041277 1.059845 1.076326 1.090388 1.101713 1.110024 1.115104 1.116813 1.115104 1.110024 1.101713 1.090388 1.076326 1.059845 1.041277 1.020958 0.999207 0.976320 0.952563 0.928167 0.903336 0.878237 0.853013 0.827780 0.802634 0.777650 0.752888 0.728396 0.704209 0.680356 0.656854 0.633717 0.610955 0.588572 0.566569 0.544946 0.523699 0.502824 0.482315 0.462166 0.442369 0.422917 0.403802 
0.396014 0.414763 0.433824 0.453202 0.472902 0.492930 0.513288 0.533980 0.555006 0.576365 0.598055 0.620069 0.642398 0.665028 0.687940 0.711110 0.734504 0.758081 0.781789 0.805564 0.829325 0.852977 0.876404 0.899469 0.922013 0.943850 0.964769 0.984538 1.002900 1.019586 1.034320 1.046830 1.056864 1.064203 1.068678 1.070182 1.068678 1.064203 1.056864 1.046830 1.034320 1.019586 1.002900 0.984538 0.964769 0.943850 0.922013 0.899469 0.876404 0.852977 0.829325 0.805564 0.781789 0.758081 0.734504 0.711110 0.687940 0.665028 0.642398 0.620069 0.598055 0.576365 0.555006 0.533980 0.513288 0.492930 0.472902 0.453202 0.433824 0.414763 0.396014 
0.387848 0.406222 0.424883 0.443833 0.463076 0.482615 0.502449 0.522580 0.543004 0.563717 0.584713 0.605982 0.627509 0.649279 0.671266 0.693442 0.715770 0.738204 0.760690 0.783159 0.805532 0.827713 0.849590 0.871033 0.891894 0.912003 0.931172 0.949195 0.965855 0.980921 0.994165 1.005364 1.014315 1.020845 1.024819 1.026153 1.024819 1.020845 1.014315 1.005364 0.994165 0.980921 0.965855 0.949195 0.931172 0.912003 0.891894 0.871033 0.849590 0.827713 0.805532 0.783159 0.760690 0.738204 0.715770 0.693442 0.671266 0.649279 0.627509 0.605982 0.584713 0.563717 0.543004 0.522580 0.502449 0.482615 0.463076 0.443833 0.424883 0.406222 0.387848 
0.379330 0.397321 0.415574 0.434090 0.452870 0.471915 0.491222 0.510789 0.530610 0.550678 0.570985 0.591515 0.612254 0.633178 0.654262 0.675473 0.696771 0.718108 0.739428 0.760661 0.781729 0.802539 0.822983 0.842941 0.862273 0.880828 0.898438 0.914923 0.930094 0.943758 0.955723 0.965806 0.973841 0.979689 0.983243 0.984435 0.983243 0.979689 0.973841 0.965806 0.955723 0.943758 0.930094 0.914923 0.898438 0.880828 0.862273 0.842941 0.822983 0.802539 0.781729 0.760661 0.739428 0.718108 0.696771 0.675473 0.654262 0.633178 0.612254 0.591515 0.570985 0.550678 0.530610 0.510789 0.491222 0.471915 0.452870 0.434090 0.415574 0.397321 0.379330 
0.370483 0.388086 0.405927 0.424004 0.442318 0.460866 0.479644 0.498648 0.517869 0.537298 0.556922 0.576726 0.596690 0.616789 0.636996 0.657274 0.677582 0.697871 0.718083 0.738151 0.757996 0.777531 0.796654 0.815251 0.833196 0.850353 0.866572 0.881696 0.895562 0.908005 0.918866 0.927991 0.935245 0.940514 0.943712 0.944784 0.943712 0.940514 0.935245 0.927991 0.918866 0.908005 0.895562 0.881696 0.866572 0.850353 0.833196 0.815251 0.796654 0.777531 0.757996 0.738151 0.718083 0.697871 0.677582 0.657274 0.636996 0.616789 0.596690 0.576726 0.556922 0.537298 0.517869 0.498648 0.479644 0.460866 0.442318 0.424004 0.405927 0.388086 0.370483 
0.361332 0.378543 0.395968 0.413605 0.431451 0.449503 0.467754 0.486197 0.504824 0.523621 0.542574 0.561665 0.580873 0.600171 0.619528 0.638908 0.658268 0.677559 0.696723 0.715694 0.734397 0.752749 0.770653 0.788007 0.804694 0.820591 0.835566 0.849482 0.862199 0.873576 0.883476 0.891774 0.898356 0.903129 0.906022 0.906992 0.906022 0.903129 0.898356 0.891774 0.883476 0.873576 0.862199 0.849482 0.835566 0.820591 0.804694 0.788007 0.770653 0.752749 0.734397 0.715694 0.696723 0.677559 0.658268 0.638908 0.619528 0.600171 0.580873 0.561665 0.542574 0.523621 0.504824 0.486197 0.467754 0.449503 0.431451 0.413605 0.395968 0.378543 0.361332 
0.351899 0.368717 0.385725 0.402921 0.420300 0.437858 0.455586 0.473475 0.491514 0.509690 0.527985 0.546381 0.564853 0.583374 0.601913 0.620432 0.638887 0.657230 0.675404 0.693346 0.710984 0.728239 0.745022 0.761238 0.776781 0.791542 0.805404 0.818246 0.829946 0.840385 0.849447 0.857025 0.863025 0.867370 0.870001 0.870882 0.870001 0.867370 0.863025 0.857025 0.849447 0.840385 0.829946 0.818246 0.805404 0.791542 0.776781 0.761238 0.745022 0.728239 0.710984 0.693346 0.675404 0.657230 0.638887 0.620432 0.601913 0.583374 0.564853 0.546381 0.527985 0.509690 0.491514 0.473475 0.455586 0.437858 0.420300 0.402921 0.385725 0.368717 0.351899 
0.342209 0.358632 0.375224 0.391980 0.408895 0.425962 0.443173 0.460515 0.477977 0.495544 0.513197 0.530916 0.548675 0.566448 0.584200 0.601894 0.619488 0.636933 0.654175 0.671153 0.687798 0.704037 0.719788 0.734963 0.749467 0.763201 0.776063 0.787946 0.798744 0.808355 0.816680 0.823628 0.829121 0.833093 0.835497 0.836301 0.835497 0.833093 0.829121 0.823628 0.816680 0.808355 0.798744 0.787946 0.776063 0.763201 0.749467 0.734963 0.719788 0.704037 0.687798 0.671153 0.654175 0.636933 0.619488 0.601894 0.584200 0.566448 0.548675 0.530916 0.513197 0.495544 0.477977 0.460515 0.443173 0.425962 0.408895 0.391980 0.375224 0.358632 0.342209 
0.332282 0.348311 0.364489 0.380808 0.397264 0.413846 0.430546 0.447352 0.464248 0.481220 0.498248 0.515310 0.532381 0.549432 0.566430 0.583338 0.600114 0.616710 0.633075 0.649150 0.664872 0.680170 0.694971 0.709192 0.722750 0.735556 0.747517 0.758541 0.768536 0.777412 0.785086 0.791481 0.796529 0.800176 0.802380 0.803118 0.802380 0.800176 0.796529 0.791481 0.785086 0.777412 0.768536 0.758541 0.747517 0.735556 0.722750 0.709192 0.694971 0.680170 0.664872 0.649150 0.633075 0.616710 0.600114 0.583338 0.566430 0.549432 0.532381 0.515310 0.498248 0.481220 0.464248 0.447352 0.430546 0.413846 0.397264 0.380808 0.364489 0.348311 0.332282 
0.322140 0.337778 0.353544 0.369431 0.385432 0.401538 0.417736 0.434015 0.450359 0.466752 0.483173 0.499600 0.516007 0.532365 0.548642 0.564801 0.580801 0.596596 0.612137 0.627368 0.642230 0.656658 0.670582 0.683931 0.696626 0.708589 0.719737 0.729990 0.739266 0.747489 0.754586 0.760491 0.765146 0.768506 0.770537 0.771216 0.770537 0.768506 0.765146 0.760491 0.754586 0.747489 0.739266 0.729990 0.719737 0.708589 0.696626 0.683931 0.670582 0.656658 0.642230 0.627368 0.612137 0.596596 0.580801 0.564801 0.548642 0.532365 0.516007 0.499600 0.483173 0.466752 0.450359 0.434015 0.417736 0.401538 0.385432 0.369431 0.353544 0.337778 0.322140 
0.311804 0.327053 0.342412 0.357873 0.373426 0.389062 0.404770 0.420534 0.436340 0.452169 0.468002 0.483816 0.499585 0.515280 0.530868 0.546315 0.561579 0.576619 0.591386 0.605828 0.619890 0.633512 0.646630 0.659177 0.671085 0.682282 0.692695 0.702253 0.710884 0.718523 0.725105 0.730575 0.734883 0.737990 0.739866 0.740493 0.739866 0.737990 0.734883 0.730575 0.725105 0.718523 0.710884 0.702253 0.692695 0.682282 0.671085 0.659177 0.646630 0.633512 0.619890 0.605828 0.591386 0.576619 0.561579 0.546315 0.530868 0.515280 0.499585 0.483816 0.468002 0.452169 0.436340 0.420534 0.404770 0.389062 0.373426 0.357873 0.342412 0.327053 0.311804 
0.301292 0.316158 0.331115 0.346155 0.361269 0.376445 0.391672 0.406934 0.422217 0.437501 0.452766 0.467989 0.483144 0.498204 0.513136 0.527906 0.542476 0.556804 0.570844 0.584549 0.597867 0.610742 0.623116 0.634927 0.646115 0.656614 0.666360 0.675290 0.683342 0.690456 0.696578 0.701659 0.705658 0.708539 0.710278 0.710859 0.710278 0.708539 0.705658 0.701659 0.696578 0.690456 0.683342 0.675290 0.666360 0.656614 0.646115 0.634927 0.623116 0.610742 0.597867 0.584549 0.570844 0.556804 0.542476 0.527906 0.513136 0.498204 0.483144 0.467989 0.452766 0.437501 0.422217 0.406934 0.391672 0.376445 0.361269 0.346155 0.331115 0.316158 0.301292 
