67 67
5.225415e+00 0 5
0.100728 0.113366 0.125975 0.138542 0.151054 0.163495 0.175849 0.188099 0.200226 0.212210 0.224029 0.235660 0.247080 0.258263 0.269181 0.279807 0.290111 0.300062 0.309630 0.318784 0.327489 0.335715 0.343429 0.350599 0.357194 0.363185 0.368545 0.373246 0.377266 0.380585 0.383184 0.385051 0.386175 0.386551 0.386175 0.385051 0.383184 0.380585 0.377266 0.373246 0.368545 0.363185 0.357194 0.350599 0.343429 0.335715 0.327489 0.318784 0.309630 0.300062 0.290111 0.279807 0.269181 0.258263 0.247080 0.235660 0.224029 0.212210 0.200226 0.188099 0.175849 0.163495 0.151054 0.138542 0.125975 0.113366 0.100728 
0.112972 0.125975 0.138961 0.151915 0.164826 0.177676 0.190450 0.203130 0.215696 0.228128 0.240404 0.252498 0.264387 0.276043 0.287437 0.298539 0.309318 0.319742 0.329776 0.339386 0.348538 0.357194 0.365321 0.372882 0.379845 0.386175 0.391843 0.396819 0.401076 0.404593 0.407349 0.409329 0.410521 0.410920 0.410521 0.409329 0.407349 0.404593 0.401076 0.396819 0.391843 0.386175 0.379845 0.372882 0.365321 0.357194 0.348538 0.339386 0.329776 0.319742 0.309318 0.298539 0.287437 0.276043 0.264387 0.252498 0.240404 0.228128 0.215696 0.203130 0.190450 0.177676 0.164826 0.151915 0.138961 0.125975 0.112972 
0.125164 0.138542 0.151915 0.165270 0.178592 0.191867 0.205077 0.218204 0.231229 0.244130 0.256883 0.269465 0.281847 0.294003 0.305901 0.317509 0.328795 0.339722 0.350254 0.360355 0.369985 0.379106 0.387679 0.395665 0.403026 0.409726 0.415730 0.421005 0.425522 0.429255 0.432182 0.434286 0.435554 0.435977 0.435554 0.434286 0.432182 0.429255 0.425522 0.421005 0.415730 0.409726 0.403026 0.395665 0.387679 0.379106 0.369985 0.360355 0.350254 0.339722 0.328795 0.317509 0.305901 0.294003 0.281847 0.269465 0.256883 0.244130 0.231229 0.218204 0.205077 0.191867 0.178592 0.165270 0.151915 0.138542 0.125164 
0.137290 0.151054 0.164826 0.178592 0.192340 0.206054 0.219716 0.233309 0.246811 0.260202 0.273457 0.286549 0.299452 0.312136 0.324567 0.336713 0.348538 0.360003 0.371069 0.381697 0.391843 0.401466 0.410521 0.418968 0.426762 0.433864 0.440235 0.445838 0.450639 0.454610 0.457726 0.459966 0.461316 0.461767 0.461316 0.459966 0.457726 0.454610 0.450639 0.445838 0.440235 0.433864 0.426762 0.418968 0.410521 0.401466 0.391843 0.381697 0.371069 0.360003 0.348538 0.336713 0.324567 0.312136 0.299452 0.286549 0.273457 0.260202 0.246811 0.233309 0.219716 0.206054 0.192340 0.178592 0.164826 0.151054 0.137290 
0.149336 0.163495 0.177676 0.191867 0.206054 0.220221 0.234352 0.248428 0.262429 0.276331 0.290111 0.303740 0.317191 0.330432 0.343429 0.356146 0.368545 0.380585 0.392224 0.403417 0.414120 0.424285 0.433864 0.442811 0.451079 0.458620 0.465393 0.471355 0.476469 0.480702 0.484025 0.486415 0.487856 0.488338 0.487856 0.486415 0.484025 0.480702 0.476469 0.471355 0.465393 0.458620 0.451079 0.442811 0.433864 0.424285 0.414120 0.403417 0.392224 0.380585 0.368545 0.356146 0.343429 0.330432 0.317191 0.303740 0.290111 0.276331 0.262429 0.248428 0.234352 0.220221 0.206054 0.191867 0.177676 0.163495 0.149336 
0.161286 0.175849 0.190450 0.205077 0.219716 0.234352 0.248969 0.263547 0.278065 0.292501 0.306830 0.321023 0.335051 0.348880 0.362476 0.375800 0.388811 0.401466 0.413719 0.425522 0.436825 0.447577 0.457726 0.467218 0.476002 0.484025 0.491239 0.497596 0.503055 0.507577 0.511129 0.513686 0.515228 0.515743 0.515228 0.513686 0.511129 0.507577 0.503055 0.497596 0.491239 0.484025 0.476002 0.467218 0.457726 0.447577 0.436825 0.425522 0.413719 0.401466 0.388811 0.375800 0.362476 0.348880 0.335051 0.321023 0.306830 0.292501 0.278065 0.263547 0.248969 0.234352 0.219716 0.205077 0.190450 0.175849 0.161286 
0.173123 0.188099 0.203130 0.218204 0.233309 0.248428 0.263547 0.278645 0.293702 0.308695 0.323598 0.338382 0.353016 0.367467 0.381697 0.395665 0.409329 0.422641 0.435554 0.448013 0.459966 0.471355 0.482123 0.492210 0.501559 0.510111 0.517811 0.524605 0.530445 0.535288 0.539095 0.541836 0.543490 0.544043 0.543490 0.541836 0.539095 0.535288 0.530445 0.524605 0.517811 0.510111 0.501559 0.492210 0.482123 0.471355 0.459966 0.448013 0.435554 0.422641 0.409329 0.395665 0.381697 0.367467 0.353016 0.338382 0.323598 0.308695 0.293702 0.278645 0.263547 0.248428 0.233309 0.218204 0.203130 0.188099 0.173123 
0.184829 0.200226 0.215696 0.231229 0.246811 0.262429 0.278065 0.293702 0.309318 0.324891 0.340393 0.355797 0.371069 0.386175 0.401076 0.415730 0.430089 0.444106 0.457726 0.470893 0.483548 0.495629 0.507072 0.517811 0.527780 0.536915 0.545151 0.552429 0.558692 0.563890 0.567981 0.570929 0.572708 0.573303 0.572708 0.570929 0.567981 0.563890 0.558692 0.552429 0.545151 0.536915 0.527780 0.517811 0.507072 0.495629 0.483548 0.470893 0.457726 0.444106 0.430089 0.415730 0.401076 0.386175 0.371069 0.355797 0.340393 0.324891 0.309318 0.293702 0.278065 0.262429 0.246811 0.231229 0.215696 0.200226 0.184829 
0.196384 0.212210 0.228128 0.244130 0.260202 0.276331 0.292501 0.308695 0.324891 0.341066 0.357194 0.373246 0.389188 0.404985 0.420596 0.435977 0.451079 0.465848 0.480229 0.494161 0.507577 0.520411 0.532590 0.544043 0.554695 0.564472 0.573303 0.581118 0.587852 0.593449 0.597856 0.601035 0.602955 0.603597 0.602955 0.601035 0.597856 0.593449 0.587852 0.581118 0.573303 0.564472 0.554695 0.544043 0.532590 0.520411 0.507577 0.494161 0.480229 0.465848 0.451079 0.435977 0.420596 0.404985 0.389188 0.373246 0.357194 0.341066 0.324891 0.308695 0.292501 0.276331 0.260202 0.244130 0.228128 0.212210 0.196384 
0.207768 0.224029 0.240404 0.256883 0.273457 0.290111 0.306830 0.323598 0.340393 0.357194 0.373974 0.390703 0.407349 0.423873 0.440235 0.456388 0.472280 0.487856 0.503055 0.517811 0.532053 0.545706 0.558692 0.570929 0.582334 0.592823 0.602314 0.610728 0.617989 0.624032 0.628796 0.632235 0.634312 0.635008 0.634312 0.632235 0.628796 0.624032 0.617989 0.610728 0.602314 0.592823 0.582334 0.570929 0.558692 0.545706 0.532053 0.517811 0.503055 0.487856 0.472280 0.456388 0.440235 0.423873 0.407349 0.390703 0.373974 0.357194 0.340393 0.323598 0.306830 0.290111 0.273457 0.256883 0.240404 0.224029 0.207768 
0.218959 0.235660 0.252498 0.269465 0.286549 0.303740 0.321023 0.338382 0.355797 0.373246 0.390703 0.408140 0.425522 0.442811 0.459966 0.476937 0.493672 0.510111 0.526190 0.541836 0.556974 0.571521 0.585390 0.598490 0.610728 0.622007 0.632235 0.641319 0.649172 0.655717 0.660884 0.664617 0.666873 0.667629 0.666873 0.664617 0.660884 0.655717 0.649172 0.641319 0.632235 0.622007 0.610728 0.598490 0.585390 0.571521 0.556974 0.541836 0.526190 0.510111 0.493672 0.476937 0.459966 0.442811 0.425522 0.408140 0.390703 0.373246 0.355797 0.338382 0.321023 0.303740 0.286549 0.269465 0.252498 0.235660 0.218959 
0.229934 0.247080 0.264387 0.281847 0.299452 0.317191 0.335051 0.353016 0.371069 0.389188 0.407349 0.425522 0.443674 0.461767 0.479757 0.497596 0.515228 0.532590 0.549614 0.566223 0.582334 0.597856 0.612695 0.626747 0.639907 0.652068 0.663119 0.672956 0.681477 0.688591 0.694214 0.698281 0.700742 0.701566 0.700742 0.698281 0.694214 0.688591 0.681477 0.672956 0.663119 0.652068 0.639907 0.626747 0.612695 0.597856 0.582334 0.566223 0.549614 0.532590 0.515228 0.497596 0.479757 0.461767 0.443674 0.425522 0.407349 0.389188 0.371069 0.353016 0.335051 0.317191 0.299452 0.281847 0.264387 0.247080 0.229934 
0.240669 0.258263 0.276043 0.294003 0.312136 0.330432 0.348880 0.367467 0.386175 0.404985 0.423873 0.442811 0.461767 0.480702 0.499573 0.518330 0.536915 0.555263 0.573303 0.590952 0.608120 0.624709 0.640612 0.655717 0.669903 0.683047 0.695024 0.705711 0.714989 0.722749 0.728893 0.733343 0.736037 0.736940 0.736037 0.733343 0.728893 0.722749 0.714989 0.705711 0.695024 0.683047 0.669903 0.655717 0.640612 0.624709 0.608120 0.590952 0.573303 0.555263 0.536915 0.518330 0.499573 0.480702 0.461767 0.442811 0.423873 0.404985 0.386175 0.367467 0.348880 0.330432 0.312136 0.294003 0.276043 0.258263 0.240669 
0.251137 0.269181 0.287437 0.305901 0.324567 0.343429 0.362476 0.381697 0.401076 0.420596 0.440235 0.459966 0.479757 0.499573 0.519369 0.539095 0.558692 0.578094 0.597224 0.615996 0.634312 0.652068 0.669143 0.685413 0.700742 0.714989 0.728009 0.739659 0.749799 0.758299 0.765042 0.769931 0.772895 0.773889 0.772895 0.769931 0.765042 0.758299 0.749799 0.739659 0.728009 0.714989 0.700742 0.685413 0.669143 0.652068 0.634312 0.615996 0.597224 0.578094 0.558692 0.539095 0.519369 0.499573 0.479757 0.459966 0.440235 0.420596 0.401076 0.381697 0.362476 0.343429 0.324567 0.305901 0.287437 0.269181 0.251137 
0.261314 0.279807 0.298539 0.317509 0.336713 0.356146 0.375800 0.395665 0.415730 0.435977 0.456388 0.476937 0.497596 0.518330 0.539095 0.559841 0.580511 0.601035 0.621335 0.641319 0.660884 0.679914 0.698281 0.715843 0.732449 0.747936 0.762137 0.774884 0.786011 0.795362 0.802796 0.808196 0.811473 0.812572 0.811473 0.808196 0.802796 0.795362 0.786011 0.774884 0.762137 0.747936 0.732449 0.715843 0.698281 0.679914 0.660884 0.641319 0.621335 0.601035 0.580511 0.559841 0.539095 0.518330 0.497596 0.476937 0.456388 0.435977 0.415730 0.395665 0.375800 0.356146 0.336713 0.317509 0.298539 0.279807 0.261314 
0.271171 0.290111 0.309318 0.328795 0.348538 0.368545 0.388811 0.409329 0.430089 0.451079 0.472280 0.493672 0.515228 0.536915 0.558692 0.580511 0.602314 0.624032 0.645583 0.666873 0.687794 0.708219 0.728009 0.747007 0.765042 0.781927 0.797471 0.811473 0.823737 0.834073 0.842312 0.848308 0.851952 0.853175 0.851952 0.848308 0.842312 0.834073 0.823737 0.811473 0.797471 0.781927 0.765042 0.747007 0.728009 0.708219 0.687794 0.666873 0.645583 0.624032 0.602314 0.580511 0.558692 0.536915 0.515228 0.493672 0.472280 0.451079 0.430089 0.409329 0.388811 0.368545 0.348538 0.328795 0.309318 0.290111 0.271171 
0.280680 0.300062 0.319742 0.339722 0.360003 0.380585 0.401466 0.422641 0.444106 0.465848 0.487856 0.510111 0.532590 0.555263 0.578094 0.601035 0.624032 0.647015 0.669903 0.692599 0.714989 0.736940 0.758299 0.778893 0.798530 0.816998 0.834073 0.849519 0.863100 0.874586 0.883769 0.890468 0.894546 0.895915 0.894546 0.890468 0.883769 0.874586 0.863100 0.849519 0.834073 0.816998 0.798530 0.778893 0.758299 0.736940 0.714989 0.692599 0.669903 0.647015 0.624032 0.601035 0.578094 0.555263 0.532590 0.510111 0.487856 0.465848 0.444106 0.422641 0.401466 0.380585 0.360003 0.339722 0.319742 0.300062 0.280680 
0.289813 0.309630 0.329776 0.350254 0.371069 0.392224 0.413719 0.435554 0.457726 0.480229 0.503055 0.526190 0.549614 0.573303 0.597224 0.621335 0.645583 0.669903 0.694214 0.718419 0.742399 0.766015 0.789103 0.811473 0.832911 0.853175 0.872003 0.889119 0.904236 0.917074 0.927374 0.934909 0.939504 0.941048 0.939504 0.934909 0.927374 0.917074 0.904236 0.889119 0.872003 0.853175 0.832911 0.811473 0.789103 0.766015 0.742399 0.718419 0.694214 0.669903 0.645583 0.621335 0.597224 0.573303 0.549614 0.526190 0.503055 0.480229 0.457726 0.435554 0.413719 0.392224 0.371069 0.350254 0.329776 0.309630 0.289813 
0.298539 0.318784 0.339386 0.360355 0.381697 0.403417 0.425522 0.448013 0.470893 0.494161 0.517811 0.541836 0.566223 0.590952 0.615996 0.641319 0.666873 0.692599 0.718419 0.744236 0.769931 0.795362 0.820353 0.844699 0.868162 0.890468 0.911314 0.930370 0.947291 0.961732 0.973366 0.981905 0.987125 0.988882 0.987125 0.981905 0.973366 0.961732 0.947291 0.930370 0.911314 0.890468 0.868162 0.844699 0.820353 0.795362 0.769931 0.744236 0.718419 0.692599 0.666873 0.641319 0.615996 0.590952 0.566223 0.541836 0.517811 0.494161 0.470893 0.448013 0.425522 0.403417 0.381697 0.360355 0.339386 0.318784 0.298539 
0.306830 0.327489 0.348538 0.369985 0.391843 0.414120 0.436825 0.459966 0.483548 0.507577 0.532053 0.556974 0.582334 0.608120 0.634312 0.660884 0.687794 0.714989 0.742399 0.769931 0.797471 0.824871 0.851952 0.878494 0.904236 0.928869 0.952042 0.973366 0.992420 1.008777 1.022022 1.031785 1.037769 1.039786 1.037769 1.031785 1.022022 1.008777 0.992420 0.973366 0.952042 0.928869 0.904236 0.878494 0.851952 0.824871 0.797471 0.769931 0.742399 0.714989 0.687794 0.660884 0.634312 0.608120 0.582334 0.556974 0.532053 0.507577 0.483548 0.459966 0.436825 0.414120 0.391843 0.369985 0.348538 0.327489 0.306830 
0.314656 0.335715 0.357194 0.379106 0.401466 0.424285 0.447577 0.471355 0.495629 0.520411 0.545706 0.571521 0.597856 0.624709 0.652068 0.679914 0.708219 0.736940 0.766015 0.795362 0.824871 0.854401 0.883769 0.912746 0.941048 0.968335 0.994202 1.018189 1.039786 1.058456 1.073669 1.084939 1.091872 1.094213 1.091872 1.084939 1.073669 1.058456 1.039786 1.018189 0.994202 0.968335 0.941048 0.912746 0.883769 0.854401 0.824871 0.795362 0.766015 0.736940 0.708219 0.679914 0.652068 0.624709 0.597856 0.571521 0.545706 0.520411 0.495629 0.471355 0.447577 0.424285 0.401466 0.379106 0.357194 0.335715 0.314656 
0.321987 0.343429 0.365321 0.387679 0.410521 0.433864 0.457726 0.482123 0.507072 0.532590 0.558692 0.585390 0.612695 0.640612 0.669143 0.698281 0.728009 0.758299 0.789103 0.820353 0.851952 0.883769 0.915626 0.947291 0.978466 1.008777 1.037769 1.064899 1.089546 1.111038 1.128685 1.141841 1.149973 1.152725 1.149973 1.141841 1.128685 1.111038 1.089546 1.064899 1.037769 1.008777 0.978466 0.947291 0.915626 0.883769 0.851952 0.820353 0.789103 0.758299 0.728009 0.698281 0.669143 0.640612 0.612695 0.585390 0.558692 0.532590 0.507072 0.482123 0.457726 0.433864 0.410521 0.387679 0.365321 0.343429 0.321987 
0.328795 0.350599 0.372882 0.395665 0.418968 0.442811 0.467218 0.492210 0.517811 0.544043 0.570929 0.598490 0.626747 0.655717 0.685413 0.715843 0.747007 0.778893 0.811473 0.844699 0.878494 0.912746 0.947291 0.981905 1.016287 1.050040 1.082657 1.113507 1.141841 1.166811 1.187512 1.203072 1.212745 1.216029 1.212745 1.203072 1.187512 1.166811 1.141841 1.113507 1.082657 1.050040 1.016287 0.981905 0.947291 0.912746 0.878494 0.844699 0.811473 0.778893 0.747007 0.715843 0.685413 0.655717 0.626747 0.598490 0.570929 0.544043 0.517811 0.492210 0.467218 0.442811 0.418968 0.395665 0.372882 0.350599 0.328795 
0.335051 0.357194 0.379845 0.403026 0.426762 0.451079 0.476002 0.501559 0.527780 0.554695 0.582334 0.610728 0.639907 0.669903 0.700742 0.732449 0.765042 0.798530 0.832911 0.868162 0.904236 0.941048 0.978466 1.016287 1.054224 1.091872 1.128685 1.163949 1.196766 1.226068 1.250662 1.269343 1.281047 1.285037 1.281047 1.269343 1.250662 1.226068 1.196766 1.163949 1.128685 1.091872 1.054224 1.016287 0.978466 0.941048 0.904236 0.868162 0.832911 0.798530 0.765042 0.732449 0.700742 0.669903 0.639907 0.610728 0.582334 0.554695 0.527780 0.501559 0.476002 0.451079 0.426762 0.403026 0.379845 0.357194 0.335051 
0.340729 0.363185 0.386175 0.409726 0.433864 0.458620 0.484025 0.510111 0.536915 0.564472 0.592823 0.622007 0.652068 0.683047 0.714989 0.747936 0.781927 0.816998 0.853175 0.890468 0.928869 0.968335 1.008777 1.050040 1.091872 1.133890 1.175536 1.216029 1.254320 1.289073 1.318710 1.341537 1.355991 1.360947 1.355991 1.341537 1.318710 1.289073 1.254320 1.216029 1.175536 1.133890 1.091872 1.050040 1.008777 0.968335 0.928869 0.890468 0.853175 0.816998 0.781927 0.747936 0.714989 0.683047 0.652068 0.622007 0.592823 0.564472 0.536915 0.510111 0.484025 0.458620 0.433864 0.409726 0.386175 0.363185 0.340729 
0.345805 0.368545 0.391843 0.415730 0.440235 0.465393 0.491239 0.517811 0.545151 0.573303 0.602314 0.632235 0.663119 0.695024 0.728009 0.762137 0.797471 0.834073 0.872003 0.911314 0.952042 0.994202 1.037769 1.082657 1.128685 1.175536 1.222690 1.269343 1.314319 1.355991 1.392272 1.420750 1.439049 1.445373 1.439049 1.420750 1.392272 1.355991 1.314319 1.269343 1.222690 1.175536 1.128685 1.082657 1.037769 0.994202 0.952042 0.911314 0.872003 0.834073 0.797471 0.762137 0.728009 0.695024 0.663119 0.632235 0.602314 0.573303 0.545151 0.517811 0.491239 0.465393 0.440235 0.415730 0.391843 0.368545 0.345805 
0.350254 0.373246 0.396819 0.421005 0.445838 0.471355 0.497596 0.524605 0.552429 0.581118 0.610728 0.641319 0.672956 0.705711 0.739659 0.774884 0.811473 0.849519 0.889119 0.930370 0.973366 1.018189 1.064899 1.113507 1.163949 1.216029 1.269343 1.323157 1.376254 1.426741 1.471916 1.508318 1.532209 1.540566 1.532209 1.508318 1.471916 1.426741 1.376254 1.323157 1.269343 1.216029 1.163949 1.113507 1.064899 1.018189 0.973366 0.930370 0.889119 0.849519 0.811473 0.774884 0.739659 0.705711 0.672956 0.641319 0.610728 0.581118 0.552429 0.524605 0.497596 0.471355 0.445838 0.421005 0.396819 0.373246 0.350254 
0.354057 0.377266 0.401076 0.425522 0.450639 0.476469 0.503055 0.530445 0.558692 0.587852 0.617989 0.649172 0.681477 0.714989 0.749799 0.786011 0.823737 0.863100 0.904236 0.947291 0.992420 1.039786 1.089546 1.141841 1.196766 1.254320 1.314319 1.376254 1.439049 1.500717 1.557935 1.605786 1.638211 1.649771 1.638211 1.605786 1.557935 1.500717 1.439049 1.376254 1.314319 1.254320 1.196766 1.141841 1.089546 1.039786 0.992420 0.947291 0.904236 0.863100 0.823737 0.786011 0.749799 0.714989 0.681477 0.649172 0.617989 0.587852 0.558692 0.530445 0.503055 0.476469 0.450639 0.425522 0.401076 0.377266 0.354057 
0.357194 0.380585 0.404593 0.429255 0.454610 0.480702 0.507577 0.535288 0.563890 0.593449 0.624032 0.655717 0.688591 0.722749 0.758299 0.795362 0.834073 0.874586 0.917074 0.961732 1.008777 1.058456 1.111038 1.166811 1.226068 1.289073 1.355991 1.426741 1.500717 1.576257 1.649771 1.714628 1.760843 1.777851 1.760843 1.714628 1.649771 1.576257 1.500717 1.426741 1.355991 1.289073 1.226068 1.166811 1.111038 1.058456 1.008777 0.961732 0.917074 0.874586 0.834073 0.795362 0.758299 0.722749 0.688591 0.655717 0.624032 0.593449 0.563890 0.535288 0.507577 0.480702 0.454610 0.429255 0.404593 0.380585 0.357194 
0.359651 0.383184 0.407349 0.432182 0.457726 0.484025 0.511129 0.539095 0.567981 0.597856 0.628796 0.660884 0.694214 0.728893 0.765042 0.802796 0.842312 0.883769 0.927374 0.973366 1.022022 1.073669 1.128685 1.187512 1.250662 1.318710 1.392272 1.471916 1.557935 1.649771 1.744691 1.835095 1.905043 1.932326 1.905043 1.835095 1.744691 1.649771 1.557935 1.471916 1.392272 1.318710 1.250662 1.187512 1.128685 1.073669 1.022022 0.973366 0.927374 0.883769 0.842312 0.802796 0.765042 0.728893 0.694214 0.660884 0.628796 0.597856 0.567981 0.539095 0.511129 0.484025 0.457726 0.432182 0.407349 0.383184 0.359651 
0.361414 0.385051 0.409329 0.434286 0.459966 0.486415 0.513686 0.541836 0.570929 0.601035 0.632235 0.664617 0.698281 0.733343 0.769931 0.808196 0.848308 0.890468 0.934909 0.981905 1.031785 1.084939 1.141841 1.203072 1.269343 1.341537 1.420750 1.508318 1.605786 1.714628 1.835095 1.962243 2.074927 2.124284 2.074927 1.962243 1.835095 1.714628 1.605786 1.508318 1.420750 1.341537 1.269343 1.203072 1.141841 1.084939 1.031785 0.981905 0.934909 0.890468 0.848308 0.808196 0.769931 0.733343 0.698281 0.664617 0.632235 0.601035 0.570929 0.541836 0.513686 0.486415 0.459966 0.434286 0.409329 0.385051 0.361414 
0.362476 0.386175 0.410521 0.435554 0.461316 0.487856 0.515228 0.543490 0.572708 0.602955 0.634312 0.666873 0.700742 0.736037 0.772895 0.811473 0.851952 0.894546 0.939504 0.987125 1.037769 1.091872 1.149973 1.212745 1.281047 1.355991 1.439049 1.532209 1.638211 1.760843 1.905043 2.074927 2.257964 2.358909 2.257964 2.074927 1.905043 1.760843 1.638211 1.532209 1.439049 1.355991 1.281047 1.212745 1.149973 1.091872 1.037769 0.987125 0.939504 0.894546 0.851952 0.811473 0.772895 0.736037 0.700742 0.666873 0.634312 0.602955 0.572708 0.543490 0.515228 0.487856 0.461316 0.435554 0.410521 0.386175 0.362476 
0.362830 0.386551 0.410920 0.435977 0.461767 0.488338 0.515743 0.544043 0.573303 0.603597 0.635008 0.667629 0.701566 0.736940 0.773889 0.812572 0.853175 0.895915 0.941048 0.988882 1.039786 1.094213 1.152725 1.216029 1.285037 1.360947 1.445373 1.540566 1.649771 1.777851 1.932326 2.124284 2.358909 2.519762 2.358909 2.124284 1.932326 1.777851 1.649771 1.540566 1.445373 1.360947 1.285037 1.216029 1.152725 1.094213 1.039786 0.988882 0.941048 0.895915 0.853175 0.812572 0.773889 0.736940 0.701566 0.667629 0.635008 0.603597 0.573303 0.544043 0.515743 0.488338 0.461767 0.435977 0.410920 0.386551 0.362830 
0.362830 0.386551 0.410920 0.435977 0.461767 0.488338 0.515743 0.544043 0.573303 0.603597 0.635007 0.667628 0.701566 0.736940 0.773888 0.812572 0.853175 0.895914 0.941048 0.988882 1.039786 1.094213 1.152724 1.216029 1.285037 1.360946 1.445372 1.540565 1.649769 1.777849 1.932322 2.124278 2.358895 2.519737 2.358895 2.124278 1.932322 1.777849 1.649769 1.540565 1.445372 1.360946 1.285037 1.216029 1.152724 1.094213 1.039786 0.988882 0.941048 0.895914 0.853175 0.812572 0.773888 0.736940 0.701566 0.667628 0.635007 0.603597 0.573303 0.544043 0.515743 0.488338 0.461767 0.435977 0.410920 0.386551 0.362830 
0.362830 0.386551 0.410919 0.435977 0.461767 0.488337 0.515743 0.544043 0.573303 0.603596 0.635007 0.667628 0.701565 0.736939 0.773888 0.812571 0.853174 0.895914 0.941047 0.988881 1.039785 1.094212 1.152723 1.216028 1.285035 1.360944 1.445370 1.540562 1.649765 1.777843 1.932313 2.124259 2.358853 2.519661 2.358853 2.124259 1.932313 1.777843 1.649765 1.540562 1.445370 1.360944 1.285035 1.216028 1.152723 1.094212 1.039785 0.988881 0.941047 0.895914 0.853174 0.812571 0.773888 0.736939 0.701565 0.667628 0.635007 0.603596 0.573303 0.544043 0.515743 0.488337 0.461767 0.435977 0.410919 0.386551 0.362830 
0.362461 0.386159 0.410504 0.435535 0.461296 0.487835 0.515206 0.543466 0.572682 0.602927 0.634282 0.666841 0.700706 0.735998 0.772852 0.811425 0.851899 0.894486 0.939437 0.987049 1.037682 1.091771 1.149854 1.212603 1.280875 1.355778 1.438777 1.531851 1.637718 1.760124 1.903910 2.072957 2.254298 2.353680 2.254298 2.072957 1.903910 1.760124 1.637718 1.531851 1.438777 1.355778 1.280875 1.212603 1.149854 1.091771 1.037682 0.987049 0.939437 0.894486 0.851899 0.811425 0.772852 0.735998 0.700706 0.666841 0.634282 0.602927 0.572682 0.543466 0.515206 0.487835 0.461296 0.435535 0.410504 0.386159 0.362461 
0.361384 0.385019 0.409295 0.434250 0.459927 0.486374 0.513642 0.541789 0.570878 0.600980 0.632175 0.664552 0.698211 0.733265 0.769846 0.808102 0.848204 0.890351 0.934777 0.981756 1.031614 1.084741 1.141610 1.202797 1.269011 1.341130 1.420237 1.507654 1.604897 1.713389 1.833293 1.959540 2.071020 2.119680 2.071020 1.959540 1.833293 1.713389 1.604897 1.507654 1.420237 1.341130 1.269011 1.202797 1.141610 1.084741 1.031614 0.981756 0.934777 0.890351 0.848204 0.808102 0.769846 0.733265 0.698211 0.664552 0.632175 0.600980 0.570878 0.541789 0.513642 0.486374 0.459927 0.434250 0.409295 0.385019 0.361384 
0.359605 0.383136 0.407298 0.432128 0.457668 0.483963 0.511063 0.539024 0.567905 0.597775 0.628707 0.660788 0.694109 0.728779 0.764916 0.802657 0.842158 0.883597 0.927181 0.973147 1.021773 1.073382 1.128351 1.187119 1.250191 1.318139 1.391565 1.471024 1.556783 1.648252 1.742658 1.832401 1.901680 1.928657 1.901680 1.832401 1.742658 1.648252 1.556783 1.471024 1.391565 1.318139 1.250191 1.187119 1.128351 1.073382 1.021773 0.973147 0.927181 0.883597 0.842158 0.802657 0.764916 0.728779 0.694109 0.660788 0.628707 0.597775 0.567905 0.539024 0.511063 0.483963 0.457668 0.432128 0.407298 0.383136 0.359605 
0.357134 0.380521 0.404525 0.429183 0.454534 0.480620 0.507490 0.535194 0.563790 0.593341 0.623915 0.655591 0.688453 0.722599 0.758134 0.795180 0.833872 0.874363 0.916824 0.961450 1.008457 1.058090 1.110614 1.166316 1.225483 1.288374 1.355144 1.425701 1.499423 1.574637 1.647749 1.712162 1.758000 1.774853 1.758000 1.712162 1.647749 1.574637 1.499423 1.425701 1.355144 1.288374 1.225483 1.166316 1.110614 1.058090 1.008457 0.961450 0.916824 0.874363 0.833872 0.795180 0.758134 0.722599 0.688453 0.655591 0.623915 0.593341 0.563790 0.535194 0.507490 0.480620 0.454534 0.429183 0.404525 0.380521 0.357134 
0.353982 0.377187 0.400993 0.425433 0.450545 0.476368 0.502948 0.530330 0.558568 0.587719 0.617846 0.649017 0.681309 0.714805 0.749598 0.785790 0.823493 0.862829 0.903934 0.946952 0.992038 1.039351 1.089047 1.141265 1.196094 1.253529 1.313380 1.375132 1.437702 1.499102 1.556020 1.603576 1.635774 1.647246 1.635774 1.603576 1.556020 1.499102 1.437702 1.375132 1.313380 1.253529 1.196094 1.141265 1.089047 1.039351 0.992038 0.946952 0.903934 0.862829 0.823493 0.785790 0.749598 0.714805 0.681309 0.649017 0.617846 0.587719 0.558568 0.530330 0.502948 0.476368 0.450545 0.425433 0.400993 0.377187 0.353982 
0.350166 0.373152 0.396719 0.420899 0.445726 0.471236 0.497469 0.524469 0.552283 0.580961 0.610559 0.641136 0.672758 0.705496 0.739424 0.774627 0.811190 0.849206 0.888771 0.929981 0.972930 1.017697 1.064339 1.112867 1.163213 1.215178 1.268353 1.322003 1.374908 1.425183 1.470138 1.506337 1.530083 1.538387 1.530083 1.506337 1.470138 1.425183 1.374908 1.322003 1.268353 1.215178 1.163213 1.112867 1.064339 1.017697 0.972930 0.929981 0.888771 0.849206 0.811190 0.774627 0.739424 0.705496 0.672758 0.641136 0.610559 0.580961 0.552283 0.524469 0.497469 0.471236 0.445726 0.420899 0.396719 0.373152 0.350166 
0.345702 0.368436 0.391728 0.415608 0.440106 0.465256 0.491092 0.517655 0.544984 0.573123 0.602121 0.632027 0.662894 0.694780 0.727744 0.761847 0.797152 0.833722 0.871616 0.910883 0.951562 0.993664 1.037164 1.081972 1.127907 1.174650 1.221678 1.268188 1.313006 1.354512 1.390629 1.418965 1.437166 1.443455 1.437166 1.418965 1.390629 1.354512 1.313006 1.268188 1.221678 1.174650 1.127907 1.081972 1.037164 0.993664 0.951562 0.910883 0.871616 0.833722 0.797152 0.761847 0.727744 0.694780 0.662894 0.632027 0.602121 0.573123 0.544984 0.517655 0.491092 0.465256 0.440106 0.415608 0.391728 0.368436 0.345702 
0.340614 0.363063 0.386046 0.409589 0.433719 0.458466 0.483861 0.509936 0.536728 0.564272 0.592608 0.621775 0.651817 0.682776 0.714695 0.747616 0.781578 0.816615 0.852753 0.890003 0.928353 0.967762 1.008138 1.049325 1.091069 1.132988 1.174524 1.214895 1.253056 1.287678 1.317192 1.339916 1.354301 1.359232 1.354301 1.339916 1.317192 1.287678 1.253056 1.214895 1.174524 1.132988 1.091069 1.049325 1.008138 0.967762 0.928353 0.890003 0.852753 0.816615 0.781578 0.747616 0.714695 0.682776 0.651817 0.621775 0.592608 0.564272 0.536728 0.509936 0.483861 0.458466 0.433719 0.409589 0.386046 0.363063 0.340614 
0.334922 0.357059 0.379702 0.402875 0.426602 0.450908 0.475821 0.501366 0.527575 0.554475 0.582098 0.610474 0.639635 0.669609 0.700423 0.732103 0.764665 0.798119 0.832461 0.867669 0.903693 0.940449 0.977803 1.015554 1.053410 1.090969 1.127686 1.162846 1.195558 1.224755 1.249255 1.267860 1.279514 1.283486 1.279514 1.267860 1.249255 1.224755 1.195558 1.162846 1.127686 1.090969 1.053410 1.015554 0.977803 0.940449 0.903693 0.867669 0.832461 0.798119 0.764665 0.732103 0.700423 0.669609 0.639635 0.610474 0.582098 0.554475 0.527575 0.501366 0.475821 0.450908 0.426602 0.402875 0.379702 0.357059 0.334922 
0.328654 0.350451 0.372726 0.395500 0.418793 0.442626 0.467021 0.492001 0.517588 0.543805 0.570674 0.598217 0.626454 0.655401 0.685073 0.715476 0.746609 0.778460 0.811001 0.844184 0.877931 0.912129 0.946614 0.981162 1.015472 1.049146 1.081679 1.112442 1.140690 1.165576 1.186205 1.201706 1.211341 1.214612 1.211341 1.201706 1.186205 1.165576 1.140690 1.112442 1.081679 1.049146 1.015472 0.981162 0.946614 0.912129 0.877931 0.844184 0.811001 0.778460 0.746609 0.715476 0.685073 0.655401 0.626454 0.598217 0.570674 0.543805 0.517588 0.492001 0.467021 0.442626 0.418793 0.395500 0.372726 0.350451 0.328654 
0.321835 0.343269 0.365152 0.387501 0.410333 0.433665 0.457514 0.481898 0.506833 0.532336 0.558420 0.585100 0.612384 0.640279 0.668784 0.697894 0.727592 0.757847 0.788613 0.819821 0.851375 0.883141 0.914942 0.946546 0.977656 1.007899 1.036818 1.063875 1.088450 1.109875 1.127464 1.140575 1.148678 1.151420 1.148678 1.140575 1.127464 1.109875 1.088450 1.063875 1.036818 1.007899 0.977656 0.946546 0.914942 0.883141 0.851375 0.819821 0.788613 0.757847 0.727592 0.697894 0.668784 0.640279 0.612384 0.585100 0.558420 0.532336 0.506833 0.481898 0.457514 0.433665 0.410333 0.387501 0.365152 0.343269 0.321835 
0.314493 0.335543 0.357013 0.378916 0.401265 0.424072 0.447352 0.471116 0.495376 0.520141 0.545419 0.571215 0.597530 0.624359 0.651693 0.679512 0.707787 0.736474 0.765512 0.794819 0.824285 0.853767 0.883084 0.912006 0.940250 0.967476 0.993281 1.017206 1.038743 1.057359 1.072525 1.083759 1.090669 1.093003 1.090669 1.083759 1.072525 1.057359 1.038743 1.017206 0.993281 0.967476 0.940250 0.912006 0.883084 0.853767 0.824285 0.794819 0.765512 0.736474 0.707787 0.679512 0.651693 0.624359 0.597530 0.571215 0.545419 0.520141 0.495376 0.471116 0.447352 0.424072 0.401265 0.378916 0.357013 0.335543 0.314493 
0.306657 0.327307 0.348346 0.369784 0.391630 0.413895 0.436588 0.459715 0.483282 0.507295 0.531753 0.556655 0.581993 0.607756 0.633924 0.660468 0.687349 0.714512 0.741886 0.769381 0.796880 0.824236 0.851270 0.877763 0.903452 0.928032 0.951152 0.972423 0.991427 1.007740 1.020946 1.030680 1.036646 1.038657 1.036646 1.030680 1.020946 1.007740 0.991427 0.972423 0.951152 0.928032 0.903452 0.877763 0.851270 0.824236 0.796880 0.769381 0.741886 0.714512 0.687349 0.660468 0.633924 0.607756 0.581993 0.556655 0.531753 0.507295 0.483282 0.459715 0.436588 0.413895 0.391630 0.369784 0.348346 0.327307 0.306657 
0.298356 0.318591 0.339185 0.360143 0.381473 0.403182 0.425273 0.447751 0.470615 0.493866 0.517499 0.541505 0.565871 0.590577 0.615596 0.640893 0.666419 0.692114 0.717900 0.743681 0.769339 0.794729 0.819677 0.843979 0.867395 0.889655 0.910454 0.929465 0.946344 0.960748 0.972350 0.980866 0.986071 0.987823 0.986071 0.980866 0.972350 0.960748 0.946344 0.929465 0.910454 0.889655 0.867395 0.843979 0.819677 0.794729 0.769339 0.743681 0.717900 0.692114 0.666419 0.640893 0.615596 0.590577 0.565871 0.541505 0.517499 0.493866 0.470615 0.447751 0.425273 0.403182 0.381473 0.360143 0.339185 0.318591 0.298356 
0.289620 0.309429 0.329565 0.350033 0.370836 0.391978 0.413460 0.435281 0.457438 0.479925 0.502733 0.525848 0.549252 0.572919 0.596816 0.620901 0.645122 0.669413 0.693692 0.717863 0.741808 0.765386 0.788436 0.810766 0.832162 0.852385 0.871174 0.888251 0.903332 0.916139 0.926412 0.933928 0.938511 0.940051 0.938511 0.933928 0.926412 0.916139 0.903332 0.888251 0.871174 0.852385 0.832162 0.810766 0.788436 0.765386 0.741808 0.717863 0.693692 0.669413 0.645122 0.620901 0.596816 0.572919 0.549252 0.525848 0.502733 0.479925 0.457438 0.435281 0.413460 0.391978 0.370836 0.350033 0.329565 0.309429 0.289620 
0.280480 0.299852 0.319522 0.339491 0.359760 0.380330 0.401198 0.422359 0.443808 0.465535 0.487525 0.509762 0.532220 0.554872 0.577679 0.600596 0.623566 0.646521 0.669380 0.692045 0.714402 0.736318 0.757642 0.778200 0.797801 0.816233 0.833273 0.848685 0.862236 0.873696 0.882856 0.889539 0.893606 0.894972 0.893606 0.889539 0.882856 0.873696 0.862236 0.848685 0.833273 0.816233 0.797801 0.778200 0.757642 0.736318 0.714402 0.692045 0.669380 0.646521 0.623566 0.600596 0.577679 0.554872 0.532220 0.509762 0.487525 0.465535 0.443808 0.422359 0.401198 0.380330 0.359760 0.339491 0.319522 0.299852 0.280480 
0.270963 0.289893 0.309090 0.328556 0.348287 0.368282 0.388535 0.409039 0.429784 0.450757 0.471942 0.493315 0.514852 0.536518 0.558273 0.580068 0.601846 0.623537 0.645061 0.666322 0.687212 0.707606 0.727364 0.746330 0.764332 0.781186 0.796698 0.810672 0.822909 0.833223 0.841443 0.847425 0.851061 0.852280 0.851061 0.847425 0.841443 0.833223 0.822909 0.810672 0.796698 0.781186 0.764332 0.746330 0.727364 0.707606 0.687212 0.666322 0.645061 0.623537 0.601846 0.580068 0.558273 0.536518 0.514852 0.493315 0.471942 0.450757 0.429784 0.409039 0.388535 0.368282 0.348287 0.328556 0.309090 0.289893 0.270963 
0.261098 0.279582 0.298304 0.317263 0.336455 0.355876 0.375516 0.395368 0.415417 0.435649 0.456043 0.476575 0.497215 0.517928 0.538672 0.559396 0.580042 0.600541 0.620815 0.640772 0.660309 0.679311 0.697649 0.715182 0.731758 0.747217 0.761391 0.774113 0.785217 0.794548 0.801966 0.807355 0.810625 0.811721 0.810625 0.807355 0.801966 0.794548 0.785217 0.774113 0.761391 0.747217 0.731758 0.715182 0.697649 0.679311 0.660309 0.640772 0.620815 0.600541 0.580042 0.559396 0.538672 0.517928 0.497215 0.476575 0.456043 0.435649 0.415417 0.395368 0.375516 0.355876 0.336455 0.317263 0.298304 0.279582 0.261098 
0.250915 0.268949 0.287195 0.305648 0.324303 0.343152 0.362186 0.381394 0.400758 0.420263 0.439885 0.459599 0.479372 0.499168 0.518944 0.538648 0.558223 0.577602 0.596707 0.615454 0.633745 0.651474 0.668524 0.684767 0.700070 0.714292 0.727289 0.738917 0.749037 0.757519 0.764248 0.769128 0.772086 0.773077 0.772086 0.769128 0.764248 0.757519 0.749037 0.738917 0.727289 0.714292 0.700070 0.684767 0.668524 0.651474 0.633745 0.615454 0.596707 0.577602 0.558223 0.538648 0.518944 0.499168 0.479372 0.459599 0.439885 0.420263 0.400758 0.381394 0.362186 0.343152 0.324303 0.305648 0.287195 0.268949 0.250915 
0.240441 0.258025 0.275795 0.293744 0.311866 0.330150 0.348585 0.367159 0.385853 0.404648 0.423520 0.442441 0.461379 0.480295 0.499147 0.517883 0.536448 0.554774 0.572791 0.590417 0.607561 0.624126 0.640006 0.655087 0.669249 0.682371 0.694327 0.704995 0.714255 0.722000 0.728133 0.732574 0.735263 0.736163 0.735263 0.732574 0.728133 0.722000 0.714255 0.704995 0.694327 0.682371 0.669249 0.655087 0.640006 0.624126 0.607561 0.590417 0.572791 0.554774 0.536448 0.517883 0.499147 0.480295 0.461379 0.442441 0.423520 0.404648 0.385853 0.367159 0.348585 0.330150 0.311866 0.293744 0.275795 0.258025 0.240441 
0.229701 0.246837 0.264134 0.281584 0.299177 0.316904 0.334751 0.352704 0.370743 0.388847 0.406992 0.425149 0.443284 0.461359 0.479332 0.497151 0.514763 0.532105 0.549108 0.565695 0.581784 0.597285 0.612102 0.626132 0.639272 0.651412 0.662445 0.672265 0.680771 0.687871 0.693484 0.697543 0.700000 0.700822 0.700000 0.697543 0.693484 0.687871 0.680771 0.672265 0.662445 0.651412 0.639272 0.626132 0.612102 0.597285 0.581784 0.565695 0.549108 0.532105 0.514763 0.497151 0.479332 0.461359 0.443284 0.425149 0.406992 0.388847 0.370743 0.352704 0.334751 0.316904 0.299177 0.281584 0.264134 0.246837 0.229701 
0.218721 0.235413 0.252240 0.269196 0.286270 0.303449 0.320720 0.338066 0.355467 0.372902 0.390344 0.407765 0.425131 0.442404 0.459541 0.476494 0.493211 0.509631 0.525689 0.541316 0.556434 0.570961 0.584810 0.597891 0.610109 0.621371 0.631582 0.640650 0.648491 0.655024 0.660181 0.663907 0.666160 0.666914 0.666160 0.663907 0.660181 0.655024 0.648491 0.640650 0.631582 0.621371 0.610109 0.597891 0.584810 0.570961 0.556434 0.541316 0.525689 0.509631 0.493211 0.476494 0.459541 0.442404 0.425131 0.407765 0.390344 0.372902 0.355467 0.338066 0.320720 0.303449 0.286270 0.269196 0.252240 0.235413 0.218721 
0.207526 0.223777 0.240142 0.256611 0.273173 0.289816 0.306523 0.323278 0.340061 0.356848 0.373614 0.390328 0.406958 0.423467 0.439812 0.455947 0.471822 0.487381 0.502561 0.517299 0.531522 0.545157 0.558125 0.570344 0.581732 0.592205 0.601681 0.610081 0.617331 0.623363 0.628119 0.631552 0.633626 0.634320 0.633626 0.631552 0.628119 0.623363 0.617331 0.610081 0.601681 0.592205 0.581732 0.570344 0.558125 0.545157 0.531522 0.517299 0.502561 0.487381 0.471822 0.455947 0.439812 0.423467 0.406958 0.390328 0.373614 0.356848 0.340061 0.323278 0.306523 0.289816 0.273173 0.256611 0.240142 0.223777 0.207526 
0.196138 0.211954 0.227863 0.243854 0.259915 0.276034 0.292192 0.308374 0.324557 0.340719 0.356833 0.372871 0.388799 0.404580 0.420176 0.435540 0.450625 0.465378 0.479742 0.493656 0.507056 0.519873 0.532036 0.543472 0.554109 0.563872 0.572689 0.580492 0.587215 0.592803 0.597203 0.600377 0.602293 0.602934 0.602293 0.600377 0.597203 0.592803 0.587215 0.580492 0.572689 0.563872 0.554109 0.543472 0.532036 0.519873 0.507056 0.493656 0.479742 0.465378 0.450625 0.435540 0.420176 0.404580 0.388799 0.372871 0.356833 0.340719 0.324557 0.308374 0.292192 0.276034 0.259915 0.243854 0.227863 0.211954 0.196138 
0.184579 0.199967 0.215427 0.230950 0.246522 0.262129 0.277754 0.293379 0.308983 0.324543 0.340032 0.355422 0.370681 0.385772 0.400658 0.415296 0.429640 0.443641 0.457246 0.470397 0.483037 0.495102 0.506530 0.517254 0.527210 0.536331 0.544555 0.551822 0.558075 0.563266 0.567350 0.570293 0.572070 0.572663 0.572070 0.570293 0.567350 0.563266 0.558075 0.551822 0.544555 0.536331 0.527210 0.517254 0.506530 0.495102 0.483037 0.470397 0.457246 0.443641 0.429640 0.415296 0.400658 0.385772 0.370681 0.355422 0.340032 0.324543 0.308983 0.293379 0.277754 0.262129 0.246522 0.230950 0.215427 0.199967 0.184579 
0.172870 0.187837 0.202858 0.217923 0.233017 0.248127 0.263234 0.278321 0.293366 0.308347 0.323237 0.338008 0.352629 0.367066 0.381282 0.395236 0.408885 0.422183 0.435081 0.447526 0.459464 0.470839 0.481593 0.491667 0.501003 0.509543 0.517232 0.524016 0.529848 0.534683 0.538484 0.541221 0.542873 0.543425 0.542873 0.541221 0.538484 0.534683 0.529848 0.524016 0.517232 0.509543 0.501003 0.491667 0.481593 0.470839 0.459464 0.447526 0.435081 0.422183 0.408885 0.395236 0.381282 0.367066 0.352629 0.338008 0.323237 0.308347 0.293366 0.278321 0.263234 0.248127 0.233017 0.217923 0.202858 0.187837 0.172870 
0.161031 0.175585 0.190176 0.204794 0.219423 0.234049 0.248655 0.263222 0.277729 0.292154 0.306470 0.320651 0.334666 0.348482 0.362065 0.375375 0.388372 0.401014 0.413253 0.425043 0.436332 0.447071 0.457207 0.466687 0.475459 0.483472 0.490676 0.497024 0.502476 0.506991 0.510538 0.513091 0.514631 0.515145 0.514631 0.513091 0.510538 0.506991 0.502476 0.497024 0.490676 0.483472 0.475459 0.466687 0.457207 0.447071 0.436332 0.425043 0.413253 0.401014 0.388372 0.375375 0.362065 0.348482 0.334666 0.320651 0.306470 0.292154 0.277729 0.263222 0.248655 0.234049 0.219423 0.204794 0.190176 0.175585 0.161031 
0.149078 0.163228 0.177400 0.191582 0.205759 0.219917 0.234038 0.248103 0.262093 0.275984 0.289752 0.303370 0.316809 0.330037 0.343021 0.355726 0.368112 0.380139 0.391765 0.402946 0.413637 0.423789 0.433357 0.442293 0.450550 0.458082 0.464845 0.470799 0.475906 0.480133 0.483451 0.485838 0.487277 0.487758 0.487277 0.485838 0.483451 0.480133 0.475906 0.470799 0.464845 0.458082 0.450550 0.442293 0.433357 0.423789 0.413637 0.402946 0.391765 0.380139 0.368112 0.355726 0.343021 0.330037 0.316809 0.303370 0.289752 0.275984 0.262093 0.248103 0.234038 0.219917 0.205759 0.191582 0.177400 0.163228 0.149078 
0.137030 0.150786 0.164549 0.178306 0.192045 0.205749 0.219401 0.232984 0.246476 0.259856 0.273099 0.286181 0.299072 0.311744 0.324164 0.336298 0.348110 0.359564 0.370618 0.381234 0.391369 0.400980 0.410025 0.418461 0.426246 0.433339 0.439702 0.445297 0.450092 0.454058 0.457169 0.459406 0.460754 0.461204 0.460754 0.459406 0.457169 0.454058 0.450092 0.445297 0.439702 0.433339 0.426246 0.418461 0.410025 0.400980 0.391369 0.381234 0.370618 0.359564 0.348110 0.336298 0.324164 0.311744 0.299072 0.286181 0.273099 0.259856 0.246476 0.232984 0.219401 0.205749 0.192045 0.178306 0.164549 0.150786 0.137030 
0.124902 0.138273 0.151637 0.164983 0.178297 0.191562 0.204762 0.217880 0.230894 0.243785 0.256528 0.269099 0.281471 0.293615 0.305502 0.317099 0.328373 0.339289 0.349811 0.359901 0.369520 0.378631 0.387194 0.395170 0.402522 0.409214 0.415210 0.420478 0.424989 0.428718 0.431641 0.433742 0.435008 0.435431 0.435008 0.433742 0.431641 0.428718 0.424989 0.420478 0.415210 0.409214 0.402522 0.395170 0.387194 0.378631 0.369520 0.359901 0.349811 0.339289 0.328373 0.317099 0.305502 0.293615 0.281471 0.269099 0.256528 0.243785 0.230894 0.217880 0.204762 0.191562 0.178297 0.164983 0.151637 0.138273 0.124902 
0.112709 0.125705 0.138682 0.151628 0.164530 0.177371 0.190136 0.202806 0.215363 0.227785 0.240051 0.252135 0.264014 0.275659 0.287042 0.298134 0.308903 0.319316 0.329340 0.338940 0.348081 0.356728 0.364845 0.372398 0.379353 0.385676 0.391336 0.396306 0.400558 0.404070 0.406823 0.408800 0.409991 0.410389 0.409991 0.408800 0.406823 0.404070 0.400558 0.396306 0.391336 0.385676 0.379353 0.372398 0.364845 0.356728 0.348081 0.338940 0.329340 0.319316 0.308903 0.298134 0.287042 0.275659 0.264014 0.252135 0.240051 0.227785 0.215363 0.202806 0.190136 0.177371 0.164530 0.151628 0.138682 0.125705 0.112709 
