81 81
3.895866e+01 0 5
0.552825 0.563241 0.573660 0.584072 0.594472 0.604852 0.615203 0.625516 0.635781 0.645989 0.656128 0.666187 0.676152 0.686011 0.695749 0.705352 0.714803 0.724086 0.733184 0.742080 0.750753 0.759186 0.767357 0.775248 0.782836 0.790102 0.797025 0.803582 0.809755 0.815521 0.820862 0.825759 0.830194 0.834150 0.837611 0.840565 0.842998 0.844901 0.846266 0.847088 0.847362 0.847088 0.846266 0.844901 0.842998 0.840565 0.837611 0.834150 0.830194 0.825759 0.820862 0.815521 0.809755 0.803582 0.797025 0.790102 0.782836 0.775248 0.767357 0.759186 0.750753 0.742080 0.733184 0.724086 0.714803 0.705352 0.695749 0.686011 0.676152 0.666187 0.656128 0.645989 0.635781 0.625516 0.615203 0.604852 0.594472 0.584072 0.573660 0.563241 0.552825 
0.562174 0.572838 0.583510 0.594184 0.604852 0.615507 0.626140 0.636742 0.647304 0.657815 0.668264 0.678638 0.688926 0.699112 0.709182 0.719121 0.728912 0.738539 0.747982 0.757223 0.766243 0.775020 0.783534 0.791762 0.799683 0.807274 0.814512 0.821375 0.827840 0.833885 0.839488 0.844629 0.849287 0.853445 0.857085 0.860192 0.862753 0.864757 0.866195 0.867060 0.867349 0.867060 0.866195 0.864757 0.862753 0.860192 0.857085 0.853445 0.849287 0.844629 0.839488 0.833885 0.827840 0.821375 0.814512 0.807274 0.799683 0.791762 0.783534 0.775020 0.766243 0.757223 0.747982 0.738539 0.728912 0.719121 0.709182 0.699112 0.688926 0.678638 0.668264 0.657815 0.647304 0.636742 0.626140 0.615507 0.604852 0.594184 0.583510 0.572838 0.562174 
0.571473 0.582388 0.593319 0.604260 0.615203 0.626140 0.637063 0.647964 0.658831 0.669655 0.680424 0.691126 0.701747 0.712273 0.722689 0.732980 0.743127 0.753113 0.762919 0.772524 0.781909 0.791050 0.799925 0.808512 0.816786 0.824723 0.832299 0.839488 0.846266 0.852610 0.858494 0.863897 0.868796 0.873172 0.877005 0.880279 0.882978 0.885091 0.886607 0.887520 0.887825 0.887520 0.886607 0.885091 0.882978 0.880279 0.877005 0.873172 0.868796 0.863897 0.858494 0.852610 0.846266 0.839488 0.832299 0.824723 0.816786 0.808512 0.799925 0.791050 0.781909 0.772524 0.762919 0.753113 0.743127 0.732980 0.722689 0.712273 0.701747 0.691126 0.680424 0.669655 0.658831 0.647964 0.637063 0.626140 0.615203 0.604260 0.593319 0.582388 0.571473 
0.580711 0.591883 0.603079 0.614292 0.625516 0.636742 0.647964 0.659170 0.670352 0.681499 0.692599 0.703640 0.714608 0.725488 0.736265 0.746922 0.757441 0.767804 0.777990 0.787979 0.797748 0.807274 0.816533 0.825500 0.834150 0.842456 0.850391 0.857930 0.865044 0.871708 0.877895 0.883581 0.888740 0.893352 0.897394 0.900847 0.903697 0.905928 0.907530 0.908494 0.908816 0.908494 0.907530 0.905928 0.903697 0.900847 0.897394 0.893352 0.888740 0.883581 0.877895 0.871708 0.865044 0.857930 0.850391 0.842456 0.834150 0.825500 0.816533 0.807274 0.797748 0.787979 0.777990 0.767804 0.757441 0.746922 0.736265 0.725488 0.714608 0.703640 0.692599 0.681499 0.670352 0.659170 0.647964 0.636742 0.625516 0.614292 0.603079 0.591883 0.580711 
0.589880 0.601313 0.612778 0.624270 0.635781 0.647304 0.658831 0.670352 0.681858 0.693338 0.704780 0.716172 0.727499 0.738746 0.749898 0.760938 0.771846 0.782604 0.793190 0.803582 0.813757 0.823690 0.833355 0.842727 0.851776 0.860476 0.868796 0.876709 0.884184 0.891193 0.897706 0.903697 0.909138 0.914004 0.918273 0.921923 0.924935 0.927295 0.928989 0.930010 0.930350 0.930010 0.928989 0.927295 0.924935 0.921923 0.918273 0.914004 0.909138 0.903697 0.897706 0.891193 0.884184 0.876709 0.868796 0.860476 0.851776 0.842727 0.833355 0.823690 0.813757 0.803582 0.793190 0.782604 0.771846 0.760938 0.749898 0.738746 0.727499 0.716172 0.704780 0.693338 0.681858 0.670352 0.658831 0.647304 0.635781 0.624270 0.612778 0.601313 0.589880 
0.598971 0.610669 0.622409 0.634185 0.645989 0.657815 0.669655 0.681499 0.693338 0.705161 0.716956 0.728710 0.740409 0.752039 0.763581 0.775020 0.786335 0.797507 0.808512 0.819329 0.829932 0.840295 0.850391 0.860192 0.869668 0.878787 0.887520 0.895834 0.903697 0.911077 0.917943 0.924264 0.930010 0.935153 0.939668 0.943531 0.946721 0.949221 0.951017 0.952098 0.952460 0.952098 0.951017 0.949221 0.946721 0.943531 0.939668 0.935153 0.930010 0.924264 0.917943 0.911077 0.903697 0.895834 0.887520 0.878787 0.869668 0.860192 0.850391 0.840295 0.829932 0.819329 0.808512 0.797507 0.786335 0.775020 0.763581 0.752039 0.740409 0.728710 0.716956 0.705161 0.693338 0.681499 0.669655 0.657815 0.645989 0.634185 0.622409 0.610669 0.598971 
0.607974 0.619941 0.631960 0.644025 0.656128 0.668264 0.680424 0.692599 0.704780 0.716956 0.729115 0.741244 0.753328 0.765354 0.777303 0.789157 0.800897 0.812502 0.823948 0.835212 0.846266 0.857085 0.867638 0.877895 0.887825 0.897394 0.906568 0.915313 0.923593 0.931374 0.938621 0.945300 0.951377 0.956822 0.961605 0.965700 0.969085 0.971738 0.973645 0.974794 0.975177 0.974794 0.973645 0.971738 0.969085 0.965700 0.961605 0.956822 0.951377 0.945300 0.938621 0.931374 0.923593 0.915313 0.906568 0.897394 0.887825 0.877895 0.867638 0.857085 0.846266 0.835212 0.823948 0.812502 0.800897 0.789157 0.777303 0.765354 0.753328 0.741244 0.729115 0.716956 0.704780 0.692599 0.680424 0.668264 0.656128 0.644025 0.631960 0.619941 0.607974 
0.616878 0.629118 0.641420 0.653778 0.666187 0.678638 0.691126 0.703640 0.716172 0.728710 0.741244 0.753759 0.766243 0.778679 0.791050 0.803337 0.815521 0.827579 0.839488 0.851222 0.862753 0.874053 0.885091 0.895834 0.906248 0.916297 0.925945 0.935153 0.943884 0.952098 0.959758 0.966825 0.973263 0.979036 0.984112 0.988462 0.992059 0.994881 0.996909 0.998132 0.998540 0.998132 0.996909 0.994881 0.992059 0.988462 0.984112 0.979036 0.973263 0.966825 0.959758 0.952098 0.943884 0.935153 0.925945 0.916297 0.906248 0.895834 0.885091 0.874053 0.862753 0.851222 0.839488 0.827579 0.815521 0.803337 0.791050 0.778679 0.766243 0.753759 0.741244 0.728710 0.716172 0.703640 0.691126 0.678638 0.666187 0.653778 0.641420 0.629118 0.616878 
0.625672 0.638188 0.650777 0.663434 0.676152 0.688926 0.701747 0.714608 0.727499 0.740409 0.753328 0.766243 0.779139 0.792000 0.804809 0.817547 0.830194 0.842727 0.855121 0.867349 0.879383 0.891193 0.902745 0.914004 0.924935 0.935499 0.945655 0.955362 0.964579 0.973263 0.981370 0.988860 0.995691 1.001823 1.007220 1.011849 1.015680 1.018686 1.020849 1.022153 1.022588 1.022153 1.020849 1.018686 1.015680 1.011849 1.007220 1.001823 0.995691 0.988860 0.981370 0.973263 0.964579 0.955362 0.945655 0.935499 0.924935 0.914004 0.902745 0.891193 0.879383 0.867349 0.855121 0.842727 0.830194 0.817547 0.804809 0.792000 0.779139 0.766243 0.753328 0.740409 0.727499 0.714608 0.701747 0.688926 0.676152 0.663434 0.650777 0.638188 0.625672 
0.634344 0.647140 0.660019 0.672978 0.686011 0.699112 0.712273 0.725488 0.738746 0.752039 0.765354 0.778679 0.792000 0.805301 0.818564 0.831772 0.844901 0.857930 0.870832 0.883581 0.896145 0.908494 0.920591 0.932401 0.943884 0.954998 0.965700 0.975946 0.985688 0.994881 1.003476 1.011426 1.018686 1.025212 1.030962 1.035898 1.039986 1.043197 1.045507 1.046901 1.047366 1.046901 1.045507 1.043197 1.039986 1.035898 1.030962 1.025212 1.018686 1.011426 1.003476 0.994881 0.985688 0.975946 0.965700 0.954998 0.943884 0.932401 0.920591 0.908494 0.896145 0.883581 0.870832 0.857930 0.844901 0.831772 0.818564 0.805301 0.792000 0.778679 0.765354 0.752039 0.738746 0.725488 0.712273 0.699112 0.686011 0.672978 0.660019 0.647140 0.634344 
0.642883 0.655960 0.669133 0.682397 0.695749 0.709182 0.722689 0.736265 0.749898 0.763581 0.777303 0.791050 0.804809 0.818564 0.832299 0.845993 0.859625 0.873172 0.886607 0.899902 0.913026 0.925945 0.938621 0.951017 0.963089 0.974794 0.986083 0.996909 1.007220 1.016965 1.026091 1.034545 1.042277 1.049235 1.055373 1.060648 1.065020 1.068457 1.070932 1.072425 1.072924 1.072425 1.070932 1.068457 1.065020 1.060648 1.055373 1.049235 1.042277 1.034545 1.026091 1.016965 1.007220 0.996909 0.986083 0.974794 0.963089 0.951017 0.938621 0.925945 0.913026 0.899902 0.886607 0.873172 0.859625 0.845993 0.832299 0.818564 0.804809 0.791050 0.777303 0.763581 0.749898 0.736265 0.722689 0.709182 0.695749 0.682397 0.669133 0.655960 0.642883 
0.651276 0.664636 0.678104 0.691678 0.705352 0.719121 0.732980 0.746922 0.760938 0.775020 0.789157 0.803337 0.817547 0.831772 0.845993 0.860192 0.874347 0.888435 0.902428 0.916297 0.930010 0.943531 0.956822 0.969841 0.982543 0.994881 1.006803 1.018255 1.029184 1.039529 1.049235 1.058241 1.066489 1.073924 1.080491 1.086140 1.090829 1.094517 1.097174 1.098778 1.099314 1.098778 1.097174 1.094517 1.090829 1.086140 1.080491 1.073924 1.066489 1.058241 1.049235 1.039529 1.029184 1.018255 1.006803 0.994881 0.982543 0.969841 0.956822 0.943531 0.930010 0.916297 0.902428 0.888435 0.874347 0.860192 0.845993 0.831772 0.817547 0.803337 0.789157 0.775020 0.760938 0.746922 0.732980 0.719121 0.705352 0.691678 0.678104 0.664636 0.651276 
0.659510 0.673154 0.686919 0.700804 0.714803 0.728912 0.743127 0.757441 0.771846 0.786335 0.800897 0.815521 0.830194 0.844901 0.859625 0.874347 0.889046 0.903697 0.918273 0.932744 0.947077 0.961235 0.975177 0.988860 1.002236 1.015252 1.027855 1.039986 1.051584 1.062585 1.072924 1.082535 1.091353 1.099314 1.106356 1.112423 1.117463 1.121431 1.124293 1.126020 1.126598 1.126020 1.124293 1.121431 1.117463 1.112423 1.106356 1.099314 1.091353 1.082535 1.072924 1.062585 1.051584 1.039986 1.027855 1.015252 1.002236 0.988860 0.975177 0.961235 0.947077 0.932744 0.918273 0.903697 0.889046 0.874347 0.859625 0.844901 0.830194 0.815521 0.800897 0.786335 0.771846 0.757441 0.743127 0.728912 0.714803 0.700804 0.686919 0.673154 0.659510 
0.667570 0.681499 0.695563 0.709760 0.724086 0.738539 0.753113 0.767804 0.782604 0.797507 0.812502 0.827579 0.842727 0.857930 0.873172 0.888435 0.903697 0.918934 0.934119 0.949221 0.964206 0.979036 0.993669 1.008058 1.022153 1.035898 1.049235 1.062099 1.074425 1.086140 1.097174 1.107452 1.116899 1.125444 1.133014 1.139546 1.144979 1.149261 1.152352 1.154219 1.154843 1.154219 1.152352 1.149261 1.144979 1.139546 1.133014 1.125444 1.116899 1.107452 1.097174 1.086140 1.074425 1.062099 1.049235 1.035898 1.022153 1.008058 0.993669 0.979036 0.964206 0.949221 0.934119 0.918934 0.903697 0.888435 0.873172 0.857930 0.842727 0.827579 0.812502 0.797507 0.782604 0.767804 0.753113 0.738539 0.724086 0.709760 0.695563 0.681499 0.667570 
0.675445 0.689658 0.704020 0.718529 0.733184 0.747982 0.762919 0.777990 0.793190 0.808512 0.823948 0.839488 0.855121 0.870832 0.886607 0.902428 0.918273 0.934119 0.949938 0.965700 0.981370 0.996909 1.012273 1.027413 1.042277 1.056804 1.070932 1.084591 1.097708 1.110205 1.122002 1.133014 1.143159 1.152352 1.160512 1.167564 1.173439 1.178075 1.181423 1.183447 1.184124 1.183447 1.181423 1.178075 1.173439 1.167564 1.160512 1.152352 1.143159 1.133014 1.122002 1.110205 1.097708 1.084591 1.070932 1.056804 1.042277 1.027413 1.012273 0.996909 0.981370 0.965700 0.949938 0.934119 0.918273 0.902428 0.886607 0.870832 0.855121 0.839488 0.823948 0.808512 0.793190 0.777990 0.762919 0.747982 0.733184 0.718529 0.704020 0.689658 0.675445 
0.683118 0.697614 0.712273 0.727096 0.742080 0.757223 0.772524 0.787979 0.803582 0.819329 0.835212 0.851222 0.867349 0.883581 0.899902 0.916297 0.932744 0.949221 0.965700 0.982152 0.998540 1.014825 1.030962 1.046901 1.062585 1.077951 1.092932 1.107452 1.121431 1.134784 1.147420 1.159245 1.170163 1.180080 1.188901 1.196539 1.202911 1.207946 1.211587 1.213790 1.214527 1.213790 1.211587 1.207946 1.202911 1.196539 1.188901 1.180080 1.170163 1.159245 1.147420 1.134784 1.121431 1.107452 1.092932 1.077951 1.062585 1.046901 1.030962 1.014825 0.998540 0.982152 0.965700 0.949221 0.932744 0.916297 0.899902 0.883581 0.867349 0.851222 0.835212 0.819329 0.803582 0.787979 0.772524 0.757223 0.742080 0.727096 0.712273 0.697614 0.683118 
0.690575 0.705352 0.720307 0.735441 0.750753 0.766243 0.781909 0.797748 0.813757 0.829932 0.846266 0.862753 0.879383 0.896145 0.913026 0.930010 0.947077 0.964206 0.981370 0.998540 1.015680 1.032750 1.049703 1.066489 1.083048 1.099314 1.115214 1.130668 1.145588 1.159878 1.173439 1.186164 1.197945 1.208672 1.218236 1.226534 1.233471 1.238961 1.242935 1.245341 1.246147 1.245341 1.242935 1.238961 1.233471 1.226534 1.218236 1.208672 1.197945 1.186164 1.173439 1.159878 1.145588 1.130668 1.115214 1.099314 1.083048 1.066489 1.049703 1.032750 1.015680 0.998540 0.981370 0.964206 0.947077 0.930010 0.913026 0.896145 0.879383 0.862753 0.846266 0.829932 0.813757 0.797748 0.781909 0.766243 0.750753 0.735441 0.720307 0.705352 0.690575 
0.697800 0.712855 0.728104 0.743547 0.759186 0.775020 0.791050 0.807274 0.823690 0.840295 0.857085 0.874053 0.891193 0.908494 0.925945 0.943531 0.961235 0.979036 0.996909 1.014825 1.032750 1.050642 1.068457 1.086140 1.103632 1.120862 1.137753 1.154219 1.170163 1.185483 1.200065 1.213790 1.226534 1.238171 1.248575 1.257624 1.265203 1.271213 1.275570 1.278210 1.279094 1.278210 1.275570 1.271213 1.265203 1.257624 1.248575 1.238171 1.226534 1.213790 1.200065 1.185483 1.170163 1.154219 1.137753 1.120862 1.103632 1.086140 1.068457 1.050642 1.032750 1.014825 0.996909 0.979036 0.961235 0.943531 0.925945 0.908494 0.891193 0.874053 0.857085 0.840295 0.823690 0.807274 0.791050 0.775020 0.759186 0.743547 0.728104 0.712855 0.697800 
0.704780 0.720109 0.735647 0.751395 0.767357 0.783534 0.799925 0.816533 0.833355 0.850391 0.867638 0.885091 0.902745 0.920591 0.938621 0.956822 0.975177 0.993669 1.012273 1.030962 1.049703 1.068457 1.087177 1.105810 1.124293 1.142554 1.160512 1.178075 1.195138 1.211587 1.227298 1.242137 1.255961 1.268625 1.279981 1.289885 1.298201 1.304809 1.309607 1.312518 1.313493 1.312518 1.309607 1.304809 1.298201 1.289885 1.279981 1.268625 1.255961 1.242137 1.227298 1.211587 1.195138 1.178075 1.160512 1.142554 1.124293 1.105810 1.087177 1.068457 1.049703 1.030962 1.012273 0.993669 0.975177 0.956822 0.938621 0.920591 0.902745 0.885091 0.867638 0.850391 0.833355 0.816533 0.799925 0.783534 0.767357 0.751395 0.735647 0.720109 0.704780 
0.711498 0.727096 0.742917 0.758967 0.775248 0.791762 0.808512 0.825500 0.842727 0.860192 0.877895 0.895834 0.914004 0.932401 0.951017 0.969841 0.988860 1.008058 1.027413 1.046901 1.066489 1.086140 1.105810 1.125444 1.144979 1.164342 1.183447 1.202197 1.220480 1.238171 1.255133 1.271213 1.286251 1.300077 1.312518 1.323403 1.332570 1.339871 1.345181 1.348408 1.349490 1.348408 1.345181 1.339871 1.332570 1.323403 1.312518 1.300077 1.286251 1.271213 1.255133 1.238171 1.220480 1.202197 1.183447 1.164342 1.144979 1.125444 1.105810 1.086140 1.066489 1.046901 1.027413 1.008058 0.988860 0.969841 0.951017 0.932401 0.914004 0.895834 0.877895 0.860192 0.842727 0.825500 0.808512 0.791762 0.775248 0.758967 0.742917 0.727096 0.711498 
0.717939 0.733798 0.749898 0.766243 0.782836 0.799683 0.816786 0.834150 0.851776 0.869668 0.887825 0.906248 0.924935 0.943884 0.963089 0.982543 1.002236 1.022153 1.042277 1.062585 1.083048 1.103632 1.124293 1.144979 1.165627 1.186164 1.206500 1.226534 1.246147 1.265203 1.283550 1.301018 1.317423 1.332570 1.346253 1.358271 1.368424 1.376534 1.382446 1.386043 1.387251 1.386043 1.382446 1.376534 1.368424 1.358271 1.346253 1.332570 1.317423 1.301018 1.283550 1.265203 1.246147 1.226534 1.206500 1.186164 1.165627 1.144979 1.124293 1.103632 1.083048 1.062585 1.042277 1.022153 1.002236 0.982543 0.963089 0.943884 0.924935 0.906248 0.887825 0.869668 0.851776 0.834150 0.816786 0.799683 0.782836 0.766243 0.749898 0.733798 0.717939 
0.724086 0.740201 0.756572 0.773203 0.790102 0.807274 0.824723 0.842456 0.860476 0.878787 0.897394 0.916297 0.935499 0.954998 0.974794 0.994881 1.015252 1.035898 1.056804 1.077951 1.099314 1.120862 1.142554 1.164342 1.186164 1.207946 1.229600 1.251020 1.272080 1.292635 1.312518 1.331539 1.349490 1.366142 1.381256 1.394586 1.405894 1.414956 1.421580 1.425617 1.426974 1.425617 1.421580 1.414956 1.405894 1.394586 1.381256 1.366142 1.349490 1.331539 1.312518 1.292635 1.272080 1.251020 1.229600 1.207946 1.186164 1.164342 1.142554 1.120862 1.099314 1.077951 1.056804 1.035898 1.015252 0.994881 0.974794 0.954998 0.935499 0.916297 0.897394 0.878787 0.860476 0.842456 0.824723 0.807274 0.790102 0.773203 0.756572 0.740201 0.724086 
0.729925 0.746287 0.762919 0.779829 0.797025 0.814512 0.832299 0.850391 0.868796 0.887520 0.906568 0.925945 0.945655 0.965700 0.986083 1.006803 1.027855 1.049235 1.070932 1.092932 1.115214 1.137753 1.160512 1.183447 1.206500 1.229600 1.252659 1.275570 1.298201 1.320400 1.341985 1.362746 1.382446 1.400822 1.417590 1.432455 1.445123 1.455315 1.462790 1.467355 1.468891 1.467355 1.462790 1.455315 1.445123 1.432455 1.417590 1.400822 1.382446 1.362746 1.341985 1.320400 1.298201 1.275570 1.252659 1.229600 1.206500 1.183447 1.160512 1.137753 1.115214 1.092932 1.070932 1.049235 1.027855 1.006803 0.986083 0.965700 0.945655 0.925945 0.906568 0.887520 0.868796 0.850391 0.832299 0.814512 0.797025 0.779829 0.762919 0.746287 0.729925 
0.735441 0.752039 0.768923 0.786101 0.803582 0.821375 0.839488 0.857930 0.876709 0.895834 0.915313 0.935153 0.955362 0.975946 0.996909 1.018255 1.039986 1.062099 1.084591 1.107452 1.130668 1.154219 1.178075 1.202197 1.226534 1.251020 1.275570 1.300077 1.324410 1.348408 1.371876 1.394586 1.416270 1.436625 1.455315 1.471984 1.486268 1.497817 1.506319 1.511527 1.513281 1.511527 1.506319 1.497817 1.486268 1.471984 1.455315 1.436625 1.416270 1.394586 1.371876 1.348408 1.324410 1.300077 1.275570 1.251020 1.226534 1.202197 1.178075 1.154219 1.130668 1.107452 1.084591 1.062099 1.039986 1.018255 0.996909 0.975946 0.955362 0.935153 0.915313 0.895834 0.876709 0.857930 0.839488 0.821375 0.803582 0.786101 0.768923 0.752039 0.735441 
0.740618 0.757441 0.774565 0.792000 0.809755 0.827840 0.846266 0.865044 0.884184 0.903697 0.923593 0.943884 0.964579 0.985688 1.007220 1.029184 1.051584 1.074425 1.097708 1.121431 1.145588 1.170163 1.195138 1.220480 1.246147 1.272080 1.298201 1.324410 1.350575 1.376534 1.402083 1.426974 1.450909 1.473542 1.494477 1.513281 1.529504 1.542698 1.552457 1.558456 1.560480 1.558456 1.552457 1.542698 1.529504 1.513281 1.494477 1.473542 1.450909 1.426974 1.402083 1.376534 1.350575 1.324410 1.298201 1.272080 1.246147 1.220480 1.195138 1.170163 1.145588 1.121431 1.097708 1.074425 1.051584 1.029184 1.007220 0.985688 0.964579 0.943884 0.923593 0.903697 0.884184 0.865044 0.846266 0.827840 0.809755 0.792000 0.774565 0.757441 0.740618 
0.745442 0.762478 0.779829 0.797507 0.815521 0.833885 0.852610 0.871708 0.891193 0.911077 0.931374 0.952098 0.973263 0.994881 1.016965 1.039529 1.062585 1.086140 1.110205 1.134784 1.159878 1.185483 1.211587 1.238171 1.265203 1.292635 1.320400 1.348408 1.376534 1.404619 1.432455 1.459780 1.486268 1.511527 1.535094 1.556444 1.575013 1.590226 1.601547 1.608536 1.610899 1.608536 1.601547 1.590226 1.575013 1.556444 1.535094 1.511527 1.486268 1.459780 1.432455 1.404619 1.376534 1.348408 1.320400 1.292635 1.265203 1.238171 1.211587 1.185483 1.159878 1.134784 1.110205 1.086140 1.062585 1.039529 1.016965 0.994881 0.973263 0.952098 0.931374 0.911077 0.891193 0.871708 0.852610 0.833885 0.815521 0.797507 0.779829 0.762478 0.745442 
0.749898 0.767134 0.784698 0.802604 0.820862 0.839488 0.858494 0.877895 0.897706 0.917943 0.938621 0.959758 0.981370 1.003476 1.026091 1.049235 1.072924 1.097174 1.122002 1.147420 1.173439 1.200065 1.227298 1.255133 1.283550 1.312518 1.341985 1.371876 1.402083 1.432455 1.462790 1.492819 1.522195 1.550482 1.577143 1.601547 1.622985 1.640710 1.654002 1.662252 1.665051 1.662252 1.654002 1.640710 1.622985 1.601547 1.577143 1.550482 1.522195 1.492819 1.462790 1.432455 1.402083 1.371876 1.341985 1.312518 1.283550 1.255133 1.227298 1.200065 1.173439 1.147420 1.122002 1.097174 1.072924 1.049235 1.026091 1.003476 0.981370 0.959758 0.938621 0.917943 0.897706 0.877895 0.858494 0.839488 0.820862 0.802604 0.784698 0.767134 0.749898 
0.753975 0.771395 0.789157 0.807274 0.825759 0.844629 0.863897 0.883581 0.903697 0.924264 0.945300 0.966825 0.988860 1.011426 1.034545 1.058241 1.082535 1.107452 1.133014 1.159245 1.186164 1.213790 1.242137 1.271213 1.301018 1.331539 1.362746 1.394586 1.426974 1.459780 1.492819 1.525829 1.558456 1.590226 1.620531 1.648618 1.673599 1.694493 1.710318 1.720214 1.723583 1.720214 1.710318 1.694493 1.673599 1.648618 1.620531 1.590226 1.558456 1.525829 1.492819 1.459780 1.426974 1.394586 1.362746 1.331539 1.301018 1.271213 1.242137 1.213790 1.186164 1.159245 1.133014 1.107452 1.082535 1.058241 1.034545 1.011426 0.988860 0.966825 0.945300 0.924264 0.903697 0.883581 0.863897 0.844629 0.825759 0.807274 0.789157 0.771395 0.753975 
0.757659 0.775248 0.793190 0.811501 0.830194 0.849287 0.868796 0.888740 0.909138 0.930010 0.951377 0.973263 0.995691 1.018686 1.042277 1.066489 1.091353 1.116899 1.143159 1.170163 1.197945 1.226534 1.255961 1.286251 1.317423 1.349490 1.382446 1.416270 1.450909 1.486268 1.522195 1.558456 1.594707 1.630462 1.665051 1.697595 1.726990 1.751946 1.771098 1.783192 1.787333 1.783192 1.771098 1.751946 1.726990 1.697595 1.665051 1.630462 1.594707 1.558456 1.522195 1.486268 1.450909 1.416270 1.382446 1.349490 1.317423 1.286251 1.255961 1.226534 1.197945 1.170163 1.143159 1.116899 1.091353 1.066489 1.042277 1.018686 0.995691 0.973263 0.951377 0.930010 0.909138 0.888740 0.868796 0.849287 0.830194 0.811501 0.793190 0.775248 0.757659 
0.760938 0.778679 0.796784 0.815269 0.834150 0.853445 0.873172 0.893352 0.914004 0.935153 0.956822 0.979036 1.001823 1.025212 1.049235 1.073924 1.099314 1.125444 1.152352 1.180080 1.208672 1.238171 1.268625 1.300077 1.332570 1.366142 1.400822 1.436625 1.473542 1.511527 1.550482 1.590226 1.630462 1.670724 1.710318 1.748255 1.783192 1.813437 1.837062 1.852188 1.857406 1.852188 1.837062 1.813437 1.783192 1.748255 1.710318 1.670724 1.630462 1.590226 1.550482 1.511527 1.473542 1.436625 1.400822 1.366142 1.332570 1.300077 1.268625 1.238171 1.208672 1.180080 1.152352 1.125444 1.099314 1.073924 1.049235 1.025212 1.001823 0.979036 0.956822 0.935153 0.914004 0.893352 0.873172 0.853445 0.834150 0.815269 0.796784 0.778679 0.760938 
0.763803 0.781677 0.799925 0.818564 0.837611 0.857085 0.877005 0.897394 0.918273 0.939668 0.961605 0.984112 1.007220 1.030962 1.055373 1.080491 1.106356 1.133014 1.160512 1.188901 1.218236 1.248575 1.279981 1.312518 1.346253 1.381256 1.417590 1.455315 1.494477 1.535094 1.577143 1.620531 1.665051 1.710318 1.755682 1.800104 1.842019 1.879248 1.909051 1.928514 1.935304 1.928514 1.909051 1.879248 1.842019 1.800104 1.755682 1.710318 1.665051 1.620531 1.577143 1.535094 1.494477 1.455315 1.417590 1.381256 1.346253 1.312518 1.279981 1.248575 1.218236 1.188901 1.160512 1.133014 1.106356 1.080491 1.055373 1.030962 1.007220 0.984112 0.961605 0.939668 0.918273 0.897394 0.877005 0.857085 0.837611 0.818564 0.799925 0.781677 0.763803 
0.766243 0.784232 0.802604 0.821375 0.840565 0.860192 0.880279 0.900847 0.921923 0.943531 0.965700 0.988462 1.011849 1.035898 1.060648 1.086140 1.112423 1.139546 1.167564 1.196539 1.226534 1.257624 1.289885 1.323403 1.358271 1.394586 1.432455 1.471984 1.513281 1.556444 1.601547 1.648618 1.697595 1.748255 1.800104 1.852188 1.902842 1.949385 1.987960 2.013915 2.023131 2.013915 1.987960 1.949385 1.902842 1.852188 1.800104 1.748255 1.697595 1.648618 1.601547 1.556444 1.513281 1.471984 1.432455 1.394586 1.358271 1.323403 1.289885 1.257624 1.226534 1.196539 1.167564 1.139546 1.112423 1.086140 1.060648 1.035898 1.011849 0.988462 0.965700 0.943531 0.921923 0.900847 0.880279 0.860192 0.840565 0.821375 0.802604 0.784232 0.766243 
0.768251 0.786335 0.804809 0.823690 0.842998 0.862753 0.882978 0.903697 0.924935 0.946721 0.969085 0.992059 1.015680 1.039986 1.065020 1.090829 1.117463 1.144979 1.173439 1.202911 1.233471 1.265203 1.298201 1.332570 1.368424 1.405894 1.445123 1.486268 1.529504 1.575013 1.622985 1.673599 1.726990 1.783192 1.842019 1.902842 1.964193 2.023131 2.074475 2.110677 2.123917 2.110677 2.074475 2.023131 1.964193 1.902842 1.842019 1.783192 1.726990 1.673599 1.622985 1.575013 1.529504 1.486268 1.445123 1.405894 1.368424 1.332570 1.298201 1.265203 1.233471 1.202911 1.173439 1.144979 1.117463 1.090829 1.065020 1.039986 1.015680 0.992059 0.969085 0.946721 0.924935 0.903697 0.882978 0.862753 0.842998 0.823690 0.804809 0.786335 0.768251 
0.769820 0.787979 0.806533 0.825500 0.844901 0.864757 0.885091 0.905928 0.927295 0.949221 0.971738 0.994881 1.018686 1.043197 1.068457 1.094517 1.121431 1.149261 1.178075 1.207946 1.238961 1.271213 1.304809 1.339871 1.376534 1.414956 1.455315 1.497817 1.542698 1.590226 1.640710 1.694493 1.751946 1.813437 1.879248 1.949385 2.023131 2.098061 2.168150 2.221492 2.242083 2.221492 2.168150 2.098061 2.023131 1.949385 1.879248 1.813437 1.751946 1.694493 1.640710 1.590226 1.542698 1.497817 1.455315 1.414956 1.376534 1.339871 1.304809 1.271213 1.238961 1.207946 1.178075 1.149261 1.121431 1.094517 1.068457 1.043197 1.018686 0.994881 0.971738 0.949221 0.927295 0.905928 0.885091 0.864757 0.844901 0.825500 0.806533 0.787979 0.769820 
0.770944 0.789157 0.807769 0.826798 0.846266 0.866195 0.886607 0.907530 0.928989 0.951017 0.973645 0.996909 1.020849 1.045507 1.070932 1.097174 1.124293 1.152352 1.181423 1.211587 1.242935 1.275570 1.309607 1.345181 1.382446 1.421580 1.462790 1.506319 1.552457 1.601547 1.654002 1.710318 1.771098 1.837062 1.909051 1.987960 2.074475 2.168150 2.264521 2.347688 2.383431 2.347688 2.264521 2.168150 2.074475 1.987960 1.909051 1.837062 1.771098 1.710318 1.654002 1.601547 1.552457 1.506319 1.462790 1.421580 1.382446 1.345181 1.309607 1.275570 1.242935 1.211587 1.181423 1.152352 1.124293 1.097174 1.070932 1.045507 1.020849 0.996909 0.973645 0.951017 0.928989 0.907530 0.886607 0.866195 0.846266 0.826798 0.807769 0.789157 0.770944 
0.771621 0.789866 0.808512 0.827579 0.847088 0.867060 0.887520 0.908494 0.930010 0.952098 0.974794 0.998132 1.022153 1.046901 1.072425 1.098778 1.126020 1.154219 1.183447 1.213790 1.245341 1.278210 1.312518 1.348408 1.386043 1.425617 1.467355 1.511527 1.558456 1.608536 1.662252 1.720214 1.783192 1.852188 1.928514 2.013915 2.110677 2.221492 2.347688 2.478087 2.547433 2.478087 2.347688 2.221492 2.110677 2.013915 1.928514 1.852188 1.783192 1.720214 1.662252 1.608536 1.558456 1.511527 1.467355 1.425617 1.386043 1.348408 1.312518 1.278210 1.245341 1.213790 1.183447 1.154219 1.126020 1.098778 1.072425 1.046901 1.022153 0.998132 0.974794 0.952098 0.930010 0.908494 0.887520 0.867060 0.847088 0.827579 0.808512 0.789866 0.771621 
0.771846 0.790102 0.808760 0.827840 0.847362 0.867349 0.887825 0.908816 0.930350 0.952460 0.975177 0.998540 1.022588 1.047366 1.072924 1.099314 1.126598 1.154843 1.184124 1.214527 1.246147 1.279094 1.313493 1.349490 1.387251 1.426974 1.468891 1.513281 1.560480 1.610899 1.665051 1.723583 1.787333 1.857406 1.935304 2.023131 2.123917 2.242083 2.383431 2.547433 2.654049 2.547433 2.383431 2.242083 2.123917 2.023131 1.935304 1.857406 1.787333 1.723583 1.665051 1.610899 1.560480 1.513281 1.468891 1.426974 1.387251 1.349490 1.313493 1.279094 1.246147 1.214527 1.184124 1.154843 1.126598 1.099314 1.072924 1.047366 1.022588 0.998540 0.975177 0.952460 0.930350 0.908816 0.887825 0.867349 0.847362 0.827840 0.808760 0.790102 0.771846 
0.771846 0.790102 0.808760 0.827840 0.847362 0.867349 0.887825 0.908816 0.930350 0.952460 0.975177 0.998540 1.022588 1.047366 1.072924 1.099314 1.126598 1.154843 1.184124 1.214527 1.246147 1.279094 1.313493 1.349489 1.387251 1.426974 1.468891 1.513281 1.560480 1.610899 1.665051 1.723583 1.787332 1.857405 1.935304 2.023130 2.123915 2.242080 2.383427 2.547423 2.654033 2.547423 2.383427 2.242080 2.123915 2.023130 1.935304 1.857405 1.787332 1.723583 1.665051 1.610899 1.560480 1.513281 1.468891 1.426974 1.387251 1.349489 1.313493 1.279094 1.246147 1.214527 1.184124 1.154843 1.126598 1.099314 1.072924 1.047366 1.022588 0.998540 0.975177 0.952460 0.930350 0.908816 0.887825 0.867349 0.847362 0.827840 0.808760 0.790102 0.771846 
0.771846 0.790102 0.808760 0.827840 0.847362 0.867349 0.887825 0.908816 0.930350 0.952460 0.975177 0.998540 1.022588 1.047366 1.072923 1.099314 1.126598 1.154843 1.184124 1.214527 1.246147 1.279094 1.313493 1.349489 1.387250 1.426973 1.468891 1.513281 1.560479 1.610898 1.665050 1.723582 1.787331 1.857403 1.935301 2.023127 2.123911 2.242073 2.383414 2.547395 2.653983 2.547395 2.383414 2.242073 2.123911 2.023127 1.935301 1.857403 1.787331 1.723582 1.665050 1.610898 1.560479 1.513281 1.468891 1.426973 1.387250 1.349489 1.313493 1.279094 1.246147 1.214527 1.184124 1.154843 1.126598 1.099314 1.072923 1.047366 1.022588 0.998540 0.975177 0.952460 0.930350 0.908816 0.887825 0.867349 0.847362 0.827840 0.808760 0.790102 0.771846 
0.771846 0.790102 0.808760 0.827840 0.847362 0.867349 0.887825 0.908816 0.930350 0.952460 0.975177 0.998540 1.022588 1.047366 1.072924 1.099314 1.126598 1.154843 1.184124 1.214527 1.246147 1.279094 1.313493 1.349489 1.387251 1.426974 1.468891 1.513281 1.560480 1.610899 1.665051 1.723583 1.787332 1.857405 1.935303 2.023130 2.123915 2.242079 2.383425 2.547420 2.654026 2.547420 2.383425 2.242079 2.123915 2.023130 1.935303 1.857405 1.787332 1.723583 1.665051 1.610899 1.560480 1.513281 1.468891 1.426974 1.387251 1.349489 1.313493 1.279094 1.246147 1.214527 1.184124 1.154843 1.126598 1.099314 1.072924 1.047366 1.022588 0.998540 0.975177 0.952460 0.930350 0.908816 0.887825 0.867349 0.847362 0.827840 0.808760 0.790102 0.771846 
0.771846 0.790102 0.808760 0.827840 0.847362 0.867349 0.887825 0.908816 0.930350 0.952460 0.975177 0.998540 1.022588 1.047366 1.072924 1.099314 1.126598 1.154843 1.184124 1.214527 1.246147 1.279094 1.313493 1.349490 1.387251 1.426974 1.468891 1.513281 1.560480 1.610899 1.665051 1.723583 1.787333 1.857406 1.935304 2.023131 2.123917 2.242083 2.383431 2.547433 2.654049 2.547433 2.383431 2.242083 2.123917 2.023131 1.935304 1.857406 1.787333 1.723583 1.665051 1.610899 1.560480 1.513281 1.468891 1.426974 1.387251 1.349490 1.313493 1.279094 1.246147 1.214527 1.184124 1.154843 1.126598 1.099314 1.072924 1.047366 1.022588 0.998540 0.975177 0.952460 0.930350 0.908816 0.887825 0.867349 0.847362 0.827840 0.808760 0.790102 0.771846 
0.771846 0.790102 0.808760 0.827840 0.847362 0.867349 0.887825 0.908816 0.930350 0.952460 0.975177 0.998540 1.022588 1.047366 1.072924 1.099314 1.126598 1.154843 1.184124 1.214527 1.246147 1.279094 1.313493 1.349490 1.387251 1.426974 1.468891 1.513281 1.560480 1.610899 1.665051 1.723583 1.787332 1.857405 1.935304 2.023131 2.123916 2.242081 2.383428 2.547427 2.654038 2.547427 2.383428 2.242081 2.123916 2.023131 1.935304 1.857405 1.787332 1.723583 1.665051 1.610899 1.560480 1.513281 1.468891 1.426974 1.387251 1.349490 1.313493 1.279094 1.246147 1.214527 1.184124 1.154843 1.126598 1.099314 1.072924 1.047366 1.022588 0.998540 0.975177 0.952460 0.930350 0.908816 0.887825 0.867349 0.847362 0.827840 0.808760 0.790102 0.771846 
0.771846 0.790102 0.808760 0.827840 0.847362 0.867349 0.887825 0.908816 0.930350 0.952460 0.975177 0.998540 1.022588 1.047366 1.072923 1.099314 1.126598 1.154843 1.184124 1.214527 1.246147 1.279094 1.313493 1.349489 1.387250 1.426973 1.468891 1.513281 1.560479 1.610899 1.665050 1.723582 1.787331 1.857404 1.935302 2.023128 2.123912 2.242075 2.383417 2.547402 2.653995 2.547402 2.383417 2.242075 2.123912 2.023128 1.935302 1.857404 1.787331 1.723582 1.665050 1.610899 1.560479 1.513281 1.468891 1.426973 1.387250 1.349489 1.313493 1.279094 1.246147 1.214527 1.184124 1.154843 1.126598 1.099314 1.072923 1.047366 1.022588 0.998540 0.975177 0.952460 0.930350 0.908816 0.887825 0.867349 0.847362 0.827840 0.808760 0.790102 0.771846 
0.771846 0.790102 0.808760 0.827840 0.847362 0.867349 0.887825 0.908816 0.930350 0.952460 0.975177 0.998540 1.022588 1.047366 1.072924 1.099314 1.126598 1.154843 1.184124 1.214527 1.246147 1.279094 1.313493 1.349489 1.387251 1.426974 1.468891 1.513281 1.560480 1.610899 1.665050 1.723582 1.787332 1.857404 1.935303 2.023129 2.123914 2.242078 2.383423 2.547415 2.654018 2.547415 2.383423 2.242078 2.123914 2.023129 1.935303 1.857404 1.787332 1.723582 1.665050 1.610899 1.560480 1.513281 1.468891 1.426974 1.387251 1.349489 1.313493 1.279094 1.246147 1.214527 1.184124 1.154843 1.126598 1.099314 1.072924 1.047366 1.022588 0.998540 0.975177 0.952460 0.930350 0.908816 0.887825 0.867349 0.847362 0.827840 0.808760 0.790102 0.771846 
0.771846 0.790102 0.808760 0.827840 0.847362 0.867348 0.887824 0.908815 0.930350 0.952459 0.975177 0.998539 1.022587 1.047366 1.072923 1.099313 1.126597 1.154842 1.184123 1.214526 1.246146 1.279093 1.313492 1.349488 1.387249 1.426972 1.468889 1.513278 1.560477 1.610895 1.665046 1.723577 1.787326 1.857397 1.935293 2.023115 2.123894 2.242047 2.383366 2.547295 2.653809 2.547295 2.383366 2.242047 2.123894 2.023115 1.935293 1.857397 1.787326 1.723577 1.665046 1.610895 1.560477 1.513278 1.468889 1.426972 1.387249 1.349488 1.313492 1.279093 1.246146 1.214526 1.184123 1.154842 1.126597 1.099313 1.072923 1.047366 1.022587 0.998539 0.975177 0.952459 0.930350 0.908815 0.887824 0.867348 0.847362 0.827840 0.808760 0.790102 0.771846 
0.771602 0.789846 0.808491 0.827558 0.847065 0.867036 0.887494 0.908467 0.929981 0.952068 0.974761 0.998097 1.022116 1.046862 1.072383 1.098733 1.125972 1.154166 1.183391 1.213728 1.245274 1.278136 1.312436 1.348317 1.385943 1.425504 1.467227 1.511381 1.558287 1.608339 1.662019 1.719933 1.782848 1.851755 1.927953 2.013158 2.109598 2.219842 2.344930 2.473196 2.540656 2.473196 2.344930 2.219842 2.109598 2.013158 1.927953 1.851755 1.782848 1.719933 1.662019 1.608339 1.558287 1.511381 1.467227 1.425504 1.385943 1.348317 1.312436 1.278136 1.245274 1.213728 1.183391 1.154166 1.125972 1.098733 1.072383 1.046862 1.022116 0.998097 0.974761 0.952068 0.929981 0.908467 0.887494 0.867036 0.847065 0.827558 0.808491 0.789846 0.771602 
0.770907 0.789118 0.807728 0.826755 0.846221 0.866147 0.886557 0.907476 0.928933 0.950957 0.973581 0.996842 1.020777 1.045431 1.070850 1.097086 1.124198 1.152249 1.181312 1.211466 1.242803 1.275424 1.309447 1.345004 1.382249 1.421358 1.462539 1.506034 1.552129 1.601166 1.653552 1.709781 1.770444 1.836249 1.908013 1.986594 2.072610 2.165502 2.260660 2.342259 2.377115 2.342259 2.260660 2.165502 2.072610 1.986594 1.908013 1.836249 1.770444 1.709781 1.653552 1.601166 1.552129 1.506034 1.462539 1.421358 1.382249 1.345004 1.309447 1.275424 1.242803 1.211466 1.181312 1.152249 1.124198 1.097086 1.070850 1.045431 1.020777 0.996842 0.973581 0.950957 0.928933 0.907476 0.886557 0.866147 0.846221 0.826755 0.807728 0.789118 0.770907 
0.769764 0.787921 0.806472 0.825436 0.844834 0.864686 0.885016 0.905849 0.927211 0.949132 0.971644 0.994780 1.018580 1.043083 1.068335 1.094386 1.121290 1.149109 1.177910 1.207767 1.238765 1.270999 1.304573 1.339610 1.376244 1.414631 1.454949 1.497402 1.542222 1.589675 1.640066 1.693730 1.751028 1.812313 1.877847 1.947603 2.020820 2.095026 2.164201 2.216641 2.236823 2.216641 2.164201 2.095026 2.020820 1.947603 1.877847 1.812313 1.751028 1.693730 1.640066 1.589675 1.542222 1.497402 1.454949 1.414631 1.376244 1.339610 1.304573 1.270999 1.238765 1.207767 1.177910 1.149109 1.121290 1.094386 1.068335 1.043083 1.018580 0.994780 0.971644 0.949132 0.927211 0.905849 0.885016 0.864686 0.844834 0.825436 0.806472 0.787921 0.769764 
0.768177 0.786258 0.804728 0.823605 0.842908 0.862659 0.882879 0.903592 0.924824 0.946604 0.968960 0.991927 1.015539 1.039835 1.064859 1.090656 1.117277 1.144778 1.173222 1.202675 1.233214 1.264923 1.297893 1.332230 1.368047 1.405473 1.444650 1.485734 1.528895 1.574314 1.622174 1.672648 1.725862 1.781839 1.840376 1.900824 1.961699 2.020059 2.070777 2.106451 2.119478 2.106451 2.070777 2.020059 1.961699 1.900824 1.840376 1.781839 1.725862 1.672648 1.622174 1.574314 1.528895 1.485734 1.444650 1.405473 1.368047 1.332230 1.297893 1.264923 1.233214 1.202675 1.173222 1.144778 1.117277 1.090656 1.064859 1.039835 1.015539 0.991927 0.968960 0.946604 0.924824 0.903592 0.882879 0.862659 0.842908 0.823605 0.804728 0.786258 0.768177 
0.766151 0.784136 0.802503 0.821269 0.840454 0.860075 0.880156 0.900718 0.921785 0.943386 0.965546 0.988298 1.011675 1.035712 1.060449 1.085927 1.112194 1.139299 1.167298 1.196250 1.226220 1.257281 1.289509 1.322989 1.357813 1.394078 1.431887 1.471345 1.512558 1.555619 1.600600 1.647521 1.696314 1.746748 1.798319 1.850066 1.900324 1.946429 1.984578 2.010208 2.019300 2.010208 1.984578 1.946429 1.900324 1.850066 1.798319 1.746748 1.696314 1.647521 1.600600 1.555619 1.512558 1.471345 1.431887 1.394078 1.357813 1.322989 1.289509 1.257281 1.226220 1.196250 1.167298 1.139299 1.112194 1.085927 1.060449 1.035712 1.011675 0.988298 0.965546 0.943386 0.921785 0.900718 0.880156 0.860075 0.840454 0.821269 0.802503 0.784136 0.766151 
0.763693 0.781563 0.799806 0.818439 0.837479 0.856946 0.876859 0.897239 0.918110 0.939496 0.961422 0.983918 1.007014 1.030742 1.055138 1.080239 1.106086 1.132724 1.160199 1.188562 1.217868 1.248174 1.279543 1.312037 1.345724 1.380669 1.416938 1.454586 1.493657 1.534167 1.576090 1.619327 1.663666 1.708720 1.753832 1.797964 1.839561 1.876463 1.905969 1.925220 1.931932 1.925220 1.905969 1.876463 1.839561 1.797964 1.753832 1.708720 1.663666 1.619327 1.576090 1.534167 1.493657 1.454586 1.416938 1.380669 1.345724 1.312037 1.279543 1.248174 1.217868 1.188562 1.160199 1.132724 1.106086 1.080239 1.055138 1.030742 1.007014 0.983918 0.961422 0.939496 0.918110 0.897239 0.876859 0.856946 0.837479 0.818439 0.799806 0.781563 0.763693 
0.760812 0.778546 0.796645 0.815123 0.833997 0.853284 0.873003 0.893174 0.913816 0.934954 0.956611 0.978813 1.001586 1.024960 1.048965 1.073635 1.099005 1.125112 1.151995 1.179694 1.208254 1.237718 1.268130 1.299536 1.331976 1.365488 1.400098 1.435821 1.472644 1.510521 1.549350 1.588948 1.629013 1.669080 1.708455 1.746150 1.780834 1.810832 1.834245 1.849225 1.854390 1.849225 1.834245 1.810832 1.780834 1.746150 1.708455 1.669080 1.629013 1.588948 1.549350 1.510521 1.472644 1.435821 1.400098 1.365488 1.331976 1.299536 1.268130 1.237718 1.208254 1.179694 1.151995 1.125112 1.099005 1.073635 1.048965 1.024960 1.001586 0.978813 0.956611 0.934954 0.913816 0.893174 0.873003 0.853284 0.833997 0.815123 0.796645 0.778546 0.760812 
0.757515 0.775098 0.793033 0.811336 0.830022 0.849106 0.868606 0.888539 0.908926 0.929786 0.951140 0.973012 0.995424 1.018403 1.041974 1.066167 1.091008 1.116529 1.142761 1.169735 1.197482 1.226033 1.255416 1.285657 1.316774 1.348777 1.381663 1.415405 1.449951 1.485204 1.521009 1.557131 1.593227 1.628807 1.663208 1.695551 1.724745 1.749514 1.768509 1.780499 1.784603 1.780499 1.768509 1.749514 1.724745 1.695551 1.663208 1.628807 1.593227 1.557131 1.521009 1.485204 1.449951 1.415405 1.381663 1.348777 1.316774 1.285657 1.255416 1.226033 1.197482 1.169735 1.142761 1.116529 1.091008 1.066167 1.041974 1.018403 0.995424 0.973012 0.951140 0.929786 0.908926 0.888539 0.868606 0.849106 0.830022 0.811336 0.793033 0.775098 0.757515 
0.753815 0.771228 0.788983 0.807091 0.825568 0.844427 0.863685 0.883358 0.903462 0.924016 0.945038 0.966547 0.988566 1.011113 1.034213 1.057886 1.082156 1.107046 1.132579 1.158777 1.185660 1.213245 1.241547 1.270573 1.300321 1.330779 1.361914 1.393673 1.425970 1.458673 1.491598 1.524480 1.556967 1.588584 1.618728 1.646650 1.671469 1.692218 1.707926 1.717744 1.721087 1.717744 1.707926 1.692218 1.671469 1.646650 1.618728 1.588584 1.556967 1.524480 1.491598 1.458673 1.425970 1.393673 1.361914 1.330779 1.300321 1.270573 1.241547 1.213245 1.185660 1.158777 1.132579 1.107046 1.082156 1.057886 1.034213 1.011113 0.988566 0.966547 0.945038 0.924016 0.903462 0.883358 0.863685 0.844427 0.825568 0.807091 0.788983 0.771228 0.753815 
