75 75
1.541415e+01 0 5
0.340592 0.351684 0.362764 0.373823 0.384851 0.395839 0.406776 0.417650 0.428448 0.439156 0.449762 0.460249 0.470601 0.480801 0.490831 0.500672 0.510305 0.519708 0.528860 0.537739 0.546322 0.554586 0.562507 0.570061 0.577225 0.583974 0.590286 0.596137 0.601506 0.606372 0.610716 0.614519 0.617766 0.620442 0.622536 0.624039 0.624943 0.625245 0.624943 0.624039 0.622536 0.620442 0.617766 0.614519 0.610716 0.606372 0.601506 0.596137 0.590286 0.583974 0.577225 0.570061 0.562507 0.554586 0.546322 0.537739 0.528860 0.519708 0.510305 0.500672 0.490831 0.480801 0.470601 0.460249 0.449762 0.439156 0.428448 0.417650 0.406776 0.395839 0.384851 0.373823 0.362764 0.351684 0.340592 
0.351069 0.362448 0.373823 0.385185 0.396525 0.407833 0.419097 0.430306 0.441447 0.452506 0.463468 0.474318 0.485039 0.495613 0.506020 0.516242 0.526257 0.536044 0.545579 0.554839 0.563799 0.572435 0.580720 0.588629 0.596137 0.603217 0.609843 0.615991 0.621637 0.626758 0.631331 0.635338 0.638760 0.641583 0.643792 0.645377 0.646332 0.646650 0.646332 0.645377 0.643792 0.641583 0.638760 0.635338 0.631331 0.626758 0.621637 0.615991 0.609843 0.603217 0.596137 0.588629 0.580720 0.572435 0.563799 0.554839 0.545579 0.536044 0.526257 0.516242 0.506020 0.495613 0.485039 0.474318 0.463468 0.452506 0.441447 0.430306 0.419097 0.407833 0.396525 0.385185 0.373823 0.362448 0.351069 
0.361501 0.373174 0.384851 0.396525 0.408186 0.419823 0.431425 0.442981 0.454477 0.465900 0.477233 0.488461 0.499567 0.510532 0.521335 0.531957 0.542375 0.552567 0.562507 0.572170 0.581531 0.590562 0.599237 0.607526 0.615402 0.622836 0.629801 0.636268 0.642213 0.647608 0.652430 0.656658 0.660271 0.663252 0.665586 0.667262 0.668271 0.668608 0.668271 0.667262 0.665586 0.663252 0.660271 0.656658 0.652430 0.647608 0.642213 0.636268 0.629801 0.622836 0.615402 0.607526 0.599237 0.590562 0.581531 0.572170 0.562507 0.552567 0.542375 0.531957 0.521335 0.510532 0.499567 0.488461 0.477233 0.465900 0.454477 0.442981 0.431425 0.419823 0.408186 0.396525 0.384851 0.373174 0.361501 
0.371878 0.383852 0.395839 0.407833 0.419823 0.431799 0.443751 0.455665 0.467529 0.479328 0.491047 0.502670 0.514177 0.525551 0.536769 0.547812 0.558654 0.569273 0.579641 0.589733 0.599520 0.608973 0.618062 0.626758 0.635028 0.642844 0.650173 0.656985 0.663252 0.668945 0.674037 0.678504 0.682325 0.685478 0.687948 0.689722 0.690791 0.691147 0.690791 0.689722 0.687948 0.685478 0.682325 0.678504 0.674037 0.668945 0.663252 0.656985 0.650173 0.642844 0.635028 0.626758 0.618062 0.608973 0.599520 0.589733 0.579641 0.569273 0.558654 0.547812 0.536769 0.525551 0.514177 0.502670 0.491047 0.479328 0.467529 0.455665 0.443751 0.431799 0.419823 0.407833 0.395839 0.383852 0.371878 
0.382191 0.394471 0.406776 0.419097 0.431425 0.443751 0.456061 0.468346 0.480590 0.492780 0.504900 0.516933 0.528860 0.540661 0.552315 0.563799 0.575089 0.586158 0.596980 0.607526 0.617766 0.627668 0.637201 0.646332 0.655027 0.663252 0.670974 0.678159 0.684775 0.690791 0.696176 0.700904 0.704950 0.708292 0.710911 0.712792 0.713925 0.714304 0.713925 0.712792 0.710911 0.708292 0.704950 0.700904 0.696176 0.690791 0.684775 0.678159 0.670974 0.663252 0.655027 0.646332 0.637201 0.627668 0.617766 0.607526 0.596980 0.586158 0.575089 0.563799 0.552315 0.540661 0.528860 0.516933 0.504900 0.492780 0.480590 0.468346 0.456061 0.443751 0.431425 0.419097 0.406776 0.394471 0.382191 
0.392427 0.405021 0.417650 0.430306 0.442981 0.455665 0.468346 0.481012 0.493650 0.506245 0.518781 0.531240 0.543604 0.555853 0.567963 0.579911 0.591671 0.603217 0.614519 0.625547 0.636268 0.646650 0.656658 0.666256 0.675406 0.684073 0.692220 0.699808 0.706803 0.713169 0.718874 0.723887 0.728179 0.731727 0.734508 0.736507 0.737712 0.738114 0.737712 0.736507 0.734508 0.731727 0.728179 0.723887 0.718874 0.713169 0.706803 0.699808 0.692220 0.684073 0.675406 0.666256 0.656658 0.646650 0.636268 0.625547 0.614519 0.603217 0.591671 0.579911 0.567963 0.555853 0.543604 0.531240 0.518781 0.506245 0.493650 0.481012 0.468346 0.455665 0.442981 0.430306 0.417650 0.405021 0.392427 
0.402575 0.415488 0.428448 0.441447 0.454477 0.467529 0.480590 0.493650 0.506694 0.519708 0.532675 0.545579 0.558399 0.571114 0.583702 0.596137 0.608393 0.620442 0.632252 0.643792 0.655027 0.665921 0.676436 0.686535 0.696176 0.705320 0.713925 0.721951 0.729358 0.736107 0.742160 0.747484 0.752046 0.755819 0.758780 0.760908 0.762191 0.762619 0.762191 0.760908 0.758780 0.755819 0.752046 0.747484 0.742160 0.736107 0.729358 0.721951 0.713925 0.705320 0.696176 0.686535 0.676436 0.665921 0.655027 0.643792 0.632252 0.620442 0.608393 0.596137 0.583702 0.571114 0.558399 0.545579 0.532675 0.519708 0.506694 0.493650 0.480590 0.467529 0.454477 0.441447 0.428448 0.415488 0.402575 
0.412623 0.425860 0.439156 0.452506 0.465900 0.479328 0.492780 0.506245 0.519708 0.533155 0.546570 0.559934 0.573229 0.586432 0.599520 0.612467 0.625245 0.637824 0.650173 0.662256 0.674037 0.685478 0.696538 0.707175 0.717345 0.727004 0.736107 0.744608 0.752464 0.759630 0.766065 0.771729 0.776588 0.780610 0.783767 0.786038 0.787407 0.787864 0.787407 0.786038 0.783767 0.780610 0.776588 0.771729 0.766065 0.759630 0.752464 0.744608 0.736107 0.727004 0.717345 0.707175 0.696538 0.685478 0.674037 0.662256 0.650173 0.637824 0.625245 0.612467 0.599520 0.586432 0.573229 0.559934 0.546570 0.533155 0.519708 0.506245 0.492780 0.479328 0.465900 0.452506 0.439156 0.425860 0.412623 
0.422556 0.436122 0.449762 0.463468 0.477233 0.491047 0.504900 0.518781 0.532675 0.546570 0.560447 0.574290 0.588079 0.601791 0.615402 0.628885 0.642213 0.655352 0.668271 0.680931 0.693295 0.705320 0.716963 0.728179 0.738920 0.749137 0.758780 0.767799 0.776144 0.783767 0.790620 0.796660 0.801846 0.806141 0.809516 0.811944 0.813409 0.813898 0.813409 0.811944 0.809516 0.806141 0.801846 0.796660 0.790620 0.783767 0.776144 0.767799 0.758780 0.749137 0.738920 0.728179 0.716963 0.705320 0.693295 0.680931 0.668271 0.655352 0.642213 0.628885 0.615402 0.601791 0.588079 0.574290 0.560447 0.546570 0.532675 0.518781 0.504900 0.491047 0.477233 0.463468 0.449762 0.436122 0.422556 
0.432360 0.446261 0.460249 0.474318 0.488461 0.502670 0.516933 0.531240 0.545579 0.559934 0.574290 0.588629 0.602931 0.617173 0.631331 0.645377 0.659282 0.673013 0.686535 0.699808 0.712792 0.725442 0.737712 0.749551 0.760908 0.771729 0.781960 0.791543 0.800424 0.808548 0.815862 0.822316 0.827862 0.832461 0.836077 0.838680 0.840251 0.840776 0.840251 0.838680 0.836077 0.832461 0.827862 0.822316 0.815862 0.808548 0.800424 0.791543 0.781960 0.771729 0.760908 0.749551 0.737712 0.725442 0.712792 0.699808 0.686535 0.673013 0.659282 0.645377 0.631331 0.617173 0.602931 0.588629 0.574290 0.559934 0.545579 0.531240 0.516933 0.502670 0.488461 0.474318 0.460249 0.446261 0.432360 
0.442022 0.456260 0.470601 0.485039 0.499567 0.514177 0.528860 0.543604 0.558399 0.573229 0.588079 0.602931 0.617766 0.632560 0.647289 0.661924 0.676436 0.690791 0.704950 0.718874 0.732519 0.745838 0.758780 0.771291 0.783314 0.794792 0.805662 0.815862 0.825331 0.834006 0.841828 0.848739 0.854686 0.859622 0.863506 0.866304 0.867993 0.868558 0.867993 0.866304 0.863506 0.859622 0.854686 0.848739 0.841828 0.834006 0.825331 0.815862 0.805662 0.794792 0.783314 0.771291 0.758780 0.745838 0.732519 0.718874 0.704950 0.690791 0.676436 0.661924 0.647289 0.632560 0.617766 0.602931 0.588079 0.573229 0.558399 0.543604 0.528860 0.514177 0.499567 0.485039 0.470601 0.456260 0.442022 
0.451524 0.466103 0.480801 0.495613 0.510532 0.525551 0.540661 0.555853 0.571114 0.586432 0.601791 0.617173 0.632560 0.647928 0.663252 0.678504 0.693654 0.708665 0.723499 0.738114 0.752464 0.766497 0.780161 0.793396 0.806141 0.818331 0.829899 0.840776 0.850891 0.860174 0.868558 0.875977 0.882369 0.887681 0.891865 0.894882 0.896703 0.897313 0.896703 0.894882 0.891865 0.887681 0.882369 0.875977 0.868558 0.860174 0.850891 0.840776 0.829899 0.818331 0.806141 0.793396 0.780161 0.766497 0.752464 0.738114 0.723499 0.708665 0.693654 0.678504 0.663252 0.647928 0.632560 0.617173 0.601791 0.586432 0.571114 0.555853 0.540661 0.525551 0.510532 0.495613 0.480801 0.466103 0.451524 
0.460851 0.475773 0.490831 0.506020 0.521335 0.536769 0.552315 0.567963 0.583702 0.599520 0.615402 0.631331 0.647289 0.663252 0.679196 0.695093 0.710911 0.726613 0.742160 0.757508 0.772608 0.787407 0.801846 0.815862 0.829389 0.842355 0.854686 0.866304 0.877131 0.887087 0.896095 0.904079 0.910970 0.916702 0.921222 0.924484 0.926455 0.927115 0.926455 0.924484 0.921222 0.916702 0.910970 0.904079 0.896095 0.887087 0.877131 0.866304 0.854686 0.842355 0.829389 0.815862 0.801846 0.787407 0.772608 0.757508 0.742160 0.726613 0.710911 0.695093 0.679196 0.663252 0.647289 0.631331 0.615402 0.599520 0.583702 0.567963 0.552315 0.536769 0.521335 0.506020 0.490831 0.475773 0.460851 
0.469985 0.485252 0.500672 0.516242 0.531957 0.547812 0.563799 0.579911 0.596137 0.612467 0.628885 0.645377 0.661924 0.678504 0.695093 0.711662 0.728179 0.744608 0.760908 0.777033 0.792932 0.808548 0.823820 0.838680 0.853055 0.866867 0.880032 0.892466 0.904079 0.914782 0.924484 0.933101 0.940549 0.946756 0.951655 0.955194 0.957334 0.958050 0.957334 0.955194 0.951655 0.946756 0.940549 0.933101 0.924484 0.914782 0.904079 0.892466 0.880032 0.866867 0.853055 0.838680 0.823820 0.808548 0.792932 0.777033 0.760908 0.744608 0.728179 0.711662 0.695093 0.678504 0.661924 0.645377 0.628885 0.612467 0.596137 0.579911 0.563799 0.547812 0.531957 0.516242 0.500672 0.485252 0.469985 
0.478908 0.494521 0.510305 0.526257 0.542375 0.558654 0.575089 0.591671 0.608393 0.625245 0.642213 0.659282 0.676436 0.693654 0.710911 0.728179 0.745428 0.762619 0.779713 0.796660 0.813409 0.829899 0.846066 0.861836 0.877131 0.891865 0.905946 0.919279 0.931762 0.943295 0.953774 0.963100 0.971177 0.977919 0.983248 0.987102 0.989433 0.990214 0.989433 0.987102 0.983248 0.977919 0.971177 0.963100 0.953774 0.943295 0.931762 0.919279 0.905946 0.891865 0.877131 0.861836 0.846066 0.829899 0.813409 0.796660 0.779713 0.762619 0.745428 0.728179 0.710911 0.693654 0.676436 0.659282 0.642213 0.625245 0.608393 0.591671 0.575089 0.558654 0.542375 0.526257 0.510305 0.494521 0.478908 
0.487603 0.503560 0.519708 0.536044 0.552567 0.569273 0.586158 0.603217 0.620442 0.637824 0.655352 0.673013 0.690791 0.708665 0.726613 0.744608 0.762619 0.780610 0.798538 0.816355 0.834006 0.851431 0.868558 0.885311 0.901605 0.917345 0.932431 0.946756 0.960206 0.972665 0.984015 0.994141 1.002930 1.010279 1.016097 1.020310 1.022862 1.023716 1.022862 1.020310 1.016097 1.010279 1.002930 0.994141 0.984015 0.972665 0.960206 0.946756 0.932431 0.917345 0.901605 0.885311 0.868558 0.851431 0.834006 0.816355 0.798538 0.780610 0.762619 0.744608 0.726613 0.708665 0.690791 0.673013 0.655352 0.637824 0.620442 0.603217 0.586158 0.569273 0.552567 0.536044 0.519708 0.503560 0.487603 
0.496050 0.512350 0.528860 0.545579 0.562507 0.579641 0.596980 0.614519 0.632252 0.650173 0.668271 0.686535 0.704950 0.723499 0.742160 0.760908 0.779713 0.798538 0.817342 0.836077 0.854686 0.873106 0.891264 0.909078 0.926455 0.943295 0.959486 0.974908 0.989433 1.002930 1.015261 1.026291 1.035889 1.043932 1.050312 1.054938 1.057742 1.058681 1.057742 1.054938 1.050312 1.043932 1.035889 1.026291 1.015261 1.002930 0.989433 0.974908 0.959486 0.943295 0.926455 0.909078 0.891264 0.873106 0.854686 0.836077 0.817342 0.798538 0.779713 0.760908 0.742160 0.723499 0.704950 0.686535 0.668271 0.650173 0.632252 0.614519 0.596980 0.579641 0.562507 0.545579 0.528860 0.512350 0.496050 
0.504230 0.520870 0.537739 0.554839 0.572170 0.589733 0.607526 0.625547 0.643792 0.662256 0.680931 0.699808 0.718874 0.738114 0.757508 0.777033 0.796660 0.816355 0.836077 0.855777 0.875401 0.894882 0.914144 0.933101 0.951655 0.969696 0.987102 1.003739 1.019464 1.034125 1.047564 1.059623 1.070146 1.078986 1.086014 1.091117 1.094214 1.095252 1.094214 1.091117 1.086014 1.078986 1.070146 1.059623 1.047564 1.034125 1.019464 1.003739 0.987102 0.969696 0.951655 0.933101 0.914144 0.894882 0.875401 0.855777 0.836077 0.816355 0.796660 0.777033 0.757508 0.738114 0.718874 0.699808 0.680931 0.662256 0.643792 0.625547 0.607526 0.589733 0.572170 0.554839 0.537739 0.520870 0.504230 
0.512123 0.529097 0.546322 0.563799 0.581531 0.599520 0.617766 0.636268 0.655027 0.674037 0.693295 0.712792 0.732519 0.752464 0.772608 0.792932 0.813409 0.834006 0.854686 0.875401 0.896095 0.916702 0.937145 0.957334 0.977164 0.996517 1.015261 1.033246 1.050312 1.066284 1.080980 1.094214 1.105800 1.115563 1.123342 1.129003 1.132442 1.133596 1.132442 1.129003 1.123342 1.115563 1.105800 1.094214 1.080980 1.066284 1.050312 1.033246 1.015261 0.996517 0.977164 0.957334 0.937145 0.916702 0.896095 0.875401 0.854686 0.834006 0.813409 0.792932 0.772608 0.752464 0.732519 0.712792 0.693295 0.674037 0.655027 0.636268 0.617766 0.599520 0.581531 0.563799 0.546322 0.529097 0.512123 
0.519708 0.537012 0.554586 0.572435 0.590562 0.608973 0.627668 0.646650 0.665921 0.685478 0.705320 0.725442 0.745838 0.766497 0.787407 0.808548 0.829899 0.851431 0.873106 0.894882 0.916702 0.938503 0.960206 0.981717 1.002930 1.023716 1.043932 1.063414 1.081981 1.099435 1.115563 1.130145 1.142961 1.153797 1.162456 1.168772 1.172615 1.173905 1.172615 1.168772 1.162456 1.153797 1.142961 1.130145 1.115563 1.099435 1.081981 1.063414 1.043932 1.023716 1.002930 0.981717 0.960206 0.938503 0.916702 0.894882 0.873106 0.851431 0.829899 0.808548 0.787407 0.766497 0.745838 0.725442 0.705320 0.685478 0.665921 0.646650 0.627668 0.608973 0.590562 0.572435 0.554586 0.537012 0.519708 
0.526966 0.544590 0.562507 0.580720 0.599237 0.618062 0.637201 0.656658 0.676436 0.696538 0.716963 0.737712 0.758780 0.780161 0.801846 0.823820 0.846066 0.868558 0.891264 0.914144 0.937145 0.960206 0.983248 1.006178 1.028884 1.051232 1.073069 1.094214 1.114465 1.133596 1.151361 1.167500 1.181747 1.193841 1.203539 1.210631 1.214956 1.216409 1.214956 1.210631 1.203539 1.193841 1.181747 1.167500 1.151361 1.133596 1.114465 1.094214 1.073069 1.051232 1.028884 1.006178 0.983248 0.960206 0.937145 0.914144 0.891264 0.868558 0.846066 0.823820 0.801846 0.780161 0.758780 0.737712 0.716963 0.696538 0.676436 0.656658 0.637201 0.618062 0.599237 0.580720 0.562507 0.544590 0.526966 
0.533875 0.551812 0.570061 0.588629 0.607526 0.626758 0.646332 0.666256 0.686535 0.707175 0.728179 0.749551 0.771291 0.793396 0.815862 0.838680 0.861836 0.885311 0.909078 0.933101 0.957334 0.981717 1.006178 1.030622 1.054938 1.078986 1.102604 1.125596 1.147737 1.168772 1.188415 1.206359 1.222282 1.235864 1.246800 1.254824 1.259728 1.261378 1.259728 1.254824 1.246800 1.235864 1.222282 1.206359 1.188415 1.168772 1.147737 1.125596 1.102604 1.078986 1.054938 1.030622 1.006178 0.981717 0.957334 0.933101 0.909078 0.885311 0.861836 0.838680 0.815862 0.793396 0.771291 0.749551 0.728179 0.707175 0.686535 0.666256 0.646332 0.626758 0.607526 0.588629 0.570061 0.551812 0.533875 
0.540417 0.558654 0.577225 0.596137 0.615402 0.635028 0.655027 0.675406 0.696176 0.717345 0.738920 0.760908 0.783314 0.806141 0.829389 0.853055 0.877131 0.901605 0.926455 0.951655 0.977164 1.002930 1.028884 1.054938 1.080980 1.106872 1.132442 1.157483 1.181747 1.204946 1.226752 1.246800 1.264701 1.280056 1.292482 1.301637 1.307247 1.309137 1.307247 1.301637 1.292482 1.280056 1.264701 1.246800 1.226752 1.204946 1.181747 1.157483 1.132442 1.106872 1.080980 1.054938 1.028884 1.002930 0.977164 0.951655 0.926455 0.901605 0.877131 0.853055 0.829389 0.806141 0.783314 0.760908 0.738920 0.717345 0.696176 0.675406 0.655027 0.635028 0.615402 0.596137 0.577225 0.558654 0.540417 
0.546570 0.565095 0.583974 0.603217 0.622836 0.642844 0.663252 0.684073 0.705320 0.727004 0.749137 0.771729 0.794792 0.818331 0.842355 0.866867 0.891865 0.917345 0.943295 0.969696 0.996517 1.023716 1.051232 1.078986 1.106872 1.134753 1.162456 1.189764 1.216409 1.242072 1.266374 1.288887 1.309137 1.326627 1.340867 1.351410 1.357894 1.360082 1.357894 1.351410 1.340867 1.326627 1.309137 1.288887 1.266374 1.242072 1.216409 1.189764 1.162456 1.134753 1.106872 1.078986 1.051232 1.023716 0.996517 0.969696 0.943295 0.917345 0.891865 0.866867 0.842355 0.818331 0.794792 0.771729 0.749137 0.727004 0.705320 0.684073 0.663252 0.642844 0.622836 0.603217 0.583974 0.565095 0.546570 
0.552315 0.571114 0.590286 0.609843 0.629801 0.650173 0.670974 0.692220 0.713925 0.736107 0.758780 0.781960 0.805662 0.829899 0.854686 0.880032 0.905946 0.932431 0.959486 0.987102 1.015261 1.043932 1.073069 1.102604 1.132442 1.162456 1.192477 1.222282 1.251593 1.280056 1.307247 1.332659 1.355719 1.375804 1.392281 1.404554 1.412136 1.414702 1.412136 1.404554 1.392281 1.375804 1.355719 1.332659 1.307247 1.280056 1.251593 1.222282 1.192477 1.162456 1.132442 1.102604 1.073069 1.043932 1.015261 0.987102 0.959486 0.932431 0.905946 0.880032 0.854686 0.829899 0.805662 0.781960 0.758780 0.736107 0.713925 0.692220 0.670974 0.650173 0.629801 0.609843 0.590286 0.571114 0.552315 
0.557633 0.576689 0.596137 0.615991 0.636268 0.656985 0.678159 0.699808 0.721951 0.744608 0.767799 0.791543 0.815862 0.840776 0.866304 0.892466 0.919279 0.946756 0.974908 1.003739 1.033246 1.063414 1.094214 1.125596 1.157483 1.189764 1.222282 1.254824 1.287103 1.318745 1.349276 1.378110 1.404554 1.427826 1.447097 1.461567 1.470556 1.473607 1.470556 1.461567 1.447097 1.427826 1.404554 1.378110 1.349276 1.318745 1.287103 1.254824 1.222282 1.189764 1.157483 1.125596 1.094214 1.063414 1.033246 1.003739 0.974908 0.946756 0.919279 0.892466 0.866304 0.840776 0.815862 0.791543 0.767799 0.744608 0.721951 0.699808 0.678159 0.656985 0.636268 0.615991 0.596137 0.576689 0.557633 
0.562507 0.581802 0.601506 0.621637 0.642213 0.663252 0.684775 0.706803 0.729358 0.752464 0.776144 0.800424 0.825331 0.850891 0.877131 0.904079 0.931762 0.960206 0.989433 1.019464 1.050312 1.081981 1.114465 1.147737 1.181747 1.216409 1.251593 1.287103 1.322664 1.357894 1.392281 1.425160 1.455704 1.482929 1.505744 1.523052 1.533886 1.537578 1.533886 1.523052 1.505744 1.482929 1.455704 1.425160 1.392281 1.357894 1.322664 1.287103 1.251593 1.216409 1.181747 1.147737 1.114465 1.081981 1.050312 1.019464 0.989433 0.960206 0.931762 0.904079 0.877131 0.850891 0.825331 0.800424 0.776144 0.752464 0.729358 0.706803 0.684775 0.663252 0.642213 0.621637 0.601506 0.581802 0.562507 
0.566918 0.586432 0.606372 0.626758 0.647608 0.668945 0.690791 0.713169 0.736107 0.759630 0.783767 0.808548 0.834006 0.860174 0.887087 0.914782 0.943295 0.972665 1.002930 1.034125 1.066284 1.099435 1.133596 1.168772 1.204946 1.242072 1.280056 1.318745 1.357894 1.397137 1.435951 1.473607 1.509135 1.541311 1.568695 1.589752 1.603069 1.607631 1.603069 1.589752 1.568695 1.541311 1.509135 1.473607 1.435951 1.397137 1.357894 1.318745 1.280056 1.242072 1.204946 1.168772 1.133596 1.099435 1.066284 1.034125 1.002930 0.972665 0.943295 0.914782 0.887087 0.860174 0.834006 0.808548 0.783767 0.759630 0.736107 0.713169 0.690791 0.668945 0.647608 0.626758 0.606372 0.586432 0.566918 
0.570851 0.590562 0.610716 0.631331 0.652430 0.674037 0.696176 0.718874 0.742160 0.766065 0.790620 0.815862 0.841828 0.868558 0.896095 0.924484 0.953774 0.984015 1.015261 1.047564 1.080980 1.115563 1.151361 1.188415 1.226752 1.266374 1.307247 1.349276 1.392281 1.435951 1.479793 1.523052 1.564641 1.603069 1.636438 1.662573 1.679337 1.685126 1.679337 1.662573 1.636438 1.603069 1.564641 1.523052 1.479793 1.435951 1.392281 1.349276 1.307247 1.266374 1.226752 1.188415 1.151361 1.115563 1.080980 1.047564 1.015261 0.984015 0.953774 0.924484 0.896095 0.868558 0.841828 0.815862 0.790620 0.766065 0.742160 0.718874 0.696176 0.674037 0.652430 0.631331 0.610716 0.590562 0.570851 
0.574290 0.594177 0.614519 0.635338 0.656658 0.678504 0.700904 0.723887 0.747484 0.771729 0.796660 0.822316 0.848739 0.875977 0.904079 0.933101 0.963100 0.994141 1.026291 1.059623 1.094214 1.130145 1.167500 1.206359 1.246800 1.288887 1.332659 1.378110 1.425160 1.473607 1.523052 1.572800 1.621715 1.668064 1.709394 1.742596 1.764336 1.771932 1.764336 1.742596 1.709394 1.668064 1.621715 1.572800 1.523052 1.473607 1.425160 1.378110 1.332659 1.288887 1.246800 1.206359 1.167500 1.130145 1.094214 1.059623 1.026291 0.994141 0.963100 0.933101 0.904079 0.875977 0.848739 0.822316 0.796660 0.771729 0.747484 0.723887 0.700904 0.678504 0.656658 0.635338 0.614519 0.594177 0.574290 
0.577225 0.597261 0.617766 0.638760 0.660271 0.682325 0.704950 0.728179 0.752046 0.776588 0.801846 0.827862 0.854686 0.882369 0.910970 0.940549 0.971177 1.002930 1.035889 1.070146 1.105800 1.142961 1.181747 1.222282 1.264701 1.309137 1.355719 1.404554 1.455704 1.509135 1.564641 1.621715 1.679337 1.735670 1.787701 1.831030 1.860294 1.870706 1.860294 1.831030 1.787701 1.735670 1.679337 1.621715 1.564641 1.509135 1.455704 1.404554 1.355719 1.309137 1.264701 1.222282 1.181747 1.142961 1.105800 1.070146 1.035889 1.002930 0.971177 0.940549 0.910970 0.882369 0.854686 0.827862 0.801846 0.776588 0.752046 0.728179 0.704950 0.682325 0.660271 0.638760 0.617766 0.597261 0.577225 
0.579641 0.599803 0.620442 0.641583 0.663252 0.685478 0.708292 0.731727 0.755819 0.780610 0.806141 0.832461 0.859622 0.887681 0.916702 0.946756 0.977919 1.010279 1.043932 1.078986 1.115563 1.153797 1.193841 1.235864 1.280056 1.326627 1.375804 1.427826 1.482929 1.541311 1.603069 1.668064 1.735670 1.804312 1.870706 1.928932 1.970214 1.985361 1.970214 1.928932 1.870706 1.804312 1.735670 1.668064 1.603069 1.541311 1.482929 1.427826 1.375804 1.326627 1.280056 1.235864 1.193841 1.153797 1.115563 1.078986 1.043932 1.010279 0.977919 0.946756 0.916702 0.887681 0.859622 0.832461 0.806141 0.780610 0.755819 0.731727 0.708292 0.685478 0.663252 0.641583 0.620442 0.599803 0.579641 
0.581531 0.601791 0.622536 0.643792 0.665586 0.687948 0.710911 0.734508 0.758780 0.783767 0.809516 0.836077 0.863506 0.891865 0.921222 0.951655 0.983248 1.016097 1.050312 1.086014 1.123342 1.162456 1.203539 1.246800 1.292482 1.340867 1.392281 1.447097 1.505744 1.568695 1.636438 1.709394 1.787701 1.870706 1.955806 2.036162 2.097846 2.121786 2.097846 2.036162 1.955806 1.870706 1.787701 1.709394 1.636438 1.568695 1.505744 1.447097 1.392281 1.340867 1.292482 1.246800 1.203539 1.162456 1.123342 1.086014 1.050312 1.016097 0.983248 0.951655 0.921222 0.891865 0.863506 0.836077 0.809516 0.783767 0.758780 0.734508 0.710911 0.687948 0.665586 0.643792 0.622536 0.601791 0.581531 
0.582886 0.603217 0.624039 0.645377 0.667262 0.689722 0.712792 0.736507 0.760908 0.786038 0.811944 0.838680 0.866304 0.894882 0.924484 0.955194 0.987102 1.020310 1.054938 1.091117 1.129003 1.168772 1.210631 1.254824 1.301637 1.351410 1.404554 1.461567 1.523052 1.589752 1.662573 1.742596 1.831030 1.928932 2.036162 2.147959 2.245777 2.288233 2.245777 2.147959 2.036162 1.928932 1.831030 1.742596 1.662573 1.589752 1.523052 1.461567 1.404554 1.351410 1.301637 1.254824 1.210631 1.168772 1.129003 1.091117 1.054938 1.020310 0.987102 0.955194 0.924484 0.894882 0.866304 0.838680 0.811944 0.786038 0.760908 0.736507 0.712792 0.689722 0.667262 0.645377 0.624039 0.603217 0.582886 
0.583702 0.604075 0.624943 0.646332 0.668271 0.690791 0.713925 0.737712 0.762191 0.787407 0.813409 0.840251 0.867993 0.896703 0.926455 0.957334 0.989433 1.022862 1.057742 1.094214 1.132442 1.172615 1.214956 1.259728 1.307247 1.357894 1.412136 1.470556 1.533886 1.603069 1.679337 1.764336 1.860294 1.970214 2.097846 2.245777 2.401973 2.486609 2.401973 2.245777 2.097846 1.970214 1.860294 1.764336 1.679337 1.603069 1.533886 1.470556 1.412136 1.357894 1.307247 1.259728 1.214956 1.172615 1.132442 1.094214 1.057742 1.022862 0.989433 0.957334 0.926455 0.896703 0.867993 0.840251 0.813409 0.787407 0.762191 0.737712 0.713925 0.690791 0.668271 0.646332 0.624943 0.604075 0.583702 
0.583974 0.604361 0.625245 0.646650 0.668608 0.691147 0.714304 0.738114 0.762619 0.787864 0.813898 0.840776 0.868558 0.897313 0.927115 0.958050 0.990214 1.023716 1.058681 1.095252 1.133596 1.173905 1.216409 1.261378 1.309137 1.360082 1.414702 1.473607 1.537578 1.607631 1.685126 1.771932 1.870706 1.985361 2.121786 2.288233 2.486609 2.619135 2.486609 2.288233 2.121786 1.985361 1.870706 1.771932 1.685126 1.607631 1.537578 1.473607 1.414702 1.360082 1.309137 1.261378 1.216409 1.173905 1.133596 1.095252 1.058681 1.023716 0.990214 0.958050 0.927115 0.897313 0.868558 0.840776 0.813898 0.787864 0.762619 0.738114 0.714304 0.691147 0.668608 0.646650 0.625245 0.604361 0.583974 
0.583974 0.604361 0.625245 0.646650 0.668608 0.691147 0.714304 0.738114 0.762619 0.787864 0.813898 0.840776 0.868558 0.897312 0.927115 0.958050 0.990214 1.023716 1.058681 1.095252 1.133596 1.173905 1.216409 1.261378 1.309137 1.360082 1.414701 1.473606 1.537577 1.607631 1.685126 1.771931 1.870705 1.985359 2.121783 2.288227 2.486597 2.619114 2.486597 2.288227 2.121783 1.985359 1.870705 1.771931 1.685126 1.607631 1.537577 1.473606 1.414701 1.360082 1.309137 1.261378 1.216409 1.173905 1.133596 1.095252 1.058681 1.023716 0.990214 0.958050 0.927115 0.897312 0.868558 0.840776 0.813898 0.787864 0.762619 0.738114 0.714304 0.691147 0.668608 0.646650 0.625245 0.604361 0.583974 
0.583974 0.604361 0.625245 0.646650 0.668607 0.691147 0.714304 0.738114 0.762619 0.787864 0.813898 0.840776 0.868558 0.897312 0.927114 0.958049 0.990213 1.023715 1.058680 1.095252 1.133595 1.173905 1.216408 1.261377 1.309136 1.360081 1.414700 1.473605 1.537576 1.607629 1.685124 1.771928 1.870701 1.985354 2.121775 2.288211 2.486562 2.619052 2.486562 2.288211 2.121775 1.985354 1.870701 1.771928 1.685124 1.607629 1.537576 1.473605 1.414700 1.360081 1.309136 1.261377 1.216408 1.173905 1.133595 1.095252 1.058680 1.023715 0.990213 0.958049 0.927114 0.897312 0.868558 0.840776 0.813898 0.787864 0.762619 0.738114 0.714304 0.691147 0.668607 0.646650 0.625245 0.604361 0.583974 
0.583974 0.604361 0.625245 0.646650 0.668608 0.691147 0.714304 0.738114 0.762619 0.787864 0.813898 0.840776 0.868558 0.897312 0.927115 0.958050 0.990214 1.023716 1.058681 1.095252 1.133596 1.173905 1.216409 1.261377 1.309136 1.360082 1.414701 1.473606 1.537577 1.607631 1.685125 1.771931 1.870704 1.985359 2.121782 2.288225 2.486593 2.619106 2.486593 2.288225 2.121782 1.985359 1.870704 1.771931 1.685125 1.607631 1.537577 1.473606 1.414701 1.360082 1.309136 1.261377 1.216409 1.173905 1.133596 1.095252 1.058681 1.023716 0.990214 0.958050 0.927115 0.897312 0.868558 0.840776 0.813898 0.787864 0.762619 0.738114 0.714304 0.691147 0.668608 0.646650 0.625245 0.604361 0.583974 
0.583973 0.604361 0.625244 0.646650 0.668607 0.691147 0.714303 0.738113 0.762619 0.787863 0.813897 0.840775 0.868557 0.897311 0.927113 0.958048 0.990212 1.023714 1.058679 1.095250 1.133594 1.173903 1.216406 1.261375 1.309133 1.360078 1.414697 1.473601 1.537571 1.607623 1.685116 1.771918 1.870686 1.985332 2.121740 2.288147 2.486422 2.618803 2.486422 2.288147 2.121740 1.985332 1.870686 1.771918 1.685116 1.607623 1.537571 1.473601 1.414697 1.360078 1.309133 1.261375 1.216406 1.173903 1.133594 1.095250 1.058679 1.023714 0.990212 0.958048 0.927113 0.897311 0.868557 0.840775 0.813897 0.787863 0.762619 0.738113 0.714303 0.691147 0.668607 0.646650 0.625244 0.604361 0.583973 
0.583678 0.604050 0.624916 0.646304 0.668241 0.690759 0.713892 0.737677 0.762153 0.787367 0.813366 0.840205 0.867944 0.896650 0.926398 0.957271 0.989365 1.022787 1.057659 1.094123 1.132341 1.172502 1.214829 1.259583 1.307081 1.357702 1.411912 1.470290 1.533564 1.602671 1.678834 1.763678 1.859396 1.968920 2.095838 2.242353 2.395757 2.477882 2.395757 2.242353 2.095838 1.968920 1.859396 1.763678 1.678834 1.602671 1.533564 1.470290 1.411912 1.357702 1.307081 1.259583 1.214829 1.172502 1.132341 1.094123 1.057659 1.022787 0.989365 0.957271 0.926398 0.896650 0.867944 0.840205 0.813366 0.787367 0.762153 0.737677 0.713892 0.690759 0.668241 0.646304 0.624916 0.604050 0.583678 
0.582839 0.603167 0.623986 0.645322 0.667203 0.689660 0.712727 0.736438 0.760834 0.785959 0.811860 0.838589 0.866207 0.894776 0.924371 0.955070 0.986967 1.020163 1.054776 1.090939 1.128804 1.168550 1.210383 1.254542 1.301314 1.351038 1.404120 1.461053 1.522435 1.588997 1.661628 1.741381 1.829417 1.926707 2.032964 2.143231 2.239042 2.280350 2.239042 2.143231 2.032964 1.926707 1.829417 1.741381 1.661628 1.588997 1.522435 1.461053 1.404120 1.351038 1.301314 1.254542 1.210383 1.168550 1.128804 1.090939 1.054776 1.020163 0.986967 0.955070 0.924371 0.894776 0.866207 0.838589 0.811860 0.785959 0.760834 0.736438 0.712727 0.689660 0.667203 0.645322 0.623986 0.603167 0.582839 
0.581461 0.601717 0.622458 0.643710 0.665499 0.687856 0.710813 0.734405 0.758670 0.783649 0.809390 0.835942 0.863361 0.891709 0.921054 0.951472 0.983049 1.015880 1.050073 1.085750 1.123050 1.162131 1.203174 1.246388 1.292013 1.340328 1.391655 1.446362 1.504869 1.567637 1.635137 1.707760 1.785607 1.867967 1.952175 2.031395 2.091946 2.115369 2.091946 2.031395 1.952175 1.867967 1.785607 1.707760 1.635137 1.567637 1.504869 1.446362 1.391655 1.340328 1.292013 1.246388 1.203174 1.162131 1.123050 1.085750 1.050073 1.015880 0.983049 0.951472 0.921054 0.891709 0.863361 0.835942 0.809390 0.783649 0.758670 0.734405 0.710813 0.687856 0.665499 0.643710 0.622458 0.601717 0.581461 
0.579548 0.599705 0.620339 0.641474 0.663137 0.685356 0.708163 0.731590 0.755674 0.780455 0.805975 0.832283 0.859431 0.887476 0.916481 0.946515 0.977658 1.009994 1.043620 1.078643 1.115183 1.153375 1.193368 1.235332 1.279454 1.325939 1.375011 1.426902 1.481841 1.540015 1.601506 1.666155 1.733311 1.801376 1.867066 1.924522 1.965153 1.980036 1.965153 1.924522 1.867066 1.801376 1.733311 1.666155 1.601506 1.540015 1.481841 1.426902 1.375011 1.325939 1.279454 1.235332 1.193368 1.153375 1.115183 1.078643 1.043620 1.009994 0.977658 0.946515 0.916481 0.887476 0.859431 0.832283 0.805975 0.780455 0.755674 0.731590 0.708163 0.685356 0.663137 0.641474 0.620339 0.599705 0.579548 
0.577109 0.597140 0.617638 0.638626 0.660129 0.682174 0.704791 0.728010 0.751866 0.776397 0.801641 0.827643 0.854451 0.882117 0.910697 0.940254 0.970857 1.002581 1.035507 1.069727 1.105339 1.142450 1.181177 1.221644 1.263981 1.308320 1.354784 1.403477 1.454452 1.507667 1.562906 1.619651 1.676870 1.732727 1.784229 1.827040 1.855906 1.866167 1.855906 1.827040 1.784229 1.732727 1.676870 1.619651 1.562906 1.507667 1.454452 1.403477 1.354784 1.308320 1.263981 1.221644 1.181177 1.142450 1.105339 1.069727 1.035507 1.002581 0.970857 0.940254 0.910697 0.882117 0.854451 0.827643 0.801641 0.776397 0.751866 0.728010 0.704791 0.682174 0.660129 0.638626 0.617638 0.597140 0.577109 
0.574153 0.594032 0.614367 0.635178 0.656489 0.678326 0.700715 0.723686 0.747271 0.771502 0.796418 0.822057 0.848461 0.875679 0.903758 0.932754 0.962724 0.993732 1.025845 1.059135 1.093678 1.129553 1.166843 1.205627 1.245980 1.287962 1.331610 1.376914 1.423789 1.472024 1.521218 1.570669 1.619241 1.665210 1.706147 1.738992 1.760476 1.767977 1.760476 1.738992 1.706147 1.665210 1.619241 1.570669 1.521218 1.472024 1.423789 1.376914 1.331610 1.287962 1.245980 1.205627 1.166843 1.129553 1.093678 1.059135 1.025845 0.993732 0.962724 0.932754 0.903758 0.875679 0.848461 0.822057 0.796418 0.771502 0.747271 0.723686 0.700715 0.678326 0.656489 0.635178 0.614367 0.594032 0.574153 
0.570691 0.590395 0.610540 0.631146 0.652235 0.673831 0.695958 0.718643 0.741915 0.765804 0.790342 0.815565 0.841510 0.868217 0.895728 0.924089 0.953347 0.983552 1.014756 1.047014 1.080377 1.114900 1.150629 1.187603 1.225848 1.265363 1.306110 1.347994 1.390828 1.434301 1.477914 1.520914 1.562218 1.600345 1.633422 1.659303 1.675893 1.681619 1.675893 1.659303 1.633422 1.600345 1.562218 1.520914 1.477914 1.434301 1.390828 1.347994 1.306110 1.265363 1.225848 1.187603 1.150629 1.114900 1.080377 1.047014 1.014756 0.983552 0.953347 0.924089 0.895728 0.868217 0.841510 0.815565 0.790342 0.765804 0.741915 0.718643 0.695958 0.673831 0.652235 0.631146 0.610540 0.590395 0.570691 
0.566738 0.586243 0.606174 0.626549 0.647388 0.668712 0.690545 0.712909 0.735831 0.759336 0.783455 0.808216 0.833651 0.859793 0.886678 0.914342 0.942820 0.972151 1.002372 1.033519 1.065622 1.098710 1.132800 1.167894 1.203975 1.240994 1.278856 1.317404 1.356392 1.395455 1.434066 1.471500 1.506793 1.538732 1.565894 1.586766 1.599959 1.604478 1.599959 1.586766 1.565894 1.538732 1.506793 1.471500 1.434066 1.395455 1.356392 1.317404 1.278856 1.240994 1.203975 1.167894 1.132800 1.098710 1.065622 1.033519 1.002372 0.972151 0.942820 0.914342 0.886678 0.859793 0.833651 0.808216 0.783455 0.759336 0.735831 0.712909 0.690545 0.668712 0.647388 0.626549 0.606174 0.586243 0.566738 
0.562306 0.581592 0.601286 0.621405 0.641968 0.662994 0.684503 0.706515 0.729053 0.752140 0.775800 0.800058 0.824940 0.850473 0.876683 0.903598 0.931244 0.959647 0.988829 1.018809 1.049599 1.081205 1.113616 1.146806 1.180723 1.215282 1.250347 1.285725 1.321139 1.356206 1.390415 1.423107 1.453458 1.480494 1.503138 1.520308 1.531051 1.534711 1.531051 1.520308 1.503138 1.480494 1.453458 1.423107 1.390415 1.356206 1.321139 1.285725 1.250347 1.215282 1.180723 1.146806 1.113616 1.081205 1.049599 1.018809 0.988829 0.959647 0.931244 0.903598 0.876683 0.850473 0.824940 0.800058 0.775800 0.752140 0.729053 0.706515 0.684503 0.662994 0.641968 0.621405 0.601286 0.581592 0.562306 
0.557414 0.576459 0.595895 0.615737 0.636001 0.656703 0.677862 0.699494 0.721619 0.744256 0.767425 0.791145 0.815438 0.840324 0.865821 0.891948 0.918722 0.946157 0.974262 1.003041 1.032491 1.062594 1.093322 1.124623 1.156420 1.188601 1.221009 1.253428 1.285573 1.317070 1.347447 1.376122 1.402408 1.425528 1.444665 1.459029 1.467950 1.470977 1.467950 1.459029 1.444665 1.425528 1.402408 1.376122 1.347447 1.317070 1.285573 1.253428 1.221009 1.188601 1.156420 1.124623 1.093322 1.062594 1.032491 1.003041 0.974262 0.946157 0.918722 0.891948 0.865821 0.840324 0.815438 0.791145 0.767425 0.744256 0.721619 0.699494 0.677862 0.656703 0.636001 0.615737 0.595895 0.576459 0.557414 
0.552077 0.570864 0.590024 0.609568 0.629511 0.649868 0.670653 0.691881 0.713567 0.735728 0.758378 0.781533 0.805208 0.829416 0.854170 0.879481 0.905355 0.931797 0.958805 0.986368 1.014469 1.043077 1.072143 1.101600 1.131352 1.161272 1.191189 1.220882 1.250072 1.278408 1.305465 1.330742 1.353671 1.373633 1.390003 1.402194 1.409723 1.412271 1.409723 1.402194 1.390003 1.373633 1.353671 1.330742 1.305465 1.278408 1.250072 1.220882 1.191189 1.161272 1.131352 1.101600 1.072143 1.043077 1.014469 0.986368 0.958805 0.931797 0.905355 0.879481 0.854170 0.829416 0.805208 0.781533 0.758378 0.735728 0.713567 0.691881 0.670653 0.649868 0.629511 0.609568 0.590024 0.570864 0.552077 
0.546313 0.564827 0.583693 0.602922 0.622526 0.642517 0.662909 0.683711 0.704938 0.726600 0.748709 0.771276 0.794310 0.817820 0.841811 0.866286 0.891244 0.916681 0.942584 0.968932 0.995697 1.022833 1.050281 1.077960 1.105764 1.133557 1.161165 1.188370 1.214907 1.240457 1.264645 1.287043 1.307183 1.324574 1.338728 1.349204 1.355646 1.357820 1.355646 1.349204 1.338728 1.324574 1.307183 1.287043 1.264645 1.240457 1.214907 1.188370 1.161165 1.133557 1.105764 1.077960 1.050281 1.022833 0.995697 0.968932 0.942584 0.916681 0.891244 0.866286 0.841811 0.817820 0.794310 0.771276 0.748709 0.726600 0.704938 0.683711 0.662909 0.642517 0.622526 0.602922 0.583693 0.564827 0.546313 
0.540143 0.558368 0.576925 0.595823 0.615072 0.634682 0.654662 0.675023 0.695772 0.716918 0.738469 0.760431 0.782808 0.805604 0.828819 0.852448 0.876485 0.900915 0.925719 0.950867 0.976320 1.002026 1.027914 1.053897 1.079863 1.105673 1.131155 1.156103 1.180271 1.203371 1.225078 1.245028 1.262837 1.278109 1.290465 1.299566 1.305143 1.307021 1.305143 1.299566 1.290465 1.278109 1.262837 1.245028 1.225078 1.203371 1.180271 1.156103 1.131155 1.105673 1.079863 1.053897 1.027914 1.002026 0.976320 0.950867 0.925719 0.900915 0.876485 0.852448 0.828819 0.805604 0.782808 0.760431 0.738469 0.716918 0.695772 0.675023 0.654662 0.634682 0.615072 0.595823 0.576925 0.558368 0.540143 
0.533586 0.551509 0.569744 0.588298 0.607178 0.626392 0.645948 0.665852 0.686110 0.706727 0.727707 0.749052 0.770763 0.792837 0.815269 0.838051 0.861168 0.884600 0.908320 0.932293 0.956472 0.980798 1.005196 1.029573 1.053817 1.077790 1.101327 1.124236 1.146291 1.167239 1.186796 1.204657 1.220502 1.234014 1.244892 1.252873 1.257749 1.259390 1.257749 1.252873 1.244892 1.234014 1.220502 1.204657 1.186796 1.167239 1.146291 1.124236 1.101327 1.077790 1.053817 1.029573 1.005196 0.980798 0.956472 0.932293 0.908320 0.884600 0.861168 0.838051 0.815269 0.792837 0.770763 0.749052 0.727707 0.706727 0.686110 0.665852 0.645948 0.626392 0.607178 0.588298 0.569744 0.551509 0.533586 
0.526661 0.544272 0.562173 0.580371 0.598872 0.617679 0.636799 0.656236 0.675993 0.696071 0.716471 0.737193 0.758232 0.779582 0.801233 0.823172 0.845379 0.867829 0.890490 0.913321 0.936271 0.959276 0.982259 1.005126 1.027765 1.050044 1.071808 1.092878 1.113052 1.132107 1.149796 1.165864 1.180044 1.192080 1.201730 1.208786 1.213088 1.214534 1.213088 1.208786 1.201730 1.192080 1.180044 1.165864 1.149796 1.132107 1.113052 1.092878 1.071808 1.050044 1.027765 1.005126 0.982259 0.959276 0.936271 0.913321 0.890490 0.867829 0.845379 0.823172 0.801233 0.779582 0.758232 0.737193 0.716471 0.696071 0.675993 0.656236 0.636799 0.617679 0.598872 0.580371 0.562173 0.544272 0.526661 
0.519388 0.536678 0.554237 0.572070 0.590181 0.608574 0.627250 0.646212 0.665460 0.684994 0.704811 0.724906 0.745273 0.765901 0.786778 0.807884 0.829197 0.850687 0.872319 0.894048 0.915819 0.937568 0.959214 0.980667 1.001818 1.022540 1.042689 1.062104 1.080603 1.097989 1.114052 1.128572 1.141332 1.152117 1.160736 1.167021 1.170845 1.172129 1.170845 1.167021 1.160736 1.152117 1.141332 1.128572 1.114052 1.097989 1.080603 1.062104 1.042689 1.022540 1.001818 0.980667 0.959214 0.937568 0.915819 0.894048 0.872319 0.850687 0.829197 0.807884 0.786778 0.765901 0.745273 0.724906 0.704811 0.684994 0.665460 0.646212 0.627250 0.608574 0.590181 0.572070 0.554237 0.536678 0.519388 
0.511789 0.528750 0.545959 0.563420 0.581135 0.599106 0.617332 0.635814 0.654551 0.673537 0.692770 0.712240 0.731939 0.751853 0.771965 0.792254 0.812694 0.833252 0.853890 0.874560 0.895207 0.915764 0.936155 0.956288 0.976062 0.995356 1.014039 1.031964 1.048969 1.064881 1.079520 1.092700 1.104238 1.113958 1.121702 1.127337 1.130760 1.131909 1.130760 1.127337 1.121702 1.113958 1.104238 1.092700 1.079520 1.064881 1.048969 1.031964 1.014039 0.995356 0.976062 0.956288 0.936155 0.915764 0.895207 0.874560 0.853890 0.833252 0.812694 0.792254 0.771965 0.751853 0.731939 0.712240 0.692770 0.673537 0.654551 0.635814 0.617332 0.599106 0.581135 0.563420 0.545959 0.528750 0.511789 
0.503884 0.520509 0.537363 0.554447 0.571761 0.589305 0.607079 0.625079 0.643302 0.661742 0.680393 0.699243 0.718281 0.737491 0.756853 0.776344 0.795935 0.815592 0.835273 0.854932 0.874511 0.893944 0.913157 0.932063 0.950565 0.968552 0.985903 1.002486 1.018156 1.032764 1.046153 1.058165 1.068645 1.077449 1.084446 1.089528 1.092611 1.093645 1.092611 1.089528 1.084446 1.077449 1.068645 1.058165 1.046153 1.032764 1.018156 1.002486 0.985903 0.968552 0.950565 0.932063 0.913157 0.893944 0.874511 0.854932 0.835273 0.815592 0.795935 0.776344 0.756853 0.737491 0.718281 0.699243 0.680393 0.661742 0.643302 0.625079 0.607079 0.589305 0.571761 0.554447 0.537363 0.520509 0.503884 
0.495692 0.511978 0.528472 0.545175 0.562085 0.579201 0.596520 0.614038 0.631750 0.649647 0.667720 0.685958 0.704346 0.722866 0.741496 0.760211 0.778980 0.797769 0.816535 0.835229 0.853796 0.872172 0.890284 0.908051 0.925380 0.942170 0.958311 0.973684 0.988160 1.001610 1.013896 1.024885 1.034446 1.042457 1.048811 1.053418 1.056211 1.057146 1.056211 1.053418 1.048811 1.042457 1.034446 1.024885 1.013896 1.001610 0.988160 0.973684 0.958311 0.942170 0.925380 0.908051 0.890284 0.872172 0.853796 0.835229 0.816535 0.797769 0.778980 0.760211 0.741496 0.722866 0.704346 0.685958 0.667720 0.649647 0.631750 0.614038 0.596520 0.579201 0.562085 0.545175 0.528472 0.511978 0.495692 
