79 79
2.860065e+01 0 5
0.475584 0.486124 0.496659 0.507182 0.517686 0.528161 0.538599 0.548990 0.559323 0.569588 0.579772 0.589863 0.599847 0.609709 0.619435 0.629009 0.638413 0.647631 0.656644 0.665433 0.673979 0.682261 0.690259 0.697952 0.705318 0.712337 0.718986 0.725245 0.731093 0.736509 0.741476 0.745974 0.749987 0.753498 0.756494 0.758962 0.760893 0.762278 0.763111 0.763390 0.763111 0.762278 0.760893 0.758962 0.756494 0.753498 0.749987 0.745974 0.741476 0.736509 0.731093 0.725245 0.718986 0.712337 0.705318 0.697952 0.690259 0.682261 0.673979 0.665433 0.656644 0.647631 0.638413 0.629009 0.619435 0.609709 0.599847 0.589863 0.579772 0.569588 0.559323 0.548990 0.538599 0.528161 0.517686 0.507182 0.496659 0.486124 0.475584 
0.485293 0.496090 0.506890 0.517686 0.528469 0.539231 0.549963 0.560655 0.571296 0.581876 0.592381 0.602798 0.613115 0.623315 0.633383 0.643303 0.653056 0.662625 0.671991 0.681132 0.690029 0.698659 0.707001 0.715032 0.722729 0.730069 0.737029 0.743586 0.749718 0.755402 0.760617 0.765343 0.769561 0.773254 0.776407 0.779006 0.781039 0.782498 0.783376 0.783669 0.783376 0.782498 0.781039 0.779006 0.776407 0.773254 0.769561 0.765343 0.760617 0.755402 0.749718 0.743586 0.737029 0.730069 0.722729 0.715032 0.707001 0.698659 0.690029 0.681132 0.671991 0.662625 0.653056 0.643303 0.633383 0.623315 0.613115 0.602798 0.592381 0.581876 0.571296 0.560655 0.549963 0.539231 0.528469 0.517686 0.506890 0.496090 0.485293 
0.494955 0.506016 0.517087 0.528161 0.539231 0.550288 0.561322 0.572324 0.583284 0.594189 0.605027 0.615784 0.626446 0.636998 0.647424 0.657706 0.667825 0.677763 0.687499 0.697012 0.706279 0.715278 0.723985 0.732375 0.740425 0.748109 0.755402 0.762278 0.768714 0.774684 0.780166 0.785138 0.789579 0.793469 0.796791 0.799531 0.801676 0.803215 0.804141 0.804450 0.804141 0.803215 0.801676 0.799531 0.796791 0.793469 0.789579 0.785138 0.780166 0.774684 0.768714 0.762278 0.755402 0.748109 0.740425 0.732375 0.723985 0.715278 0.706279 0.697012 0.687499 0.677763 0.667825 0.657706 0.647424 0.636998 0.626446 0.615784 0.605027 0.594189 0.583284 0.572324 0.561322 0.550288 0.539231 0.528161 0.517087 0.506016 0.494955 
0.504562 0.515891 0.527239 0.538599 0.549963 0.561322 0.572668 0.583990 0.595278 0.606519 0.617701 0.628811 0.639833 0.650752 0.661551 0.672211 0.682714 0.693039 0.703165 0.713070 0.722729 0.732119 0.741213 0.749987 0.758412 0.766463 0.774111 0.781330 0.788093 0.794372 0.800143 0.805380 0.810061 0.814164 0.817670 0.820563 0.822828 0.824455 0.825434 0.825760 0.825434 0.824455 0.822828 0.820563 0.817670 0.814164 0.810061 0.805380 0.800143 0.794372 0.788093 0.781330 0.774111 0.766463 0.758412 0.749987 0.741213 0.732119 0.722729 0.713070 0.703165 0.693039 0.682714 0.672211 0.661551 0.650752 0.639833 0.628811 0.617701 0.606519 0.595278 0.583990 0.572668 0.561322 0.549963 0.538599 0.527239 0.515891 0.504562 
0.514105 0.525708 0.537338 0.548990 0.560655 0.572324 0.583990 0.595641 0.607267 0.618856 0.630395 0.641870 0.653267 0.664567 0.675755 0.686812 0.697717 0.708449 0.718986 0.729303 0.739377 0.749181 0.758687 0.767868 0.776695 0.785138 0.793168 0.800755 0.807869 0.814481 0.820563 0.826088 0.831029 0.835363 0.839070 0.842129 0.844525 0.846246 0.847283 0.847629 0.847283 0.846246 0.844525 0.842129 0.839070 0.835363 0.831029 0.826088 0.820563 0.814481 0.807869 0.800755 0.793168 0.785138 0.776695 0.767868 0.758687 0.749181 0.739377 0.729303 0.718986 0.708449 0.697717 0.686812 0.675755 0.664567 0.653267 0.641870 0.630395 0.618856 0.607267 0.595641 0.583990 0.572324 0.560655 0.548990 0.537338 0.525708 0.514105 
0.523573 0.535455 0.547374 0.559323 0.571296 0.583284 0.595278 0.607267 0.619242 0.631190 0.643098 0.654952 0.666736 0.678435 0.690029 0.701499 0.712825 0.723985 0.734954 0.745708 0.756220 0.766463 0.776407 0.786022 0.795278 0.804141 0.812581 0.820563 0.828057 0.835028 0.841447 0.847283 0.852507 0.857093 0.861016 0.864257 0.866797 0.868621 0.869720 0.870087 0.869720 0.868621 0.866797 0.864257 0.861016 0.857093 0.852507 0.847283 0.841447 0.835028 0.828057 0.820563 0.812581 0.804141 0.795278 0.786022 0.776407 0.766463 0.756220 0.745708 0.734954 0.723985 0.712825 0.701499 0.690029 0.678435 0.666736 0.654952 0.643098 0.631190 0.619242 0.607267 0.595278 0.583284 0.571296 0.559323 0.547374 0.535455 0.523573 
0.532957 0.545122 0.557335 0.569588 0.581876 0.594189 0.606519 0.618856 0.631190 0.643508 0.655797 0.668043 0.680231 0.692342 0.704360 0.716263 0.728031 0.739639 0.751064 0.762278 0.773254 0.783963 0.794372 0.804450 0.814164 0.823478 0.832357 0.840766 0.848669 0.856029 0.862813 0.868987 0.874519 0.879379 0.883540 0.886979 0.889676 0.891614 0.892781 0.893171 0.892781 0.891614 0.889676 0.886979 0.883540 0.879379 0.874519 0.868987 0.862813 0.856029 0.848669 0.840766 0.832357 0.823478 0.814164 0.804450 0.794372 0.783963 0.773254 0.762278 0.751064 0.739639 0.728031 0.716263 0.704360 0.692342 0.680231 0.668043 0.655797 0.643508 0.631190 0.618856 0.606519 0.594189 0.581876 0.569588 0.557335 0.545122 0.532957 
0.542245 0.554698 0.567209 0.579772 0.592381 0.605027 0.617701 0.630395 0.643098 0.655797 0.668480 0.681132 0.693737 0.706279 0.718737 0.731093 0.743322 0.755402 0.767305 0.779006 0.790473 0.801676 0.812581 0.823153 0.833357 0.843154 0.852507 0.861375 0.869720 0.877502 0.884683 0.891225 0.897093 0.902252 0.906674 0.910330 0.913198 0.915261 0.916503 0.916919 0.916503 0.915261 0.913198 0.910330 0.906674 0.902252 0.897093 0.891225 0.884683 0.877502 0.869720 0.861375 0.852507 0.843154 0.833357 0.823153 0.812581 0.801676 0.790473 0.779006 0.767305 0.755402 0.743322 0.731093 0.718737 0.706279 0.693737 0.681132 0.668480 0.655797 0.643098 0.630395 0.617701 0.605027 0.592381 0.579772 0.567209 0.554698 0.542245 
0.551426 0.564171 0.576985 0.589863 0.602798 0.615784 0.628811 0.641870 0.654952 0.668043 0.681132 0.694203 0.707242 0.720229 0.733147 0.745974 0.758687 0.771261 0.783669 0.795882 0.807869 0.819597 0.831029 0.842129 0.852857 0.863174 0.873036 0.882401 0.891225 0.899465 0.907078 0.914022 0.920256 0.925744 0.930451 0.934346 0.937404 0.939603 0.940929 0.941372 0.940929 0.939603 0.937404 0.934346 0.930451 0.925744 0.920256 0.914022 0.907078 0.899465 0.891225 0.882401 0.873036 0.863174 0.852857 0.842129 0.831029 0.819597 0.807869 0.795882 0.783669 0.771261 0.758687 0.745974 0.733147 0.720229 0.707242 0.694203 0.681132 0.668043 0.654952 0.641870 0.628811 0.615784 0.602798 0.589863 0.576985 0.564171 0.551426 
0.560488 0.573528 0.586649 0.599847 0.613115 0.626446 0.639833 0.653267 0.666736 0.680231 0.693737 0.707242 0.720728 0.734179 0.747574 0.760893 0.774111 0.787204 0.800143 0.812897 0.825434 0.837718 0.849712 0.861375 0.872666 0.883540 0.893952 0.903854 0.913198 0.921936 0.930021 0.937404 0.944041 0.949889 0.954910 0.959068 0.962335 0.964685 0.966103 0.966577 0.966103 0.964685 0.962335 0.959068 0.954910 0.949889 0.944041 0.937404 0.930021 0.921936 0.913198 0.903854 0.893952 0.883540 0.872666 0.861375 0.849712 0.837718 0.825434 0.812897 0.800143 0.787204 0.774111 0.760893 0.747574 0.734179 0.720728 0.707242 0.693737 0.680231 0.666736 0.653267 0.639833 0.626446 0.613115 0.599847 0.586649 0.573528 0.560488 
0.569418 0.582755 0.596187 0.609709 0.623315 0.636998 0.650752 0.664567 0.678435 0.692342 0.706279 0.720229 0.734179 0.748109 0.762001 0.775832 0.789579 0.803215 0.816711 0.830036 0.843154 0.856029 0.868621 0.880887 0.892781 0.904256 0.915261 0.925744 0.935653 0.944934 0.953534 0.961398 0.968478 0.974723 0.980091 0.984541 0.988039 0.990558 0.992077 0.992585 0.992077 0.990558 0.988039 0.984541 0.980091 0.974723 0.968478 0.961398 0.953534 0.944934 0.935653 0.925744 0.915261 0.904256 0.892781 0.880887 0.868621 0.856029 0.843154 0.830036 0.816711 0.803215 0.789579 0.775832 0.762001 0.748109 0.734179 0.720229 0.706279 0.692342 0.678435 0.664567 0.650752 0.636998 0.623315 0.609709 0.596187 0.582755 0.569418 
0.578202 0.591840 0.605586 0.619435 0.633383 0.647424 0.661551 0.675755 0.690029 0.704360 0.718737 0.733147 0.747574 0.762001 0.776407 0.790772 0.805070 0.819275 0.833357 0.847283 0.861016 0.874519 0.887748 0.900657 0.913198 0.925319 0.936965 0.948080 0.958604 0.968478 0.977642 0.986036 0.993603 1.000288 1.006039 1.010812 1.014568 1.017274 1.018907 1.019453 1.018907 1.017274 1.014568 1.010812 1.006039 1.000288 0.993603 0.986036 0.977642 0.968478 0.958604 0.948080 0.936965 0.925319 0.913198 0.900657 0.887748 0.874519 0.861016 0.847283 0.833357 0.819275 0.805070 0.790772 0.776407 0.762001 0.747574 0.733147 0.718737 0.704360 0.690029 0.675755 0.661551 0.647424 0.633383 0.619435 0.605586 0.591840 0.578202 
0.586827 0.600767 0.614828 0.629009 0.643303 0.657706 0.672211 0.686812 0.701499 0.716263 0.731093 0.745974 0.760893 0.775832 0.790772 0.805690 0.820563 0.835363 0.850060 0.864619 0.879003 0.893171 0.907078 0.920676 0.933911 0.946728 0.959068 0.970868 0.982062 0.992585 1.002369 1.011347 1.019453 1.026624 1.032803 1.037937 1.041979 1.044894 1.046655 1.047243 1.046655 1.044894 1.041979 1.037937 1.032803 1.026624 1.019453 1.011347 1.002369 0.992585 0.982062 0.970868 0.959068 0.946728 0.933911 0.920676 0.907078 0.893171 0.879003 0.864619 0.850060 0.835363 0.820563 0.805690 0.790772 0.775832 0.760893 0.745974 0.731093 0.716263 0.701499 0.686812 0.672211 0.657706 0.643303 0.629009 0.614828 0.600767 0.586827 
0.595278 0.609521 0.623900 0.638413 0.653056 0.667825 0.682714 0.697717 0.712825 0.728031 0.743322 0.758687 0.774111 0.789579 0.805070 0.820563 0.836035 0.851456 0.866797 0.882022 0.897093 0.911966 0.926596 0.940929 0.954910 0.968478 0.981568 0.994113 1.006039 1.017274 1.027740 1.037363 1.046067 1.053780 1.060436 1.065973 1.070337 1.073487 1.075390 1.076027 1.075390 1.073487 1.070337 1.065973 1.060436 1.053780 1.046067 1.037363 1.027740 1.017274 1.006039 0.994113 0.981568 0.968478 0.954910 0.940929 0.926596 0.911966 0.897093 0.882022 0.866797 0.851456 0.836035 0.820563 0.805070 0.789579 0.774111 0.758687 0.743322 0.728031 0.712825 0.697717 0.682714 0.667825 0.653056 0.638413 0.623900 0.609521 0.595278 
0.603540 0.618086 0.632784 0.647631 0.662625 0.677763 0.693039 0.708449 0.723985 0.739639 0.755402 0.771261 0.787204 0.803215 0.819275 0.835363 0.851456 0.867526 0.883540 0.899465 0.915261 0.930882 0.946279 0.961398 0.976180 0.990558 1.004462 1.017817 1.030545 1.042561 1.053780 1.064118 1.073487 1.081806 1.088995 1.094985 1.099712 1.103127 1.105191 1.105882 1.105191 1.103127 1.099712 1.094985 1.088995 1.081806 1.073487 1.064118 1.053780 1.042561 1.030545 1.017817 1.004462 0.990558 0.976180 0.961398 0.946279 0.930882 0.915261 0.899465 0.883540 0.867526 0.851456 0.835363 0.819275 0.803215 0.787204 0.771261 0.755402 0.739639 0.723985 0.708449 0.693039 0.677763 0.662625 0.647631 0.632784 0.618086 0.603540 
0.611597 0.626446 0.641462 0.656644 0.671991 0.687499 0.703165 0.718986 0.734954 0.751064 0.767305 0.783669 0.800143 0.816711 0.833357 0.850060 0.866797 0.883540 0.900260 0.916919 0.933477 0.949889 0.966103 0.982062 0.997702 1.012954 1.027740 1.041979 1.055584 1.068460 1.080513 1.091645 1.101757 1.110754 1.118544 1.125045 1.130183 1.133898 1.136146 1.136898 1.136146 1.133898 1.130183 1.125045 1.118544 1.110754 1.101757 1.091645 1.080513 1.068460 1.055584 1.041979 1.027740 1.012954 0.997702 0.982062 0.966103 0.949889 0.933477 0.916919 0.900260 0.883540 0.866797 0.850060 0.833357 0.816711 0.800143 0.783669 0.767305 0.751064 0.734954 0.718986 0.703165 0.687499 0.671991 0.656644 0.641462 0.626446 0.611597 
0.619435 0.634585 0.649917 0.665433 0.681132 0.697012 0.713070 0.729303 0.745708 0.762278 0.779006 0.795882 0.812897 0.830036 0.847283 0.864619 0.882022 0.899465 0.916919 0.934346 0.951707 0.968955 0.986036 1.002891 1.019453 1.035646 1.051390 1.066593 1.081159 1.094985 1.107962 1.119979 1.130923 1.140683 1.149153 1.156234 1.161839 1.165896 1.168353 1.169176 1.168353 1.165896 1.161839 1.156234 1.149153 1.140683 1.130923 1.119979 1.107962 1.094985 1.081159 1.066593 1.051390 1.035646 1.019453 1.002891 0.986036 0.968955 0.951707 0.934346 0.916919 0.899465 0.882022 0.864619 0.847283 0.830036 0.812897 0.795882 0.779006 0.762278 0.745708 0.729303 0.713070 0.697012 0.681132 0.665433 0.649917 0.634585 0.619435 
0.627036 0.642484 0.658131 0.673979 0.690029 0.706279 0.722729 0.739377 0.756220 0.773254 0.790473 0.807869 0.825434 0.843154 0.861016 0.879003 0.897093 0.915261 0.933477 0.951707 0.969910 0.988039 1.006039 1.023850 1.041399 1.058609 1.075390 1.091645 1.107267 1.122141 1.136146 1.149153 1.161033 1.171656 1.180896 1.188639 1.194778 1.199229 1.201927 1.202831 1.201927 1.199229 1.194778 1.188639 1.180896 1.171656 1.161033 1.149153 1.136146 1.122141 1.107267 1.091645 1.075390 1.058609 1.041399 1.023850 1.006039 0.988039 0.969910 0.951707 0.933477 0.915261 0.897093 0.879003 0.861016 0.843154 0.825434 0.807869 0.790473 0.773254 0.756220 0.739377 0.722729 0.706279 0.690029 0.673979 0.658131 0.642484 0.627036 
0.634384 0.650126 0.666084 0.682261 0.698659 0.715278 0.732119 0.749181 0.766463 0.783963 0.801676 0.819597 0.837718 0.856029 0.874519 0.893171 0.911966 0.930882 0.949889 0.968955 0.988039 1.007095 1.026068 1.044894 1.063502 1.081806 1.099712 1.117115 1.133898 1.149933 1.165081 1.179198 1.192134 1.203737 1.213858 1.222359 1.229115 1.234020 1.236996 1.237994 1.236996 1.234020 1.229115 1.222359 1.213858 1.203737 1.192134 1.179198 1.165081 1.149933 1.133898 1.117115 1.099712 1.081806 1.063502 1.044894 1.026068 1.007095 0.988039 0.968955 0.949889 0.930882 0.911966 0.893171 0.874519 0.856029 0.837718 0.819597 0.801676 0.783963 0.766463 0.749181 0.732119 0.715278 0.698659 0.682261 0.666084 0.650126 0.634384 
0.641462 0.657493 0.673758 0.690259 0.707001 0.723985 0.741213 0.758687 0.776407 0.794372 0.812581 0.831029 0.849712 0.868621 0.887748 0.907078 0.926596 0.946279 0.966103 0.986036 1.006039 1.026068 1.046067 1.065973 1.085710 1.105191 1.124317 1.142973 1.161033 1.178352 1.194778 1.210144 1.224276 1.236996 1.248129 1.257505 1.264975 1.270409 1.273711 1.274818 1.273711 1.270409 1.264975 1.257505 1.248129 1.236996 1.224276 1.210144 1.194778 1.178352 1.161033 1.142973 1.124317 1.105191 1.085710 1.065973 1.046067 1.026068 1.006039 0.986036 0.966103 0.946279 0.926596 0.907078 0.887748 0.868621 0.849712 0.831029 0.812581 0.794372 0.776407 0.758687 0.741213 0.723985 0.707001 0.690259 0.673758 0.657493 0.641462 
0.648253 0.664567 0.681132 0.697952 0.715032 0.732375 0.749987 0.767868 0.786022 0.804450 0.823153 0.842129 0.861375 0.880887 0.900657 0.920676 0.940929 0.961398 0.982062 1.002891 1.023850 1.044894 1.065973 1.087020 1.107962 1.128708 1.149153 1.169176 1.188639 1.207384 1.225239 1.242013 1.257505 1.271506 1.283805 1.294200 1.302504 1.308559 1.312243 1.313480 1.312243 1.308559 1.302504 1.294200 1.283805 1.271506 1.257505 1.242013 1.225239 1.207384 1.188639 1.169176 1.149153 1.128708 1.107962 1.087020 1.065973 1.044894 1.023850 1.002891 0.982062 0.961398 0.940929 0.920676 0.900657 0.880887 0.861375 0.842129 0.823153 0.804450 0.786022 0.767868 0.749987 0.732375 0.715032 0.697952 0.681132 0.664567 0.648253 
0.654741 0.671330 0.688187 0.705318 0.722729 0.740425 0.758412 0.776695 0.795278 0.814164 0.833357 0.852857 0.872666 0.892781 0.913198 0.933911 0.954910 0.976180 0.997702 1.019453 1.041399 1.063502 1.085710 1.107962 1.130183 1.152283 1.174152 1.195664 1.216669 1.236996 1.256451 1.274818 1.291863 1.307340 1.320995 1.332581 1.341868 1.348658 1.352797 1.354188 1.352797 1.348658 1.341868 1.332581 1.320995 1.307340 1.291863 1.274818 1.256451 1.236996 1.216669 1.195664 1.174152 1.152283 1.130183 1.107962 1.085710 1.063502 1.041399 1.019453 0.997702 0.976180 0.954910 0.933911 0.913198 0.892781 0.872666 0.852857 0.833357 0.814164 0.795278 0.776695 0.758412 0.740425 0.722729 0.705318 0.688187 0.671330 0.654741 
0.660907 0.677763 0.694904 0.712337 0.730069 0.748109 0.766463 0.785138 0.804141 0.823478 0.843154 0.863174 0.883540 0.904256 0.925319 0.946728 0.968478 0.990558 1.012954 1.035646 1.058609 1.081806 1.105191 1.128708 1.152283 1.175826 1.199229 1.222359 1.245057 1.267139 1.288387 1.308559 1.327384 1.344568 1.359808 1.372800 1.383257 1.390926 1.395612 1.397189 1.395612 1.390926 1.383257 1.372800 1.359808 1.344568 1.327384 1.308559 1.288387 1.267139 1.245057 1.222359 1.199229 1.175826 1.152283 1.128708 1.105191 1.081806 1.058609 1.035646 1.012954 0.990558 0.968478 0.946728 0.925319 0.904256 0.883540 0.863174 0.843154 0.823478 0.804141 0.785138 0.766463 0.748109 0.730069 0.712337 0.694904 0.677763 0.660907 
0.666736 0.683848 0.701262 0.718986 0.737029 0.755402 0.774111 0.793168 0.812581 0.832357 0.852507 0.873036 0.893952 0.915261 0.936965 0.959068 0.981568 1.004462 1.027740 1.051390 1.075390 1.099712 1.124317 1.149153 1.174152 1.199229 1.224276 1.249158 1.273711 1.297735 1.320995 1.343216 1.364085 1.383257 1.400363 1.415028 1.426889 1.435623 1.440973 1.442776 1.440973 1.435623 1.426889 1.415028 1.400363 1.383257 1.364085 1.343216 1.320995 1.297735 1.273711 1.249158 1.224276 1.199229 1.174152 1.149153 1.124317 1.099712 1.075390 1.051390 1.027740 1.004462 0.981568 0.959068 0.936965 0.915261 0.893952 0.873036 0.852507 0.832357 0.812581 0.793168 0.774111 0.755402 0.737029 0.718986 0.701262 0.683848 0.666736 
0.672211 0.689567 0.707242 0.725245 0.743586 0.762278 0.781330 0.800755 0.820563 0.840766 0.861375 0.882401 0.903854 0.925744 0.948080 0.970868 0.994113 1.017817 1.041979 1.066593 1.091645 1.117115 1.142973 1.169176 1.195664 1.222359 1.249158 1.275929 1.302504 1.328676 1.354188 1.378736 1.401962 1.423457 1.442776 1.459449 1.473016 1.483054 1.489225 1.491308 1.489225 1.483054 1.473016 1.459449 1.442776 1.423457 1.401962 1.378736 1.354188 1.328676 1.302504 1.275929 1.249158 1.222359 1.195664 1.169176 1.142973 1.117115 1.091645 1.066593 1.041979 1.017817 0.994113 0.970868 0.948080 0.925744 0.903854 0.882401 0.861375 0.840766 0.820563 0.800755 0.781330 0.762278 0.743586 0.725245 0.707242 0.689567 0.672211 
0.677316 0.694904 0.712825 0.731093 0.749718 0.768714 0.788093 0.807869 0.828057 0.848669 0.869720 0.891225 0.913198 0.935653 0.958604 0.982062 1.006039 1.030545 1.055584 1.081159 1.107267 1.133898 1.161033 1.188639 1.216669 1.245057 1.273711 1.302504 1.331274 1.359808 1.387838 1.415028 1.440973 1.465196 1.487155 1.506264 1.521927 1.533587 1.540787 1.543222 1.540787 1.533587 1.521927 1.506264 1.487155 1.465196 1.440973 1.415028 1.387838 1.359808 1.331274 1.302504 1.273711 1.245057 1.216669 1.188639 1.161033 1.133898 1.107267 1.081159 1.055584 1.030545 1.006039 0.982062 0.958604 0.935653 0.913198 0.891225 0.869720 0.848669 0.828057 0.807869 0.788093 0.768714 0.749718 0.731093 0.712825 0.694904 0.677316 
0.682035 0.699840 0.717993 0.736509 0.755402 0.774684 0.794372 0.814481 0.835028 0.856029 0.877502 0.899465 0.921936 0.944934 0.968478 0.992585 1.017274 1.042561 1.068460 1.094985 1.122141 1.149933 1.178352 1.207384 1.236996 1.267139 1.297735 1.328676 1.359808 1.390926 1.421755 1.451937 1.481022 1.508457 1.533587 1.555678 1.573953 1.587665 1.596178 1.599067 1.596178 1.587665 1.573953 1.555678 1.533587 1.508457 1.481022 1.451937 1.421755 1.390926 1.359808 1.328676 1.297735 1.267139 1.236996 1.207384 1.178352 1.149933 1.122141 1.094985 1.068460 1.042561 1.017274 0.992585 0.968478 0.944934 0.921936 0.899465 0.877502 0.856029 0.835028 0.814481 0.794372 0.774684 0.755402 0.736509 0.717993 0.699840 0.682035 
0.686354 0.704360 0.722729 0.741476 0.760617 0.780166 0.800143 0.820563 0.841447 0.862813 0.884683 0.907078 0.930021 0.953534 0.977642 1.002369 1.027740 1.053780 1.080513 1.107962 1.136146 1.165081 1.194778 1.225239 1.256451 1.288387 1.320995 1.354188 1.387838 1.421755 1.455672 1.489225 1.521927 1.553149 1.582111 1.607890 1.629468 1.645821 1.656051 1.659535 1.656051 1.645821 1.629468 1.607890 1.582111 1.553149 1.521927 1.489225 1.455672 1.421755 1.387838 1.354188 1.320995 1.288387 1.256451 1.225239 1.194778 1.165081 1.136146 1.107962 1.080513 1.053780 1.027740 1.002369 0.977642 0.953534 0.930021 0.907078 0.884683 0.862813 0.841447 0.820563 0.800143 0.780166 0.760617 0.741476 0.722729 0.704360 0.686354 
0.690259 0.708449 0.727015 0.745974 0.765343 0.785138 0.805380 0.826088 0.847283 0.868987 0.891225 0.914022 0.937404 0.961398 0.986036 1.011347 1.037363 1.064118 1.091645 1.119979 1.149153 1.179198 1.210144 1.242013 1.274818 1.308559 1.343216 1.378736 1.415028 1.451937 1.489225 1.526542 1.563385 1.599067 1.632673 1.663058 1.688878 1.708707 1.721236 1.725526 1.721236 1.708707 1.688878 1.663058 1.632673 1.599067 1.563385 1.526542 1.489225 1.451937 1.415028 1.378736 1.343216 1.308559 1.274818 1.242013 1.210144 1.179198 1.149153 1.119979 1.091645 1.064118 1.037363 1.011347 0.986036 0.961398 0.937404 0.914022 0.891225 0.868987 0.847283 0.826088 0.805380 0.785138 0.765343 0.745974 0.727015 0.708449 0.690259 
0.693737 0.712092 0.730836 0.749987 0.769561 0.789579 0.810061 0.831029 0.852507 0.874519 0.897093 0.920256 0.944041 0.968478 0.993603 1.019453 1.046067 1.073487 1.101757 1.130923 1.161033 1.192134 1.224276 1.257505 1.291863 1.327384 1.364085 1.401962 1.440973 1.481022 1.521927 1.563385 1.604922 1.645821 1.685058 1.721236 1.752591 1.777107 1.792814 1.798234 1.792814 1.777107 1.752591 1.721236 1.685058 1.645821 1.604922 1.563385 1.521927 1.481022 1.440973 1.401962 1.364085 1.327384 1.291863 1.257505 1.224276 1.192134 1.161033 1.130923 1.101757 1.073487 1.046067 1.019453 0.993603 0.968478 0.944041 0.920256 0.897093 0.874519 0.852507 0.831029 0.810061 0.789579 0.769561 0.749987 0.730836 0.712092 0.693737 
0.696777 0.715278 0.734179 0.753498 0.773254 0.793469 0.814164 0.835363 0.857093 0.879379 0.902252 0.925744 0.949889 0.974723 1.000288 1.026624 1.053780 1.081806 1.110754 1.140683 1.171656 1.203737 1.236996 1.271506 1.307340 1.344568 1.383257 1.423457 1.465196 1.508457 1.553149 1.599067 1.645821 1.692745 1.738764 1.782254 1.820936 1.851943 1.872213 1.879288 1.872213 1.851943 1.820936 1.782254 1.738764 1.692745 1.645821 1.599067 1.553149 1.508457 1.465196 1.423457 1.383257 1.344568 1.307340 1.271506 1.236996 1.203737 1.171656 1.140683 1.110754 1.081806 1.053780 1.026624 1.000288 0.974723 0.949889 0.925744 0.902252 0.879379 0.857093 0.835363 0.814164 0.793469 0.773254 0.753498 0.734179 0.715278 0.696777 
0.699367 0.717993 0.737029 0.756494 0.776407 0.796791 0.817670 0.839070 0.861016 0.883540 0.906674 0.930451 0.954910 0.980091 1.006039 1.032803 1.060436 1.088995 1.118544 1.149153 1.180896 1.213858 1.248129 1.283805 1.320995 1.359808 1.400363 1.442776 1.487155 1.533587 1.582111 1.632673 1.685058 1.738764 1.792814 1.845481 1.893966 1.934220 1.961342 1.970979 1.961342 1.934220 1.893966 1.845481 1.792814 1.738764 1.685058 1.632673 1.582111 1.533587 1.487155 1.442776 1.400363 1.359808 1.320995 1.283805 1.248129 1.213858 1.180896 1.149153 1.118544 1.088995 1.060436 1.032803 1.006039 0.980091 0.954910 0.930451 0.906674 0.883540 0.861016 0.839070 0.817670 0.796791 0.776407 0.756494 0.737029 0.717993 0.699367 
0.701499 0.720229 0.739377 0.758962 0.779006 0.799531 0.820563 0.842129 0.864257 0.886979 0.910330 0.934346 0.959068 0.984541 1.010812 1.037937 1.065973 1.094985 1.125045 1.156234 1.188639 1.222359 1.257505 1.294200 1.332581 1.372800 1.415028 1.459449 1.506264 1.555678 1.607890 1.663058 1.721236 1.782254 1.845481 1.909411 1.970979 2.024744 2.062729 2.076638 2.062729 2.024744 1.970979 1.909411 1.845481 1.782254 1.721236 1.663058 1.607890 1.555678 1.506264 1.459449 1.415028 1.372800 1.332581 1.294200 1.257505 1.222359 1.188639 1.156234 1.125045 1.094985 1.065973 1.037937 1.010812 0.984541 0.959068 0.934346 0.910330 0.886979 0.864257 0.842129 0.820563 0.799531 0.779006 0.758962 0.739377 0.720229 0.701499 
0.703165 0.721977 0.741213 0.760893 0.781039 0.801676 0.822828 0.844525 0.866797 0.889676 0.913198 0.937404 0.962335 0.988039 1.014568 1.041979 1.070337 1.099712 1.130183 1.161839 1.194778 1.229115 1.264975 1.302504 1.341868 1.383257 1.426889 1.473016 1.521927 1.573953 1.629468 1.688878 1.752591 1.820936 1.893966 1.970979 2.049485 2.123169 2.179421 2.201178 2.179421 2.123169 2.049485 1.970979 1.893966 1.820936 1.752591 1.688878 1.629468 1.573953 1.521927 1.473016 1.426889 1.383257 1.341868 1.302504 1.264975 1.229115 1.194778 1.161839 1.130183 1.099712 1.070337 1.041979 1.014568 0.988039 0.962335 0.937404 0.913198 0.889676 0.866797 0.844525 0.822828 0.801676 0.781039 0.760893 0.741213 0.721977 0.703165 
0.704360 0.723231 0.742530 0.762278 0.782498 0.803215 0.824455 0.846246 0.868621 0.891614 0.915261 0.939603 0.964685 0.990558 1.017274 1.044894 1.073487 1.103127 1.133898 1.165896 1.199229 1.234020 1.270409 1.308559 1.348658 1.390926 1.435623 1.483054 1.533587 1.587665 1.645821 1.708707 1.777107 1.851943 1.934220 2.024744 2.123169 2.224914 2.313153 2.351210 2.313153 2.224914 2.123169 2.024744 1.934220 1.851943 1.777107 1.708707 1.645821 1.587665 1.533587 1.483054 1.435623 1.390926 1.348658 1.308559 1.270409 1.234020 1.199229 1.165896 1.133898 1.103127 1.073487 1.044894 1.017274 0.990558 0.964685 0.939603 0.915261 0.891614 0.868621 0.846246 0.824455 0.803215 0.782498 0.762278 0.742530 0.723231 0.704360 
0.705078 0.723985 0.743322 0.763111 0.783376 0.804141 0.825434 0.847283 0.869720 0.892781 0.916503 0.940929 0.966103 0.992077 1.018907 1.046655 1.075390 1.105191 1.136146 1.168353 1.201927 1.236996 1.273711 1.312243 1.352797 1.395612 1.440973 1.489225 1.540787 1.596178 1.656051 1.721236 1.792814 1.872213 1.961342 2.062729 2.179421 2.313153 2.452409 2.526959 2.452409 2.313153 2.179421 2.062729 1.961342 1.872213 1.792814 1.721236 1.656051 1.596178 1.540787 1.489225 1.440973 1.395612 1.352797 1.312243 1.273711 1.236996 1.201927 1.168353 1.136146 1.105191 1.075390 1.046655 1.018907 0.992077 0.966103 0.940929 0.916503 0.892781 0.869720 0.847283 0.825434 0.804141 0.783376 0.763111 0.743322 0.723985 0.705078 
0.705318 0.724236 0.743586 0.763390 0.783669 0.804450 0.825760 0.847629 0.870087 0.893171 0.916919 0.941372 0.966577 0.992585 1.019453 1.047243 1.076027 1.105882 1.136898 1.169176 1.202831 1.237994 1.274818 1.313480 1.354188 1.397189 1.442776 1.491308 1.543222 1.599067 1.659535 1.725526 1.798234 1.879288 1.970979 2.076638 2.201178 2.351210 2.526959 2.642311 2.526959 2.351210 2.201178 2.076638 1.970979 1.879288 1.798234 1.725526 1.659535 1.599067 1.543222 1.491308 1.442776 1.397189 1.354188 1.313480 1.274818 1.237994 1.202831 1.169176 1.136898 1.105882 1.076027 1.047243 1.019453 0.992585 0.966577 0.941372 0.916919 0.893171 0.870087 0.847629 0.825760 0.804450 0.783669 0.763390 0.743586 0.724236 0.705318 
0.705318 0.724236 0.743586 0.763390 0.783669 0.804450 0.825760 0.847629 0.870087 0.893171 0.916918 0.941372 0.966577 0.992585 1.019453 1.047243 1.076027 1.105882 1.136898 1.169176 1.202831 1.237994 1.274818 1.313480 1.354188 1.397188 1.442776 1.491308 1.543222 1.599066 1.659534 1.725526 1.798234 1.879287 1.970978 2.076636 2.201175 2.351205 2.526948 2.642293 2.526948 2.351205 2.201175 2.076636 1.970978 1.879287 1.798234 1.725526 1.659534 1.599066 1.543222 1.491308 1.442776 1.397188 1.354188 1.313480 1.274818 1.237994 1.202831 1.169176 1.136898 1.105882 1.076027 1.047243 1.019453 0.992585 0.966577 0.941372 0.916918 0.893171 0.870087 0.847629 0.825760 0.804450 0.783669 0.763390 0.743586 0.724236 0.705318 
0.705318 0.724236 0.743586 0.763389 0.783669 0.804450 0.825760 0.847628 0.870087 0.893171 0.916918 0.941371 0.966577 0.992585 1.019453 1.047243 1.076026 1.105882 1.136898 1.169176 1.202830 1.237993 1.274817 1.313480 1.354188 1.397188 1.442775 1.491307 1.543221 1.599065 1.659533 1.725524 1.798232 1.879285 1.970975 2.076631 2.201167 2.351191 2.526918 2.642239 2.526918 2.351191 2.201167 2.076631 1.970975 1.879285 1.798232 1.725524 1.659533 1.599065 1.543221 1.491307 1.442775 1.397188 1.354188 1.313480 1.274817 1.237993 1.202830 1.169176 1.136898 1.105882 1.076026 1.047243 1.019453 0.992585 0.966577 0.941371 0.916918 0.893171 0.870087 0.847628 0.825760 0.804450 0.783669 0.763389 0.743586 0.724236 0.705318 
0.705318 0.724236 0.743586 0.763390 0.783669 0.804450 0.825760 0.847629 0.870087 0.893171 0.916918 0.941372 0.966577 0.992585 1.019453 1.047243 1.076026 1.105882 1.136898 1.169176 1.202831 1.237994 1.274818 1.313480 1.354188 1.397188 1.442776 1.491307 1.543222 1.599066 1.659534 1.725526 1.798234 1.879287 1.970978 2.076635 2.201174 2.351204 2.526944 2.642286 2.526944 2.351204 2.201174 2.076635 1.970978 1.879287 1.798234 1.725526 1.659534 1.599066 1.543222 1.491307 1.442776 1.397188 1.354188 1.313480 1.274818 1.237994 1.202831 1.169176 1.136898 1.105882 1.076026 1.047243 1.019453 0.992585 0.966577 0.941372 0.916918 0.893171 0.870087 0.847629 0.825760 0.804450 0.783669 0.763390 0.743586 0.724236 0.705318 
0.705318 0.724236 0.743586 0.763390 0.783669 0.804450 0.825760 0.847629 0.870087 0.893171 0.916919 0.941372 0.966577 0.992585 1.019453 1.047243 1.076027 1.105882 1.136898 1.169176 1.202831 1.237994 1.274818 1.313480 1.354188 1.397189 1.442776 1.491308 1.543222 1.599067 1.659535 1.725526 1.798234 1.879288 1.970979 2.076637 2.201177 2.351210 2.526958 2.642310 2.526958 2.351210 2.201177 2.076637 1.970979 1.879288 1.798234 1.725526 1.659535 1.599067 1.543222 1.491308 1.442776 1.397189 1.354188 1.313480 1.274818 1.237994 1.202831 1.169176 1.136898 1.105882 1.076027 1.047243 1.019453 0.992585 0.966577 0.941372 0.916919 0.893171 0.870087 0.847629 0.825760 0.804450 0.783669 0.763390 0.743586 0.724236 0.705318 
0.705318 0.724236 0.743586 0.763390 0.783669 0.804450 0.825760 0.847629 0.870087 0.893171 0.916918 0.941372 0.966577 0.992585 1.019453 1.047243 1.076027 1.105882 1.136898 1.169176 1.202831 1.237994 1.274818 1.313480 1.354188 1.397188 1.442776 1.491308 1.543222 1.599066 1.659535 1.725526 1.798234 1.879287 1.970978 2.076636 2.201176 2.351207 2.526952 2.642299 2.526952 2.351207 2.201176 2.076636 1.970978 1.879287 1.798234 1.725526 1.659535 1.599066 1.543222 1.491308 1.442776 1.397188 1.354188 1.313480 1.274818 1.237994 1.202831 1.169176 1.136898 1.105882 1.076027 1.047243 1.019453 0.992585 0.966577 0.941372 0.916918 0.893171 0.870087 0.847629 0.825760 0.804450 0.783669 0.763390 0.743586 0.724236 0.705318 
0.705318 0.724236 0.743586 0.763389 0.783669 0.804450 0.825760 0.847629 0.870087 0.893171 0.916918 0.941372 0.966577 0.992585 1.019453 1.047243 1.076026 1.105882 1.136898 1.169176 1.202830 1.237994 1.274818 1.313480 1.354188 1.397188 1.442775 1.491307 1.543221 1.599066 1.659534 1.725525 1.798232 1.879285 1.970975 2.076632 2.201169 2.351195 2.526925 2.642252 2.526925 2.351195 2.201169 2.076632 1.970975 1.879285 1.798232 1.725525 1.659534 1.599066 1.543221 1.491307 1.442775 1.397188 1.354188 1.313480 1.274818 1.237994 1.202830 1.169176 1.136898 1.105882 1.076026 1.047243 1.019453 0.992585 0.966577 0.941372 0.916918 0.893171 0.870087 0.847629 0.825760 0.804450 0.783669 0.763389 0.743586 0.724236 0.705318 
0.705069 0.723975 0.743312 0.763100 0.783365 0.804129 0.825421 0.847269 0.869706 0.892766 0.916487 0.940911 0.966084 0.992057 1.018885 1.046631 1.075365 1.105164 1.136116 1.168321 1.201891 1.236957 1.273667 1.312195 1.352743 1.395550 1.440903 1.489143 1.540691 1.596065 1.655914 1.721068 1.792602 1.871938 1.960968 2.062195 2.178599 2.311768 2.449924 2.523490 2.449924 2.311768 2.178599 2.062195 1.960968 1.871938 1.792602 1.721068 1.655914 1.596065 1.540691 1.489143 1.440903 1.395550 1.352743 1.312195 1.273667 1.236957 1.201891 1.168321 1.136116 1.105164 1.075365 1.046631 1.018885 0.992057 0.966084 0.940911 0.916487 0.892766 0.869706 0.847269 0.825421 0.804129 0.783365 0.763100 0.743312 0.723975 0.705069 
0.704341 0.723211 0.742509 0.762256 0.782475 0.803191 0.824429 0.846219 0.868593 0.891583 0.915228 0.939568 0.964648 0.990518 1.017231 1.044849 1.073437 1.103073 1.133840 1.165832 1.199159 1.233943 1.270323 1.308463 1.348551 1.390805 1.435484 1.482894 1.533401 1.587445 1.645558 1.708386 1.776707 1.851431 1.933544 2.023817 2.121845 2.222972 2.310404 2.348001 2.310404 2.222972 2.121845 2.023817 1.933544 1.851431 1.776707 1.708386 1.645558 1.587445 1.533401 1.482894 1.435484 1.390805 1.348551 1.308463 1.270323 1.233943 1.199159 1.165832 1.133840 1.103073 1.073437 1.044849 1.017231 0.990518 0.964648 0.939568 0.915228 0.891583 0.868593 0.846219 0.824429 0.803191 0.782475 0.762256 0.742509 0.723211 0.704341 
0.703137 0.721948 0.741182 0.760860 0.781005 0.801640 0.822790 0.844485 0.866754 0.889630 0.913150 0.937352 0.962280 0.987980 1.014505 1.041911 1.070264 1.099632 1.130096 1.161744 1.194674 1.229000 1.264848 1.302363 1.341710 1.383079 1.426686 1.472783 1.521658 1.573638 1.629094 1.688427 1.752038 1.820245 1.893083 1.969830 2.047970 2.121189 2.176980 2.198527 2.176980 2.121189 2.047970 1.969830 1.893083 1.820245 1.752038 1.688427 1.629094 1.573638 1.521658 1.472783 1.426686 1.383079 1.341710 1.302363 1.264848 1.229000 1.194674 1.161744 1.130096 1.099632 1.070264 1.041911 1.014505 0.987980 0.962280 0.937352 0.913150 0.889630 0.866754 0.844485 0.822790 0.801640 0.781005 0.760860 0.741182 0.721948 0.703137 
0.701462 0.720191 0.739336 0.758919 0.778960 0.799483 0.820513 0.842075 0.864201 0.886919 0.910266 0.934278 0.958995 0.984463 1.010729 1.037847 1.065876 1.094880 1.124931 1.156109 1.188503 1.222210 1.257340 1.294017 1.332376 1.372570 1.414768 1.459152 1.505922 1.555281 1.607424 1.662504 1.720570 1.781442 1.844482 1.908173 1.969450 2.022898 2.060614 2.074414 2.060614 2.022898 1.969450 1.908173 1.844482 1.781442 1.720570 1.662504 1.607424 1.555281 1.505922 1.459152 1.414768 1.372570 1.332376 1.294017 1.257340 1.222210 1.188503 1.156109 1.124931 1.094880 1.065876 1.037847 1.010729 0.984463 0.958995 0.934278 0.910266 0.886919 0.864201 0.842075 0.820513 0.799483 0.778960 0.758919 0.739336 0.720191 0.701462 
0.699321 0.717945 0.736978 0.756440 0.776351 0.796732 0.817608 0.839003 0.860946 0.883466 0.906595 0.930367 0.954820 0.979995 1.005936 1.032693 1.060317 1.088866 1.118404 1.149001 1.180730 1.213676 1.247928 1.283583 1.320747 1.359532 1.400052 1.442423 1.486752 1.533124 1.581573 1.632044 1.684316 1.737884 1.791766 1.844234 1.892498 1.932537 1.959495 1.969069 1.959495 1.932537 1.892498 1.844234 1.791766 1.737884 1.684316 1.632044 1.581573 1.533124 1.486752 1.442423 1.400052 1.359532 1.320747 1.283583 1.247928 1.213676 1.180730 1.149001 1.118404 1.088866 1.060317 1.032693 1.005936 0.979995 0.954820 0.930367 0.906595 0.883466 0.860946 0.839003 0.817608 0.796732 0.776351 0.756440 0.736978 0.717945 0.699321 
0.696722 0.715220 0.734118 0.753434 0.773187 0.793398 0.814090 0.835285 0.857009 0.879291 0.902159 0.925644 0.949783 0.974610 1.000166 1.026494 1.053640 1.081654 1.110590 1.140505 1.171461 1.203524 1.236763 1.271249 1.307054 1.344250 1.382901 1.423057 1.464744 1.507941 1.552558 1.598387 1.645035 1.691834 1.737708 1.781039 1.819558 1.850415 1.870578 1.877614 1.870578 1.850415 1.819558 1.781039 1.737708 1.691834 1.645035 1.598387 1.552558 1.507941 1.464744 1.423057 1.382901 1.344250 1.307054 1.271249 1.236763 1.203524 1.171461 1.140505 1.110590 1.081654 1.053640 1.026494 1.000166 0.974610 0.949783 0.925644 0.902159 0.879291 0.857009 0.835285 0.814090 0.793398 0.773187 0.753434 0.734118 0.715220 0.696722 
0.693674 0.712026 0.730766 0.749913 0.769484 0.789497 0.809975 0.830938 0.852411 0.874417 0.896985 0.920142 0.943918 0.968347 0.993463 1.019303 1.045906 1.073314 1.101570 1.130721 1.160812 1.191894 1.224013 1.257217 1.291545 1.327031 1.363693 1.401524 1.440482 1.480468 1.521301 1.562675 1.604115 1.644905 1.684021 1.720073 1.751304 1.775714 1.791348 1.796742 1.791348 1.775714 1.751304 1.720073 1.684021 1.644905 1.604115 1.562675 1.521301 1.480468 1.440482 1.401524 1.363693 1.327031 1.291545 1.257217 1.224013 1.191894 1.160812 1.130721 1.101570 1.073314 1.045906 1.019303 0.993463 0.968347 0.943918 0.920142 0.896985 0.874417 0.852411 0.830938 0.809975 0.789497 0.769484 0.749913 0.730766 0.712026 0.693674 
0.690187 0.708373 0.726936 0.745891 0.765255 0.785046 0.805283 0.825985 0.847174 0.868873 0.891104 0.913893 0.937267 0.961252 0.985880 1.011180 1.037184 1.063925 1.091437 1.119754 1.148909 1.178934 1.209856 1.241697 1.274472 1.308178 1.342794 1.378269 1.414508 1.451357 1.488577 1.525816 1.562574 1.598161 1.631668 1.661952 1.687679 1.707430 1.719907 1.724179 1.719907 1.707430 1.687679 1.661952 1.631668 1.598161 1.562574 1.525816 1.488577 1.451357 1.414508 1.378269 1.342794 1.308178 1.274472 1.241697 1.209856 1.178934 1.148909 1.119754 1.091437 1.063925 1.037184 1.011180 0.985880 0.961252 0.937267 0.913893 0.891104 0.868873 0.847174 0.825985 0.805283 0.785046 0.765255 0.745891 0.726936 0.708373 0.690187 
0.686274 0.704276 0.722641 0.741384 0.760519 0.780064 0.800035 0.820450 0.841327 0.862687 0.884549 0.906936 0.929869 0.953373 0.977470 1.002185 1.027544 1.053570 1.080287 1.107718 1.135882 1.164795 1.194467 1.224900 1.256081 1.287982 1.320550 1.353699 1.387298 1.421158 1.455012 1.488496 1.521122 1.552264 1.581144 1.606843 1.628349 1.644644 1.654835 1.658306 1.654835 1.644644 1.628349 1.606843 1.581144 1.552264 1.521122 1.488496 1.455012 1.421158 1.387298 1.353699 1.320550 1.287982 1.256081 1.224900 1.194467 1.164795 1.135882 1.107718 1.080287 1.053570 1.027544 1.002185 0.977470 0.953373 0.929869 0.906936 0.884549 0.862687 0.841327 0.820450 0.800035 0.780064 0.760519 0.741384 0.722641 0.704276 0.686274 
0.681947 0.699747 0.717897 0.736408 0.755295 0.774572 0.794254 0.814357 0.834897 0.855891 0.877356 0.899310 0.921772 0.944760 0.968292 0.992387 1.017062 1.042334 1.068217 1.094723 1.121859 1.149628 1.178023 1.207026 1.236607 1.266715 1.297273 1.328170 1.359256 1.390321 1.421092 1.451212 1.480232 1.507598 1.532661 1.554688 1.572906 1.586572 1.595057 1.597935 1.595057 1.586572 1.572906 1.554688 1.532661 1.507598 1.480232 1.451212 1.421092 1.390321 1.359256 1.328170 1.297273 1.266715 1.236607 1.207026 1.178023 1.149628 1.121859 1.094723 1.068217 1.042334 1.017062 0.992387 0.968292 0.944760 0.921772 0.899310 0.877356 0.855891 0.834897 0.814357 0.794254 0.774572 0.755295 0.736408 0.717897 0.699747 0.681947 
0.677220 0.694803 0.712720 0.730982 0.749602 0.768592 0.787965 0.807735 0.827915 0.848520 0.869563 0.891059 0.913022 0.935466 0.958404 0.981850 1.005813 1.030303 1.055325 1.080882 1.106969 1.133578 1.160687 1.188265 1.216265 1.244620 1.273236 1.301989 1.330714 1.359200 1.387178 1.414313 1.440202 1.464367 1.486270 1.505326 1.520944 1.532569 1.539746 1.542174 1.539746 1.532569 1.520944 1.505326 1.486270 1.464367 1.440202 1.414313 1.387178 1.359200 1.330714 1.301989 1.273236 1.244620 1.216265 1.188265 1.160687 1.133578 1.106969 1.080882 1.055325 1.030303 1.005813 0.981850 0.958404 0.935466 0.913022 0.891059 0.869563 0.848520 0.827915 0.807735 0.787965 0.768592 0.749602 0.730982 0.712720 0.694803 0.677220 
0.672108 0.689459 0.707129 0.725126 0.743462 0.762148 0.781194 0.800612 0.820412 0.840607 0.861207 0.882223 0.903666 0.925545 0.947868 0.970643 0.993874 1.017562 1.041707 1.066302 1.091334 1.116781 1.142615 1.168790 1.195249 1.221911 1.248675 1.275408 1.301942 1.328069 1.353536 1.378035 1.401212 1.422658 1.441930 1.458560 1.472090 1.482100 1.488253 1.490330 1.488253 1.482100 1.472090 1.458560 1.441930 1.422658 1.401212 1.378035 1.353536 1.328069 1.301942 1.275408 1.248675 1.221911 1.195249 1.168790 1.142615 1.116781 1.091334 1.066302 1.041707 1.017562 0.993874 0.970643 0.947868 0.925545 0.903666 0.882223 0.861207 0.840607 0.820412 0.800612 0.781194 0.762148 0.743462 0.725126 0.707129 0.689459 0.672108 
0.666626 0.683733 0.701141 0.718860 0.736897 0.755263 0.773966 0.793016 0.812420 0.832189 0.852329 0.872848 0.893754 0.915051 0.936743 0.958832 0.981318 1.004196 1.027457 1.051087 1.075067 1.099367 1.123948 1.148758 1.173729 1.198775 1.223789 1.248635 1.273150 1.297134 1.320353 1.342531 1.363357 1.382488 1.399555 1.414184 1.426014 1.434725 1.440062 1.441860 1.440062 1.434725 1.426014 1.414184 1.399555 1.382488 1.363357 1.342531 1.320353 1.297134 1.273150 1.248635 1.223789 1.198775 1.173729 1.148758 1.123948 1.099367 1.075067 1.051087 1.027457 1.004196 0.981318 0.958832 0.936743 0.915051 0.893754 0.872848 0.852329 0.832189 0.812420 0.793016 0.773966 0.755263 0.736897 0.718860 0.701141 0.683733 0.666626 
