145 145
7.979947e+01 0 5
0.878713 0.888433 0.898136 0.907820 0.917484 0.927125 0.936741 0.946331 0.955893 0.965424 0.974922 0.984385 0.993810 1.003195 1.012537 1.021834 1.031082 1.040280 1.049423 1.058510 1.067536 1.076498 1.085394 1.094220 1.102972 1.111646 1.120239 1.128747 1.137166 1.145492 1.153720 1.161847 1.169869 1.177780 1.185577 1.193255 1.200809 1.208234 1.215526 1.222680 1.229691 1.236554 1.243265 1.249817 1.256207 1.262429 1.268478 1.274350 1.280039 1.285541 1.290850 1.295962 1.300872 1.305575 1.310068 1.314345 1.318403 1.322237 1.325844 1.329219 1.332360 1.335262 1.337922 1.340339 1.342508 1.344428 1.346097 1.347512 1.348672 1.349575 1.350222 1.350610 1.350739 1.350610 1.350222 1.349575 1.348672 1.347512 1.346097 1.344428 1.342508 1.340339 1.337922 1.335262 1.332360 1.329219 1.325844 1.322237 1.318403 1.314345 1.310068 1.305575 1.300872 1.295962 1.290850 1.285541 1.280039 1.274350 1.268478 1.262429 1.256207 1.249817 1.243265 1.236554 1.229691 1.222680 1.215526 1.208234 1.200809 1.193255 1.185577 1.177780 1.169869 1.161847 1.153720 1.145492 1.137166 1.128747 1.120239 1.111646 1.102972 1.094220 1.085394 1.076498 1.067536 1.058510 1.049423 1.040280 1.031082 1.021834 1.012537 1.003195 0.993810 0.984385 0.974922 0.965424 0.955893 0.946331 0.936741 0.927125 0.917484 0.907820 0.898136 0.888433 0.878713 
0.887339 0.897167 0.906979 0.916774 0.926550 0.936305 0.946037 0.955744 0.965424 0.975075 0.984694 0.994280 1.003830 1.013341 1.022810 1.032236 1.041615 1.050944 1.060220 1.069441 1.078603 1.087702 1.096735 1.105700 1.114591 1.123406 1.132140 1.140790 1.149352 1.157821 1.166194 1.174465 1.182631 1.190686 1.198627 1.206449 1.214146 1.221715 1.229149 1.236445 1.243596 1.250599 1.257447 1.264136 1.270660 1.277014 1.283194 1.289193 1.295008 1.300631 1.306060 1.311287 1.316310 1.321122 1.325719 1.330097 1.334251 1.338176 1.341869 1.345326 1.348543 1.351516 1.354242 1.356718 1.358941 1.360909 1.362619 1.364069 1.365258 1.366185 1.366847 1.367245 1.367378 1.367245 1.366847 1.366185 1.365258 1.364069 1.362619 1.360909 1.358941 1.356718 1.354242 1.351516 1.348543 1.345326 1.341869 1.338176 1.334251 1.330097 1.325719 1.321122 1.316310 1.311287 1.306060 1.300631 1.295008 1.289193 1.283194 1.277014 1.270660 1.264136 1.257447 1.250599 1.243596 1.236445 1.229149 1.221715 1.214146 1.206449 1.198627 1.190686 1.182631 1.174465 1.166194 1.157821 1.149352 1.140790 1.132140 1.123406 1.114591 1.105700 1.096735 1.087702 1.078603 1.069441 1.060220 1.050944 1.041615 1.032236 1.022810 1.013341 1.003830 0.994280 0.984694 0.975075 0.965424 0.955744 0.946037 0.936305 0.926550 0.916774 0.906979 0.897167 0.887339 
0.895923 0.905860 0.915782 0.925689 0.935578 0.945448 0.955297 0.965122 0.974922 0.984694 0.994437 1.004148 1.013824 1.023462 1.033061 1.042618 1.052129 1.061592 1.071004 1.080361 1.089660 1.098899 1.108072 1.117178 1.126212 1.135170 1.144049 1.152844 1.161552 1.170168 1.178687 1.187106 1.195420 1.203623 1.211712 1.219681 1.227526 1.235242 1.242823 1.250264 1.257560 1.264706 1.271696 1.278525 1.285188 1.291679 1.297993 1.304125 1.310068 1.315818 1.321370 1.326717 1.331856 1.336781 1.341486 1.345968 1.350222 1.354242 1.358025 1.361566 1.364862 1.367909 1.370702 1.373240 1.375519 1.377537 1.379290 1.380778 1.381997 1.382947 1.383626 1.384034 1.384170 1.384034 1.383626 1.382947 1.381997 1.380778 1.379290 1.377537 1.375519 1.373240 1.370702 1.367909 1.364862 1.361566 1.358025 1.354242 1.350222 1.345968 1.341486 1.336781 1.331856 1.326717 1.321370 1.315818 1.310068 1.304125 1.297993 1.291679 1.285188 1.278525 1.271696 1.264706 1.257560 1.250264 1.242823 1.235242 1.227526 1.219681 1.211712 1.203623 1.195420 1.187106 1.178687 1.170168 1.161552 1.152844 1.144049 1.135170 1.126212 1.117178 1.108072 1.098899 1.089660 1.080361 1.071004 1.061592 1.052129 1.042618 1.033061 1.023462 1.013824 1.004148 0.994437 0.984694 0.974922 0.965122 0.955297 0.945448 0.935578 0.925689 0.915782 0.905860 0.895923 
0.904462 0.914508 0.924542 0.934562 0.944565 0.954552 0.964518 0.974463 0.984385 0.994280 1.004148 1.013985 1.023788 1.033557 1.043287 1.052977 1.062622 1.072221 1.081770 1.091266 1.100706 1.110086 1.119403 1.128653 1.137832 1.146937 1.155963 1.164907 1.173764 1.182529 1.191199 1.199769 1.208234 1.216589 1.224830 1.232951 1.240947 1.248814 1.256545 1.264136 1.271581 1.278874 1.286011 1.292985 1.299791 1.306423 1.312876 1.319144 1.325221 1.331102 1.336781 1.342253 1.347512 1.352553 1.357371 1.361961 1.366317 1.370436 1.374312 1.377941 1.381319 1.384443 1.387307 1.389909 1.392247 1.394316 1.396114 1.397640 1.398891 1.399865 1.400562 1.400981 1.401120 1.400981 1.400562 1.399865 1.398891 1.397640 1.396114 1.394316 1.392247 1.389909 1.387307 1.384443 1.381319 1.377941 1.374312 1.370436 1.366317 1.361961 1.357371 1.352553 1.347512 1.342253 1.336781 1.331102 1.325221 1.319144 1.312876 1.306423 1.299791 1.292985 1.286011 1.278874 1.271581 1.264136 1.256545 1.248814 1.240947 1.232951 1.224830 1.216589 1.208234 1.199769 1.191199 1.182529 1.173764 1.164907 1.155963 1.146937 1.137832 1.128653 1.119403 1.110086 1.100706 1.091266 1.081770 1.072221 1.062622 1.052977 1.043287 1.033557 1.023788 1.013985 1.004148 0.994280 0.984385 0.974463 0.964518 0.954552 0.944565 0.934562 0.924542 0.914508 0.904462 
0.912954 0.923111 0.933257 0.943390 0.953510 0.963614 0.973700 0.983766 0.993810 1.003830 1.013824 1.023788 1.033722 1.043622 1.053486 1.063310 1.073092 1.082829 1.092518 1.102155 1.111738 1.121262 1.130724 1.140121 1.149449 1.158703 1.167880 1.176975 1.185985 1.194904 1.203728 1.212452 1.221072 1.229583 1.237979 1.246256 1.254407 1.262429 1.270315 1.278060 1.285658 1.293104 1.300391 1.307515 1.314468 1.321246 1.327842 1.334251 1.340466 1.346482 1.352294 1.357894 1.363278 1.368440 1.373374 1.378076 1.382540 1.386760 1.390733 1.394454 1.397918 1.401120 1.404058 1.406728 1.409126 1.411248 1.413094 1.414659 1.415943 1.416943 1.417659 1.418088 1.418232 1.418088 1.417659 1.416943 1.415943 1.414659 1.413094 1.411248 1.409126 1.406728 1.404058 1.401120 1.397918 1.394454 1.390733 1.386760 1.382540 1.378076 1.373374 1.368440 1.363278 1.357894 1.352294 1.346482 1.340466 1.334251 1.327842 1.321246 1.314468 1.307515 1.300391 1.293104 1.285658 1.278060 1.270315 1.262429 1.254407 1.246256 1.237979 1.229583 1.221072 1.212452 1.203728 1.194904 1.185985 1.176975 1.167880 1.158703 1.149449 1.140121 1.130724 1.121262 1.111738 1.102155 1.092518 1.082829 1.073092 1.063310 1.053486 1.043622 1.033722 1.023788 1.013824 1.003830 0.993810 0.983766 0.973700 0.963614 0.953510 0.943390 0.933257 0.923111 0.912954 
0.921397 0.931665 0.941924 0.952173 0.962409 0.972632 0.982838 0.993026 1.003195 1.013341 1.023462 1.033557 1.043622 1.053655 1.063654 1.073615 1.083536 1.093413 1.103244 1.113025 1.122753 1.132424 1.142035 1.151581 1.161060 1.170467 1.179797 1.189047 1.198213 1.207288 1.216270 1.225153 1.233932 1.242602 1.251157 1.259594 1.267905 1.276087 1.284132 1.292035 1.299791 1.307393 1.314836 1.322113 1.329219 1.336147 1.342892 1.349446 1.355805 1.361961 1.367909 1.373642 1.379155 1.384443 1.389498 1.394316 1.398891 1.403218 1.407291 1.411107 1.414659 1.417945 1.420959 1.423699 1.426159 1.428338 1.430233 1.431840 1.433158 1.434185 1.434919 1.435360 1.435507 1.435360 1.434919 1.434185 1.433158 1.431840 1.430233 1.428338 1.426159 1.423699 1.420959 1.417945 1.414659 1.411107 1.407291 1.403218 1.398891 1.394316 1.389498 1.384443 1.379155 1.373642 1.367909 1.361961 1.355805 1.349446 1.342892 1.336147 1.329219 1.322113 1.314836 1.307393 1.299791 1.292035 1.284132 1.276087 1.267905 1.259594 1.251157 1.242602 1.233932 1.225153 1.216270 1.207288 1.198213 1.189047 1.179797 1.170467 1.161060 1.151581 1.142035 1.132424 1.122753 1.113025 1.103244 1.093413 1.083536 1.073615 1.063654 1.053655 1.043622 1.033557 1.023462 1.013341 1.003195 0.993026 0.982838 0.972632 0.962409 0.952173 0.941924 0.931665 0.921397 
0.929788 0.940168 0.950542 0.960906 0.971261 0.981603 0.991931 1.002243 1.012537 1.022810 1.033061 1.043287 1.053486 1.063654 1.073790 1.083889 1.093951 1.103971 1.113946 1.123873 1.133748 1.143569 1.153331 1.163030 1.172663 1.182225 1.191713 1.201121 1.210445 1.219681 1.228824 1.237869 1.246811 1.255644 1.264364 1.272964 1.281439 1.289784 1.297993 1.306060 1.313978 1.321741 1.329345 1.336781 1.344044 1.351127 1.358025 1.364730 1.371236 1.377537 1.383626 1.389498 1.395145 1.400562 1.405743 1.410682 1.415372 1.419809 1.423988 1.427902 1.431547 1.434919 1.438013 1.440825 1.443351 1.445588 1.447534 1.449184 1.450538 1.451592 1.452347 1.452800 1.452951 1.452800 1.452347 1.451592 1.450538 1.449184 1.447534 1.445588 1.443351 1.440825 1.438013 1.434919 1.431547 1.427902 1.423988 1.419809 1.415372 1.410682 1.405743 1.400562 1.395145 1.389498 1.383626 1.377537 1.371236 1.364730 1.358025 1.351127 1.344044 1.336781 1.329345 1.321741 1.313978 1.306060 1.297993 1.289784 1.281439 1.272964 1.264364 1.255644 1.246811 1.237869 1.228824 1.219681 1.210445 1.201121 1.191713 1.182225 1.172663 1.163030 1.153331 1.143569 1.133748 1.123873 1.113946 1.103971 1.093951 1.083889 1.073790 1.063654 1.053486 1.043287 1.033061 1.022810 1.012537 1.002243 0.991931 0.981603 0.971261 0.960906 0.950542 0.940168 0.929788 
0.938125 0.948618 0.959107 0.969589 0.980062 0.990525 1.000976 1.011413 1.021834 1.032236 1.042618 1.052977 1.063310 1.073615 1.083889 1.094130 1.104334 1.114499 1.124621 1.134696 1.144722 1.154695 1.164610 1.174465 1.184255 1.193976 1.203623 1.213193 1.222680 1.232080 1.241388 1.250599 1.259707 1.268708 1.277595 1.286364 1.295008 1.303521 1.311898 1.320132 1.328217 1.336147 1.343916 1.351516 1.358941 1.366185 1.373240 1.380101 1.386760 1.393211 1.399448 1.405462 1.411248 1.416800 1.422111 1.427175 1.431986 1.436538 1.440825 1.444842 1.448584 1.452045 1.455222 1.458109 1.460704 1.463002 1.465001 1.466696 1.468087 1.469171 1.469946 1.470412 1.470567 1.470412 1.469946 1.469171 1.468087 1.466696 1.465001 1.463002 1.460704 1.458109 1.455222 1.452045 1.448584 1.444842 1.440825 1.436538 1.431986 1.427175 1.422111 1.416800 1.411248 1.405462 1.399448 1.393211 1.386760 1.380101 1.373240 1.366185 1.358941 1.351516 1.343916 1.336147 1.328217 1.320132 1.311898 1.303521 1.295008 1.286364 1.277595 1.268708 1.259707 1.250599 1.241388 1.232080 1.222680 1.213193 1.203623 1.193976 1.184255 1.174465 1.164610 1.154695 1.144722 1.134696 1.124621 1.114499 1.104334 1.094130 1.083889 1.073615 1.063310 1.052977 1.042618 1.032236 1.021834 1.011413 1.000976 0.990525 0.980062 0.969589 0.959107 0.948618 0.938125 
0.946405 0.957013 0.967617 0.978217 0.988810 0.999395 1.009970 1.020533 1.031082 1.041615 1.052129 1.062622 1.073092 1.083536 1.093951 1.104334 1.114683 1.124995 1.135265 1.145492 1.155670 1.165797 1.175870 1.185883 1.195833 1.205715 1.215526 1.225261 1.234914 1.244482 1.253958 1.263339 1.272618 1.281790 1.290850 1.299791 1.308608 1.317294 1.325844 1.334251 1.342508 1.350610 1.358548 1.366317 1.373910 1.381319 1.388538 1.395560 1.402378 1.408984 1.415372 1.421535 1.427466 1.433158 1.438604 1.443798 1.448734 1.453405 1.457805 1.461929 1.465771 1.469326 1.472589 1.475556 1.478222 1.480583 1.482637 1.484380 1.485810 1.486924 1.487721 1.488199 1.488359 1.488199 1.487721 1.486924 1.485810 1.484380 1.482637 1.480583 1.478222 1.475556 1.472589 1.469326 1.465771 1.461929 1.457805 1.453405 1.448734 1.443798 1.438604 1.433158 1.427466 1.421535 1.415372 1.408984 1.402378 1.395560 1.388538 1.381319 1.373910 1.366317 1.358548 1.350610 1.342508 1.334251 1.325844 1.317294 1.308608 1.299791 1.290850 1.281790 1.272618 1.263339 1.253958 1.244482 1.234914 1.225261 1.215526 1.205715 1.195833 1.185883 1.175870 1.165797 1.155670 1.145492 1.135265 1.124995 1.114683 1.104334 1.093951 1.083536 1.073092 1.062622 1.052129 1.041615 1.031082 1.020533 1.009970 0.999395 0.988810 0.978217 0.967617 0.957013 0.946405 
0.954626 0.965348 0.976070 0.986788 0.997503 1.008211 1.018911 1.029601 1.040280 1.050944 1.061592 1.072221 1.082829 1.093413 1.103971 1.114499 1.124995 1.135455 1.145877 1.156256 1.166590 1.176875 1.187106 1.197280 1.207393 1.217441 1.227418 1.237321 1.247144 1.256883 1.266532 1.276087 1.285541 1.294888 1.304125 1.313243 1.322237 1.331102 1.339829 1.348414 1.356848 1.365126 1.373240 1.381184 1.388949 1.396530 1.403918 1.411107 1.418088 1.424855 1.431401 1.437718 1.443798 1.449635 1.455222 1.460551 1.465617 1.470412 1.474930 1.479165 1.483112 1.486765 1.490118 1.493167 1.495907 1.498335 1.500447 1.502239 1.503709 1.504855 1.505674 1.506167 1.506331 1.506167 1.505674 1.504855 1.503709 1.502239 1.500447 1.498335 1.495907 1.493167 1.490118 1.486765 1.483112 1.479165 1.474930 1.470412 1.465617 1.460551 1.455222 1.449635 1.443798 1.437718 1.431401 1.424855 1.418088 1.411107 1.403918 1.396530 1.388949 1.381184 1.373240 1.365126 1.356848 1.348414 1.339829 1.331102 1.322237 1.313243 1.304125 1.294888 1.285541 1.276087 1.266532 1.256883 1.247144 1.237321 1.227418 1.217441 1.207393 1.197280 1.187106 1.176875 1.166590 1.156256 1.145877 1.135455 1.124995 1.114499 1.103971 1.093413 1.082829 1.072221 1.061592 1.050944 1.040280 1.029601 1.018911 1.008211 0.997503 0.986788 0.976070 0.965348 0.954626 
0.962785 0.973623 0.984462 0.995300 1.006137 1.016969 1.027795 1.038614 1.049423 1.060220 1.071004 1.081770 1.092518 1.103244 1.113946 1.124621 1.135265 1.145877 1.156452 1.166987 1.177478 1.187923 1.198316 1.208655 1.218934 1.229149 1.239297 1.249371 1.259368 1.269281 1.279107 1.288839 1.298472 1.308000 1.317417 1.326717 1.335894 1.344941 1.353852 1.362619 1.371236 1.379696 1.387991 1.396114 1.404058 1.411816 1.419379 1.426740 1.433891 1.440825 1.447534 1.454010 1.460246 1.466234 1.471966 1.477436 1.482637 1.487561 1.492202 1.496554 1.500609 1.504363 1.507811 1.510946 1.513764 1.516261 1.518433 1.520276 1.521789 1.522968 1.523811 1.524318 1.524487 1.524318 1.523811 1.522968 1.521789 1.520276 1.518433 1.516261 1.513764 1.510946 1.507811 1.504363 1.500609 1.496554 1.492202 1.487561 1.482637 1.477436 1.471966 1.466234 1.460246 1.454010 1.447534 1.440825 1.433891 1.426740 1.419379 1.411816 1.404058 1.396114 1.387991 1.379696 1.371236 1.362619 1.353852 1.344941 1.335894 1.326717 1.317417 1.308000 1.298472 1.288839 1.279107 1.269281 1.259368 1.249371 1.239297 1.229149 1.218934 1.208655 1.198316 1.187923 1.177478 1.166987 1.156452 1.145877 1.135265 1.124621 1.113946 1.103244 1.092518 1.081770 1.071004 1.060220 1.049423 1.038614 1.027795 1.016969 1.006137 0.995300 0.984462 0.973623 0.962785 
0.970880 0.981834 0.992792 1.003750 1.014709 1.025667 1.036620 1.047569 1.058510 1.069441 1.080361 1.091266 1.102155 1.113025 1.123873 1.134696 1.145492 1.156256 1.166987 1.177680 1.188332 1.198939 1.209497 1.220002 1.230450 1.240837 1.251157 1.261407 1.271581 1.281673 1.291679 1.301593 1.311409 1.321122 1.330725 1.340211 1.349575 1.358810 1.367909 1.376864 1.385669 1.394316 1.402798 1.411107 1.419235 1.427175 1.434919 1.442458 1.449785 1.456892 1.463770 1.470412 1.476809 1.482954 1.488838 1.494455 1.499796 1.504855 1.509624 1.514096 1.518265 1.522126 1.525671 1.528895 1.531795 1.534364 1.536599 1.538497 1.540054 1.541267 1.542135 1.542657 1.542831 1.542657 1.542135 1.541267 1.540054 1.538497 1.536599 1.534364 1.531795 1.528895 1.525671 1.522126 1.518265 1.514096 1.509624 1.504855 1.499796 1.494455 1.488838 1.482954 1.476809 1.470412 1.463770 1.456892 1.449785 1.442458 1.434919 1.427175 1.419235 1.411107 1.402798 1.394316 1.385669 1.376864 1.367909 1.358810 1.349575 1.340211 1.330725 1.321122 1.311409 1.301593 1.291679 1.281673 1.271581 1.261407 1.251157 1.240837 1.230450 1.220002 1.209497 1.198939 1.188332 1.177680 1.166987 1.156256 1.145492 1.134696 1.123873 1.113025 1.102155 1.091266 1.080361 1.069441 1.058510 1.047569 1.036620 1.025667 1.014709 1.003750 0.992792 0.981834 0.970880 
0.978908 0.989979 1.001055 1.012135 1.023218 1.034301 1.045383 1.056462 1.067536 1.078603 1.089660 1.100706 1.111738 1.122753 1.133748 1.144722 1.155670 1.166590 1.177478 1.188332 1.199146 1.209918 1.220644 1.231319 1.241939 1.252500 1.262997 1.273426 1.283780 1.294055 1.304245 1.314345 1.324349 1.334251 1.344044 1.353722 1.363278 1.372705 1.381997 1.391146 1.400144 1.408984 1.417659 1.426159 1.434478 1.442607 1.450538 1.458262 1.465771 1.473057 1.480110 1.486924 1.493488 1.499796 1.505839 1.511608 1.517095 1.522294 1.527196 1.531795 1.536083 1.540054 1.543701 1.547020 1.550004 1.552649 1.554950 1.556904 1.558507 1.559757 1.560651 1.561188 1.561367 1.561188 1.560651 1.559757 1.558507 1.556904 1.554950 1.552649 1.550004 1.547020 1.543701 1.540054 1.536083 1.531795 1.527196 1.522294 1.517095 1.511608 1.505839 1.499796 1.493488 1.486924 1.480110 1.473057 1.465771 1.458262 1.450538 1.442607 1.434478 1.426159 1.417659 1.408984 1.400144 1.391146 1.381997 1.372705 1.363278 1.353722 1.344044 1.334251 1.324349 1.314345 1.304245 1.294055 1.283780 1.273426 1.262997 1.252500 1.241939 1.231319 1.220644 1.209918 1.199146 1.188332 1.177478 1.166590 1.155670 1.144722 1.133748 1.122753 1.111738 1.100706 1.089660 1.078603 1.067536 1.056462 1.045383 1.034301 1.023218 1.012135 1.001055 0.989979 0.978908 
0.986866 0.998054 1.009250 1.020452 1.031659 1.042869 1.054080 1.065290 1.076498 1.087702 1.098899 1.110086 1.121262 1.132424 1.143569 1.154695 1.165797 1.176875 1.187923 1.198939 1.209918 1.220858 1.231754 1.242602 1.253397 1.264136 1.274813 1.285423 1.295962 1.306423 1.316802 1.327092 1.337288 1.347383 1.357371 1.367245 1.376998 1.386624 1.396114 1.405462 1.414659 1.423699 1.432572 1.441270 1.449785 1.458109 1.466234 1.474149 1.481846 1.489318 1.496554 1.503545 1.510284 1.516761 1.522968 1.528895 1.534536 1.539880 1.544922 1.549652 1.554064 1.558150 1.561905 1.565321 1.568394 1.571118 1.573488 1.575501 1.577153 1.578440 1.579362 1.579915 1.580100 1.579915 1.579362 1.578440 1.577153 1.575501 1.573488 1.571118 1.568394 1.565321 1.561905 1.558150 1.554064 1.549652 1.544922 1.539880 1.534536 1.528895 1.522968 1.516761 1.510284 1.503545 1.496554 1.489318 1.481846 1.474149 1.466234 1.458109 1.449785 1.441270 1.432572 1.423699 1.414659 1.405462 1.396114 1.386624 1.376998 1.367245 1.357371 1.347383 1.337288 1.327092 1.316802 1.306423 1.295962 1.285423 1.274813 1.264136 1.253397 1.242602 1.231754 1.220858 1.209918 1.198939 1.187923 1.176875 1.165797 1.154695 1.143569 1.132424 1.121262 1.110086 1.098899 1.087702 1.076498 1.065290 1.054080 1.042869 1.031659 1.020452 1.009250 0.998054 0.986866 
0.994751 1.006057 1.017373 1.028698 1.040030 1.051367 1.062708 1.074051 1.085394 1.096735 1.108072 1.119403 1.130724 1.142035 1.153331 1.164610 1.175870 1.187106 1.198316 1.209497 1.220644 1.231754 1.242823 1.253846 1.264820 1.275739 1.286599 1.297395 1.308122 1.318773 1.329345 1.339829 1.350222 1.360515 1.370702 1.380778 1.390733 1.400562 1.410257 1.419809 1.429212 1.438456 1.447534 1.456436 1.465155 1.473680 1.482005 1.490118 1.498011 1.505674 1.513099 1.520276 1.527196 1.533849 1.540227 1.546320 1.552119 1.557616 1.562802 1.567670 1.572211 1.576418 1.580285 1.583804 1.586969 1.589776 1.592219 1.594293 1.595995 1.597323 1.598273 1.598843 1.599034 1.598843 1.598273 1.597323 1.595995 1.594293 1.592219 1.589776 1.586969 1.583804 1.580285 1.576418 1.572211 1.567670 1.562802 1.557616 1.552119 1.546320 1.540227 1.533849 1.527196 1.520276 1.513099 1.505674 1.498011 1.490118 1.482005 1.473680 1.465155 1.456436 1.447534 1.438456 1.429212 1.419809 1.410257 1.400562 1.390733 1.380778 1.370702 1.360515 1.350222 1.339829 1.329345 1.318773 1.308122 1.297395 1.286599 1.275739 1.264820 1.253846 1.242823 1.231754 1.220644 1.209497 1.198316 1.187106 1.175870 1.164610 1.153331 1.142035 1.130724 1.119403 1.108072 1.096735 1.085394 1.074051 1.062708 1.051367 1.040030 1.028698 1.017373 1.006057 0.994751 
1.002560 1.013985 1.025421 1.036869 1.048327 1.059792 1.071264 1.082741 1.094220 1.105700 1.117178 1.128653 1.140121 1.151581 1.163030 1.174465 1.185883 1.197280 1.208655 1.220002 1.231319 1.242602 1.253846 1.265048 1.276202 1.287306 1.298352 1.309338 1.320256 1.331102 1.341869 1.352553 1.363146 1.373642 1.384034 1.394316 1.404479 1.414517 1.424421 1.434185 1.443798 1.453253 1.462542 1.471655 1.480583 1.489318 1.497849 1.506167 1.514262 1.522126 1.529747 1.537116 1.544224 1.551060 1.557616 1.563881 1.569845 1.575501 1.580839 1.585850 1.590526 1.594860 1.598843 1.602470 1.605732 1.608626 1.611144 1.613283 1.615039 1.616408 1.617388 1.617976 1.618173 1.617976 1.617388 1.616408 1.615039 1.613283 1.611144 1.608626 1.605732 1.602470 1.598843 1.594860 1.590526 1.585850 1.580839 1.575501 1.569845 1.563881 1.557616 1.551060 1.544224 1.537116 1.529747 1.522126 1.514262 1.506167 1.497849 1.489318 1.480583 1.471655 1.462542 1.453253 1.443798 1.434185 1.424421 1.414517 1.404479 1.394316 1.384034 1.373642 1.363146 1.352553 1.341869 1.331102 1.320256 1.309338 1.298352 1.287306 1.276202 1.265048 1.253846 1.242602 1.231319 1.220002 1.208655 1.197280 1.185883 1.174465 1.163030 1.151581 1.140121 1.128653 1.117178 1.105700 1.094220 1.082741 1.071264 1.059792 1.048327 1.036869 1.025421 1.013985 1.002560 
1.010291 1.021834 1.033392 1.044963 1.056547 1.068141 1.079745 1.091356 1.102972 1.114591 1.126212 1.137832 1.149449 1.161060 1.172663 1.184255 1.195833 1.207393 1.218934 1.230450 1.241939 1.253397 1.264820 1.276202 1.287541 1.298832 1.310068 1.321246 1.332360 1.343404 1.354372 1.365258 1.376057 1.386760 1.397362 1.407855 1.418232 1.428484 1.438604 1.448584 1.458414 1.468087 1.477593 1.486924 1.496069 1.505019 1.513764 1.522294 1.530599 1.538670 1.546495 1.554064 1.561367 1.568394 1.575135 1.581579 1.587716 1.593538 1.599034 1.604195 1.609012 1.613478 1.617584 1.621323 1.624687 1.627671 1.630269 1.632476 1.634288 1.635700 1.636711 1.637319 1.637522 1.637319 1.636711 1.635700 1.634288 1.632476 1.630269 1.627671 1.624687 1.621323 1.617584 1.613478 1.609012 1.604195 1.599034 1.593538 1.587716 1.581579 1.575135 1.568394 1.561367 1.554064 1.546495 1.538670 1.530599 1.522294 1.513764 1.505019 1.496069 1.486924 1.477593 1.468087 1.458414 1.448584 1.438604 1.428484 1.418232 1.407855 1.397362 1.386760 1.376057 1.365258 1.354372 1.343404 1.332360 1.321246 1.310068 1.298832 1.287541 1.276202 1.264820 1.253397 1.241939 1.230450 1.218934 1.207393 1.195833 1.184255 1.172663 1.161060 1.149449 1.137832 1.126212 1.114591 1.102972 1.091356 1.079745 1.068141 1.056547 1.044963 1.033392 1.021834 1.010291 
1.017939 1.029601 1.041281 1.052977 1.064687 1.076411 1.088146 1.099892 1.111646 1.123406 1.135170 1.146937 1.158703 1.170467 1.182225 1.193976 1.205715 1.217441 1.229149 1.240837 1.252500 1.264136 1.275739 1.287306 1.298832 1.310312 1.321741 1.333115 1.344428 1.355674 1.366847 1.377941 1.388949 1.399865 1.410682 1.421391 1.431986 1.442458 1.452800 1.463002 1.473057 1.482954 1.492684 1.502239 1.511608 1.520780 1.529747 1.538497 1.547020 1.555305 1.563341 1.571118 1.578625 1.585850 1.592784 1.599415 1.605732 1.611727 1.617388 1.622706 1.627671 1.632275 1.636509 1.640365 1.643837 1.646916 1.649597 1.651875 1.653745 1.655204 1.656248 1.656875 1.657085 1.656875 1.656248 1.655204 1.653745 1.651875 1.649597 1.646916 1.643837 1.640365 1.636509 1.632275 1.627671 1.622706 1.617388 1.611727 1.605732 1.599415 1.592784 1.585850 1.578625 1.571118 1.563341 1.555305 1.547020 1.538497 1.529747 1.520780 1.511608 1.502239 1.492684 1.482954 1.473057 1.463002 1.452800 1.442458 1.431986 1.421391 1.410682 1.399865 1.388949 1.377941 1.366847 1.355674 1.344428 1.333115 1.321741 1.310312 1.298832 1.287306 1.275739 1.264136 1.252500 1.240837 1.229149 1.217441 1.205715 1.193976 1.182225 1.170467 1.158703 1.146937 1.135170 1.123406 1.111646 1.099892 1.088146 1.076411 1.064687 1.052977 1.041281 1.029601 1.017939 
1.025503 1.037284 1.049086 1.060906 1.072744 1.084597 1.096465 1.108347 1.120239 1.132140 1.144049 1.155963 1.167880 1.179797 1.191713 1.203623 1.215526 1.227418 1.239297 1.251157 1.262997 1.274813 1.286599 1.298352 1.310068 1.321741 1.333368 1.344941 1.356457 1.367909 1.379290 1.390596 1.401819 1.412952 1.423988 1.434919 1.445738 1.456436 1.467005 1.477436 1.487721 1.497849 1.507811 1.517596 1.527196 1.536599 1.545795 1.554773 1.563521 1.572029 1.580285 1.588277 1.595995 1.603427 1.610562 1.617388 1.623894 1.630069 1.635902 1.641384 1.646504 1.651253 1.655621 1.659601 1.663184 1.666363 1.669132 1.671485 1.673417 1.674923 1.676002 1.676650 1.676866 1.676650 1.676002 1.674923 1.673417 1.671485 1.669132 1.666363 1.663184 1.659601 1.655621 1.651253 1.646504 1.641384 1.635902 1.630069 1.623894 1.617388 1.610562 1.603427 1.595995 1.588277 1.580285 1.572029 1.563521 1.554773 1.545795 1.536599 1.527196 1.517596 1.507811 1.497849 1.487721 1.477436 1.467005 1.456436 1.445738 1.434919 1.423988 1.412952 1.401819 1.390596 1.379290 1.367909 1.356457 1.344941 1.333368 1.321741 1.310068 1.298352 1.286599 1.274813 1.262997 1.251157 1.239297 1.227418 1.215526 1.203623 1.191713 1.179797 1.167880 1.155963 1.144049 1.132140 1.120239 1.108347 1.096465 1.084597 1.072744 1.060906 1.049086 1.037284 1.025503 
1.032979 1.044879 1.056803 1.068748 1.080713 1.092697 1.104698 1.116715 1.128747 1.140790 1.152844 1.164907 1.176975 1.189047 1.201121 1.213193 1.225261 1.237321 1.249371 1.261407 1.273426 1.285423 1.297395 1.309338 1.321246 1.333115 1.344941 1.356718 1.368440 1.380101 1.391696 1.403218 1.414659 1.426014 1.437275 1.448433 1.459482 1.470412 1.481215 1.491881 1.502402 1.512768 1.522968 1.532992 1.542831 1.552472 1.561905 1.571118 1.580100 1.588839 1.597323 1.605540 1.613478 1.621125 1.628469 1.635498 1.642201 1.648564 1.654578 1.660232 1.665514 1.670414 1.674923 1.679032 1.682733 1.686017 1.688877 1.691309 1.693305 1.694863 1.695978 1.696647 1.696871 1.696647 1.695978 1.694863 1.693305 1.691309 1.688877 1.686017 1.682733 1.679032 1.674923 1.670414 1.665514 1.660232 1.654578 1.648564 1.642201 1.635498 1.628469 1.621125 1.613478 1.605540 1.597323 1.588839 1.580100 1.571118 1.561905 1.552472 1.542831 1.532992 1.522968 1.512768 1.502402 1.491881 1.481215 1.470412 1.459482 1.448433 1.437275 1.426014 1.414659 1.403218 1.391696 1.380101 1.368440 1.356718 1.344941 1.333115 1.321246 1.309338 1.297395 1.285423 1.273426 1.261407 1.249371 1.237321 1.225261 1.213193 1.201121 1.189047 1.176975 1.164907 1.152844 1.140790 1.128747 1.116715 1.104698 1.092697 1.080713 1.068748 1.056803 1.044879 1.032979 
1.040363 1.052383 1.064429 1.076498 1.088591 1.100706 1.112841 1.124995 1.137166 1.149352 1.161552 1.173764 1.185985 1.198213 1.210445 1.222680 1.234914 1.247144 1.259368 1.271581 1.283780 1.295962 1.308122 1.320256 1.332360 1.344428 1.356457 1.368440 1.380372 1.392247 1.404058 1.415800 1.427466 1.439047 1.450538 1.461929 1.473212 1.484380 1.495423 1.506331 1.517095 1.527705 1.538151 1.548422 1.558507 1.568394 1.578072 1.587529 1.596754 1.605732 1.614453 1.622904 1.631071 1.638942 1.646504 1.653745 1.660653 1.667214 1.673417 1.679249 1.684701 1.689760 1.694417 1.698662 1.702485 1.705880 1.708837 1.711351 1.713415 1.715026 1.716179 1.716872 1.717103 1.716872 1.716179 1.715026 1.713415 1.711351 1.708837 1.705880 1.702485 1.698662 1.694417 1.689760 1.684701 1.679249 1.673417 1.667214 1.660653 1.653745 1.646504 1.638942 1.631071 1.622904 1.614453 1.605732 1.596754 1.587529 1.578072 1.568394 1.558507 1.548422 1.538151 1.527705 1.517095 1.506331 1.495423 1.484380 1.473212 1.461929 1.450538 1.439047 1.427466 1.415800 1.404058 1.392247 1.380372 1.368440 1.356457 1.344428 1.332360 1.320256 1.308122 1.295962 1.283780 1.271581 1.259368 1.247144 1.234914 1.222680 1.210445 1.198213 1.185985 1.173764 1.161552 1.149352 1.137166 1.124995 1.112841 1.100706 1.088591 1.076498 1.064429 1.052383 1.040363 
1.047653 1.059792 1.071960 1.084155 1.096376 1.108621 1.120890 1.133181 1.145492 1.157821 1.170168 1.182529 1.194904 1.207288 1.219681 1.232080 1.244482 1.256883 1.269281 1.281673 1.294055 1.306423 1.318773 1.331102 1.343404 1.355674 1.367909 1.380101 1.392247 1.404339 1.416372 1.428338 1.440232 1.452045 1.463770 1.475399 1.486924 1.498335 1.509624 1.520780 1.531795 1.542657 1.553356 1.563881 1.574220 1.584361 1.594293 1.604003 1.613478 1.622706 1.631673 1.640365 1.648771 1.656875 1.664666 1.672128 1.679249 1.686017 1.692417 1.698438 1.704067 1.709293 1.714105 1.718492 1.722445 1.725955 1.729014 1.731614 1.733751 1.735417 1.736611 1.737328 1.737567 1.737328 1.736611 1.735417 1.733751 1.731614 1.729014 1.725955 1.722445 1.718492 1.714105 1.709293 1.704067 1.698438 1.692417 1.686017 1.679249 1.672128 1.664666 1.656875 1.648771 1.640365 1.631673 1.622706 1.613478 1.604003 1.594293 1.584361 1.574220 1.563881 1.553356 1.542657 1.531795 1.520780 1.509624 1.498335 1.486924 1.475399 1.463770 1.452045 1.440232 1.428338 1.416372 1.404339 1.392247 1.380101 1.367909 1.355674 1.343404 1.331102 1.318773 1.306423 1.294055 1.281673 1.269281 1.256883 1.244482 1.232080 1.219681 1.207288 1.194904 1.182529 1.170168 1.157821 1.145492 1.133181 1.120890 1.108621 1.096376 1.084155 1.071960 1.059792 1.047653 
1.054845 1.067103 1.079393 1.091713 1.104062 1.116438 1.128841 1.141269 1.153720 1.166194 1.178687 1.191199 1.203728 1.216270 1.228824 1.241388 1.253958 1.266532 1.279107 1.291679 1.304245 1.316802 1.329345 1.341869 1.354372 1.366847 1.379290 1.391696 1.404058 1.416372 1.428629 1.440825 1.452951 1.465001 1.476966 1.488838 1.500609 1.512270 1.523811 1.535223 1.546495 1.557616 1.568575 1.579362 1.589963 1.600368 1.610562 1.620534 1.630269 1.639755 1.648977 1.657922 1.666576 1.674923 1.682951 1.690644 1.697990 1.704973 1.711580 1.717797 1.723613 1.729014 1.733988 1.738525 1.742615 1.746246 1.749412 1.752104 1.754315 1.756041 1.757277 1.758020 1.758268 1.758020 1.757277 1.756041 1.754315 1.752104 1.749412 1.746246 1.742615 1.738525 1.733988 1.729014 1.723613 1.717797 1.711580 1.704973 1.697990 1.690644 1.682951 1.674923 1.666576 1.657922 1.648977 1.639755 1.630269 1.620534 1.610562 1.600368 1.589963 1.579362 1.568575 1.557616 1.546495 1.535223 1.523811 1.512270 1.500609 1.488838 1.476966 1.465001 1.452951 1.440825 1.428629 1.416372 1.404058 1.391696 1.379290 1.366847 1.354372 1.341869 1.329345 1.316802 1.304245 1.291679 1.279107 1.266532 1.253958 1.241388 1.228824 1.216270 1.203728 1.191199 1.178687 1.166194 1.153720 1.141269 1.128841 1.116438 1.104062 1.091713 1.079393 1.067103 1.054845 
1.061935 1.074313 1.086725 1.099169 1.111646 1.124153 1.136690 1.149255 1.161847 1.174465 1.187106 1.199769 1.212452 1.225153 1.237869 1.250599 1.263339 1.276087 1.288839 1.301593 1.314345 1.327092 1.339829 1.352553 1.365258 1.377941 1.390596 1.403218 1.415800 1.428338 1.440825 1.453253 1.465617 1.477908 1.490118 1.502239 1.514262 1.526179 1.537979 1.549652 1.561188 1.572576 1.583804 1.594860 1.605732 1.616408 1.626874 1.637116 1.647122 1.656875 1.666363 1.675570 1.684482 1.693083 1.701358 1.709293 1.716872 1.724081 1.730904 1.737328 1.743339 1.748924 1.754069 1.758764 1.762996 1.766756 1.770034 1.772822 1.775113 1.776901 1.778182 1.778952 1.779208 1.778952 1.778182 1.776901 1.775113 1.772822 1.770034 1.766756 1.762996 1.758764 1.754069 1.748924 1.743339 1.737328 1.730904 1.724081 1.716872 1.709293 1.701358 1.693083 1.684482 1.675570 1.666363 1.656875 1.647122 1.637116 1.626874 1.616408 1.605732 1.594860 1.583804 1.572576 1.561188 1.549652 1.537979 1.526179 1.514262 1.502239 1.490118 1.477908 1.465617 1.453253 1.440825 1.428338 1.415800 1.403218 1.390596 1.377941 1.365258 1.352553 1.339829 1.327092 1.314345 1.301593 1.288839 1.276087 1.263339 1.250599 1.237869 1.225153 1.212452 1.199769 1.187106 1.174465 1.161847 1.149255 1.136690 1.124153 1.111646 1.099169 1.086725 1.074313 1.061935 
1.068921 1.081418 1.093951 1.106520 1.119124 1.131763 1.144434 1.157136 1.169869 1.182631 1.195420 1.208234 1.221072 1.233932 1.246811 1.259707 1.272618 1.285541 1.298472 1.311409 1.324349 1.337288 1.350222 1.363146 1.376057 1.388949 1.401819 1.414659 1.427466 1.440232 1.452951 1.465617 1.478222 1.490758 1.503219 1.515594 1.527875 1.540054 1.552119 1.564060 1.575868 1.587529 1.599034 1.610368 1.621520 1.632476 1.643223 1.653745 1.664030 1.674062 1.683825 1.693305 1.702485 1.711351 1.719884 1.728071 1.735895 1.743339 1.750389 1.757030 1.763246 1.769023 1.774348 1.779208 1.783591 1.787486 1.790883 1.793772 1.796147 1.798001 1.799329 1.800127 1.800393 1.800127 1.799329 1.798001 1.796147 1.793772 1.790883 1.787486 1.783591 1.779208 1.774348 1.769023 1.763246 1.757030 1.750389 1.743339 1.735895 1.728071 1.719884 1.711351 1.702485 1.693305 1.683825 1.674062 1.664030 1.653745 1.643223 1.632476 1.621520 1.610368 1.599034 1.587529 1.575868 1.564060 1.552119 1.540054 1.527875 1.515594 1.503219 1.490758 1.478222 1.465617 1.452951 1.440232 1.427466 1.414659 1.401819 1.388949 1.376057 1.363146 1.350222 1.337288 1.324349 1.311409 1.298472 1.285541 1.272618 1.259707 1.246811 1.233932 1.221072 1.208234 1.195420 1.182631 1.169869 1.157136 1.144434 1.131763 1.119124 1.106520 1.093951 1.081418 1.068921 
1.075798 1.088413 1.101068 1.113762 1.126493 1.139262 1.152067 1.164907 1.177780 1.190686 1.203623 1.216589 1.229583 1.242602 1.255644 1.268708 1.281790 1.294888 1.308000 1.321122 1.334251 1.347383 1.360515 1.373642 1.386760 1.399865 1.412952 1.426014 1.439047 1.452045 1.465001 1.477908 1.490758 1.503545 1.516261 1.528895 1.541441 1.553887 1.566224 1.578440 1.590526 1.602470 1.614258 1.625879 1.637319 1.648564 1.659601 1.670414 1.680988 1.691309 1.701358 1.711122 1.720582 1.729722 1.738525 1.746975 1.755054 1.762746 1.770034 1.776901 1.783333 1.789313 1.794827 1.799861 1.804402 1.808439 1.811961 1.814958 1.817421 1.819344 1.820722 1.821550 1.821826 1.821550 1.820722 1.819344 1.817421 1.814958 1.811961 1.808439 1.804402 1.799861 1.794827 1.789313 1.783333 1.776901 1.770034 1.762746 1.755054 1.746975 1.738525 1.729722 1.720582 1.711122 1.701358 1.691309 1.680988 1.670414 1.659601 1.648564 1.637319 1.625879 1.614258 1.602470 1.590526 1.578440 1.566224 1.553887 1.541441 1.528895 1.516261 1.503545 1.490758 1.477908 1.465001 1.452045 1.439047 1.426014 1.412952 1.399865 1.386760 1.373642 1.360515 1.347383 1.334251 1.321122 1.308000 1.294888 1.281790 1.268708 1.255644 1.242602 1.229583 1.216589 1.203623 1.190686 1.177780 1.164907 1.152067 1.139262 1.126493 1.113762 1.101068 1.088413 1.075798 
1.082564 1.095297 1.108072 1.120890 1.133748 1.146648 1.159586 1.172563 1.185577 1.198627 1.211712 1.224830 1.237979 1.251157 1.264364 1.277595 1.290850 1.304125 1.317417 1.330725 1.344044 1.357371 1.370702 1.384034 1.397362 1.410682 1.423988 1.437275 1.450538 1.463770 1.476966 1.490118 1.503219 1.516261 1.529236 1.542135 1.554950 1.567670 1.580285 1.592784 1.605155 1.617388 1.629469 1.641384 1.653121 1.664666 1.676002 1.687115 1.697990 1.708609 1.718956 1.729014 1.738765 1.748192 1.757277 1.766002 1.774348 1.782299 1.789835 1.796941 1.803598 1.809791 1.815504 1.820722 1.825430 1.829617 1.833271 1.836380 1.838937 1.840933 1.842364 1.843224 1.843511 1.843224 1.842364 1.840933 1.838937 1.836380 1.833271 1.829617 1.825430 1.820722 1.815504 1.809791 1.803598 1.796941 1.789835 1.782299 1.774348 1.766002 1.757277 1.748192 1.738765 1.729014 1.718956 1.708609 1.697990 1.687115 1.676002 1.664666 1.653121 1.641384 1.629469 1.617388 1.605155 1.592784 1.580285 1.567670 1.554950 1.542135 1.529236 1.516261 1.503219 1.490118 1.476966 1.463770 1.450538 1.437275 1.423988 1.410682 1.397362 1.384034 1.370702 1.357371 1.344044 1.330725 1.317417 1.304125 1.290850 1.277595 1.264364 1.251157 1.237979 1.224830 1.211712 1.198627 1.185577 1.172563 1.159586 1.146648 1.133748 1.120890 1.108072 1.095297 1.082564 
1.089215 1.102065 1.114960 1.127901 1.140886 1.153915 1.166987 1.180100 1.193255 1.206449 1.219681 1.232951 1.246256 1.259594 1.272964 1.286364 1.299791 1.313243 1.326717 1.340211 1.353722 1.367245 1.380778 1.394316 1.407855 1.421391 1.434919 1.448433 1.461929 1.475399 1.488838 1.502239 1.515594 1.528895 1.542135 1.555305 1.568394 1.581394 1.594293 1.607081 1.619746 1.632275 1.644656 1.656875 1.668919 1.680771 1.692417 1.703841 1.715026 1.725955 1.736611 1.746975 1.757030 1.766756 1.776134 1.785146 1.793772 1.801994 1.809791 1.817147 1.824042 1.830458 1.836380 1.841791 1.846676 1.851021 1.854814 1.858042 1.860698 1.862772 1.864258 1.865151 1.865449 1.865151 1.864258 1.862772 1.860698 1.858042 1.854814 1.851021 1.846676 1.841791 1.836380 1.830458 1.824042 1.817147 1.809791 1.801994 1.793772 1.785146 1.776134 1.766756 1.757030 1.746975 1.736611 1.725955 1.715026 1.703841 1.692417 1.680771 1.668919 1.656875 1.644656 1.632275 1.619746 1.607081 1.594293 1.581394 1.568394 1.555305 1.542135 1.528895 1.515594 1.502239 1.488838 1.475399 1.461929 1.448433 1.434919 1.421391 1.407855 1.394316 1.380778 1.367245 1.353722 1.340211 1.326717 1.313243 1.299791 1.286364 1.272964 1.259594 1.246256 1.232951 1.219681 1.206449 1.193255 1.180100 1.166987 1.153915 1.140886 1.127901 1.114960 1.102065 1.089215 
1.095746 1.108712 1.121728 1.134791 1.147902 1.161060 1.174265 1.187514 1.200809 1.214146 1.227526 1.240947 1.254407 1.267905 1.281439 1.295008 1.308608 1.322237 1.335894 1.349575 1.363278 1.376998 1.390733 1.404479 1.418232 1.431986 1.445738 1.459482 1.473212 1.486924 1.500609 1.514262 1.527875 1.541441 1.554950 1.568394 1.581764 1.595049 1.608239 1.621323 1.634288 1.647122 1.659811 1.672343 1.684701 1.696871 1.708837 1.720582 1.732088 1.743339 1.754315 1.764998 1.775368 1.785406 1.795090 1.804402 1.813321 1.821826 1.829898 1.837515 1.844660 1.851312 1.857454 1.863069 1.868139 1.872651 1.876591 1.879946 1.882706 1.884861 1.886406 1.887335 1.887645 1.887335 1.886406 1.884861 1.882706 1.879946 1.876591 1.872651 1.868139 1.863069 1.857454 1.851312 1.844660 1.837515 1.829898 1.821826 1.813321 1.804402 1.795090 1.785406 1.775368 1.764998 1.754315 1.743339 1.732088 1.720582 1.708837 1.696871 1.684701 1.672343 1.659811 1.647122 1.634288 1.621323 1.608239 1.595049 1.581764 1.568394 1.554950 1.541441 1.527875 1.514262 1.500609 1.486924 1.473212 1.459482 1.445738 1.431986 1.418232 1.404479 1.390733 1.376998 1.363278 1.349575 1.335894 1.322237 1.308608 1.295008 1.281439 1.267905 1.254407 1.240947 1.227526 1.214146 1.200809 1.187514 1.174265 1.161060 1.147902 1.134791 1.121728 1.108712 1.095746 
1.102155 1.115237 1.128371 1.141556 1.154792 1.168079 1.181415 1.194800 1.208234 1.221715 1.235242 1.248814 1.262429 1.276087 1.289784 1.303521 1.317294 1.331102 1.344941 1.358810 1.372705 1.386624 1.400562 1.414517 1.428484 1.442458 1.456436 1.470412 1.484380 1.498335 1.512270 1.526179 1.540054 1.553887 1.567670 1.581394 1.595049 1.608626 1.622113 1.635498 1.648771 1.661917 1.674923 1.687775 1.700458 1.712956 1.725251 1.737328 1.749168 1.760752 1.772060 1.783074 1.793772 1.804134 1.814139 1.823764 1.832989 1.841791 1.850149 1.858042 1.865449 1.872349 1.878724 1.884553 1.889820 1.894508 1.898603 1.902091 1.904961 1.907204 1.908811 1.909777 1.910100 1.909777 1.908811 1.907204 1.904961 1.902091 1.898603 1.894508 1.889820 1.884553 1.878724 1.872349 1.865449 1.858042 1.850149 1.841791 1.832989 1.823764 1.814139 1.804134 1.793772 1.783074 1.772060 1.760752 1.749168 1.737328 1.725251 1.712956 1.700458 1.687775 1.674923 1.661917 1.648771 1.635498 1.622113 1.608626 1.595049 1.581394 1.567670 1.553887 1.540054 1.526179 1.512270 1.498335 1.484380 1.470412 1.456436 1.442458 1.428484 1.414517 1.400562 1.386624 1.372705 1.358810 1.344941 1.331102 1.317294 1.303521 1.289784 1.276087 1.262429 1.248814 1.235242 1.221715 1.208234 1.194800 1.181415 1.168079 1.154792 1.141556 1.128371 1.115237 1.102155 
