143 143
3.895866e+01 0 5
0.150713 0.157965 0.165201 0.172420 0.179620 0.186799 0.193958 0.201093 0.208203 0.215287 0.222343 0.229369 0.236363 0.243324 0.250248 0.257135 0.263982 0.270787 0.277548 0.284262 0.290927 0.297541 0.304100 0.310603 0.317047 0.323428 0.329744 0.335993 0.342171 0.348276 0.354303 0.360250 0.366115 0.371892 0.377580 0.383175 0.388673 0.394071 0.399366 0.404553 0.409630 0.414593 0.419437 0.424161 0.428759 0.433228 0.437566 0.441767 0.445829 0.449749 0.453522 0.457145 0.460615 0.463930 0.467084 0.470077 0.472904 0.475562 0.478050 0.480365 0.482503 0.484464 0.486244 0.487842 0.489257 0.490486 0.491528 0.492382 0.493048 0.493523 0.493809 0.493904 0.493809 0.493523 0.493048 0.492382 0.491528 0.490486 0.489257 0.487842 0.486244 0.484464 0.482503 0.480365 0.478050 0.475562 0.472904 0.470077 0.467084 0.463930 0.460615 0.457145 0.453522 0.449749 0.445829 0.441767 0.437566 0.433228 0.428759 0.424161 0.419437 0.414593 0.409630 0.404553 0.399366 0.394071 0.388673 0.383175 0.377580 0.371892 0.366115 0.360250 0.354303 0.348276 0.342171 0.335993 0.329744 0.323428 0.317047 0.310603 0.304100 0.297541 0.290927 0.284262 0.277548 0.270787 0.263982 0.257135 0.250248 0.243324 0.236363 0.229369 0.222343 0.215287 0.208203 0.201093 0.193958 0.186799 0.179620 0.172420 0.165201 0.157965 0.150713 
0.157551 0.164887 0.172207 0.179512 0.186799 0.194068 0.201316 0.208542 0.215744 0.222921 0.230071 0.237192 0.244282 0.251340 0.258363 0.265349 0.272297 0.279203 0.286066 0.292883 0.299652 0.306371 0.313036 0.319645 0.326196 0.332684 0.339109 0.345466 0.351753 0.357966 0.364103 0.370160 0.376134 0.382021 0.387818 0.393521 0.399128 0.404633 0.410035 0.415329 0.420511 0.425578 0.430525 0.435350 0.440048 0.444616 0.449050 0.453346 0.457500 0.461509 0.465369 0.469077 0.472629 0.476022 0.479252 0.482317 0.485213 0.487936 0.490486 0.492857 0.495049 0.497059 0.498884 0.500522 0.501973 0.503233 0.504302 0.505178 0.505860 0.506348 0.506641 0.506739 0.506641 0.506348 0.505860 0.505178 0.504302 0.503233 0.501973 0.500522 0.498884 0.497059 0.495049 0.492857 0.490486 0.487936 0.485213 0.482317 0.479252 0.476022 0.472629 0.469077 0.465369 0.461509 0.457500 0.453346 0.449050 0.444616 0.440048 0.435350 0.430525 0.425578 0.420511 0.415329 0.410035 0.404633 0.399128 0.393521 0.387818 0.382021 0.376134 0.370160 0.364103 0.357966 0.351753 0.345466 0.339109 0.332684 0.326196 0.319645 0.313036 0.306371 0.299652 0.292883 0.286066 0.279203 0.272297 0.265349 0.258363 0.251340 0.244282 0.237192 0.230071 0.222921 0.215744 0.208542 0.201316 0.194068 0.186799 0.179512 0.172207 0.164887 0.157551 
0.164363 0.171784 0.179190 0.186582 0.193958 0.201316 0.208654 0.215972 0.223268 0.230539 0.237784 0.245002 0.252190 0.259347 0.266470 0.273558 0.280607 0.287617 0.294584 0.301507 0.308382 0.315208 0.321981 0.328698 0.335358 0.341957 0.348492 0.354961 0.361359 0.367684 0.373933 0.380102 0.386188 0.392187 0.398097 0.403912 0.409630 0.415247 0.420759 0.426162 0.431453 0.436627 0.441681 0.446611 0.451413 0.456082 0.460615 0.465009 0.469259 0.473361 0.477312 0.481108 0.484744 0.488219 0.491528 0.494667 0.497634 0.500426 0.503039 0.505470 0.507717 0.509778 0.511650 0.513331 0.514818 0.516111 0.517207 0.518106 0.518807 0.519307 0.519608 0.519708 0.519608 0.519307 0.518807 0.518106 0.517207 0.516111 0.514818 0.513331 0.511650 0.509778 0.507717 0.505470 0.503039 0.500426 0.497634 0.494667 0.491528 0.488219 0.484744 0.481108 0.477312 0.473361 0.469259 0.465009 0.460615 0.456082 0.451413 0.446611 0.441681 0.436627 0.431453 0.426162 0.420759 0.415247 0.409630 0.403912 0.398097 0.392187 0.386188 0.380102 0.373933 0.367684 0.361359 0.354961 0.348492 0.341957 0.335358 0.328698 0.321981 0.315208 0.308382 0.301507 0.294584 0.287617 0.280607 0.273558 0.266470 0.259347 0.252190 0.245002 0.237784 0.230539 0.223268 0.215972 0.208654 0.201316 0.193958 0.186582 0.179190 0.171784 0.164363 
0.171149 0.178654 0.186148 0.193628 0.201093 0.208542 0.215972 0.223383 0.230773 0.238140 0.245482 0.252798 0.260086 0.267343 0.274568 0.281759 0.288913 0.296028 0.303101 0.310131 0.317115 0.324049 0.330933 0.337761 0.344533 0.351245 0.357893 0.364475 0.370988 0.377428 0.383792 0.390076 0.396278 0.402392 0.408417 0.414348 0.420180 0.425912 0.431537 0.437054 0.442456 0.447742 0.452906 0.457944 0.462852 0.467627 0.472264 0.476759 0.481108 0.485306 0.489351 0.493238 0.496963 0.500522 0.503913 0.507130 0.510172 0.513034 0.515713 0.518206 0.520511 0.522625 0.524546 0.526270 0.527797 0.529124 0.530249 0.531172 0.531891 0.532405 0.532713 0.532816 0.532713 0.532405 0.531891 0.531172 0.530249 0.529124 0.527797 0.526270 0.524546 0.522625 0.520511 0.518206 0.515713 0.513034 0.510172 0.507130 0.503913 0.500522 0.496963 0.493238 0.489351 0.485306 0.481108 0.476759 0.472264 0.467627 0.462852 0.457944 0.452906 0.447742 0.442456 0.437054 0.431537 0.425912 0.420180 0.414348 0.408417 0.402392 0.396278 0.390076 0.383792 0.377428 0.370988 0.364475 0.357893 0.351245 0.344533 0.337761 0.330933 0.324049 0.317115 0.310131 0.303101 0.296028 0.288913 0.281759 0.274568 0.267343 0.260086 0.252798 0.245482 0.238140 0.230773 0.223383 0.215972 0.208542 0.201093 0.193628 0.186148 0.178654 0.171149 
0.177905 0.185497 0.193079 0.200648 0.208203 0.215744 0.223268 0.230773 0.238259 0.245723 0.253164 0.260579 0.267968 0.275328 0.282656 0.289952 0.297211 0.304434 0.311615 0.318755 0.325849 0.332895 0.339891 0.346833 0.353719 0.360546 0.367310 0.374009 0.380639 0.387196 0.393678 0.400081 0.406401 0.412635 0.418778 0.424827 0.430778 0.436627 0.442370 0.448003 0.453522 0.458922 0.464199 0.469350 0.474369 0.479252 0.483996 0.488596 0.493048 0.497346 0.501489 0.505470 0.509287 0.512935 0.516410 0.519708 0.522827 0.525762 0.528511 0.531069 0.533435 0.535604 0.537575 0.539345 0.540913 0.542275 0.543431 0.544378 0.545116 0.545644 0.545961 0.546067 0.545961 0.545644 0.545116 0.544378 0.543431 0.542275 0.540913 0.539345 0.537575 0.535604 0.533435 0.531069 0.528511 0.525762 0.522827 0.519708 0.516410 0.512935 0.509287 0.505470 0.501489 0.497346 0.493048 0.488596 0.483996 0.479252 0.474369 0.469350 0.464199 0.458922 0.453522 0.448003 0.442370 0.436627 0.430778 0.424827 0.418778 0.412635 0.406401 0.400081 0.393678 0.387196 0.380639 0.374009 0.367310 0.360546 0.353719 0.346833 0.339891 0.332895 0.325849 0.318755 0.311615 0.304434 0.297211 0.289952 0.282656 0.275328 0.267968 0.260579 0.253164 0.245723 0.238259 0.230773 0.223268 0.215744 0.208203 0.200648 0.193079 0.185497 0.177905 
0.184631 0.192311 0.199981 0.207640 0.215287 0.222921 0.230539 0.238140 0.245723 0.253286 0.260826 0.268343 0.275834 0.283298 0.290732 0.298134 0.305502 0.312833 0.320125 0.327376 0.334583 0.341743 0.348854 0.355912 0.362915 0.369859 0.376742 0.383560 0.390310 0.396989 0.403592 0.410116 0.416558 0.422914 0.429179 0.435350 0.441423 0.447394 0.453258 0.459011 0.464649 0.470168 0.475562 0.480829 0.485963 0.490959 0.495814 0.500522 0.505080 0.509483 0.513727 0.517807 0.521718 0.525458 0.529021 0.532405 0.535604 0.538616 0.541436 0.544062 0.546490 0.548718 0.550742 0.552560 0.554170 0.555569 0.556756 0.557729 0.558488 0.559030 0.559356 0.559465 0.559356 0.559030 0.558488 0.557729 0.556756 0.555569 0.554170 0.552560 0.550742 0.548718 0.546490 0.544062 0.541436 0.538616 0.535604 0.532405 0.529021 0.525458 0.521718 0.517807 0.513727 0.509483 0.505080 0.500522 0.495814 0.490959 0.485963 0.480829 0.475562 0.470168 0.464649 0.459011 0.453258 0.447394 0.441423 0.435350 0.429179 0.422914 0.416558 0.410116 0.403592 0.396989 0.390310 0.383560 0.376742 0.369859 0.362915 0.355912 0.348854 0.341743 0.334583 0.327376 0.320125 0.312833 0.305502 0.298134 0.290732 0.283298 0.275834 0.268343 0.260826 0.253286 0.245723 0.238140 0.230539 0.222921 0.215287 0.207640 0.199981 0.192311 0.184631 
0.191325 0.199093 0.206853 0.214604 0.222343 0.230071 0.237784 0.245482 0.253164 0.260826 0.268468 0.276088 0.283684 0.291253 0.298794 0.306304 0.313781 0.321224 0.328629 0.335993 0.343315 0.350591 0.357819 0.364996 0.372119 0.379184 0.386188 0.393129 0.400002 0.406804 0.413531 0.420180 0.426747 0.433228 0.439619 0.445916 0.452115 0.458210 0.464199 0.470077 0.475838 0.481479 0.486996 0.492382 0.497634 0.502748 0.507717 0.512539 0.517207 0.521718 0.526067 0.530249 0.534260 0.538095 0.541751 0.545222 0.548505 0.551596 0.554492 0.557188 0.559682 0.561970 0.564050 0.565917 0.567572 0.569010 0.570230 0.571230 0.572010 0.572568 0.572903 0.573014 0.572903 0.572568 0.572010 0.571230 0.570230 0.569010 0.567572 0.565917 0.564050 0.561970 0.559682 0.557188 0.554492 0.551596 0.548505 0.545222 0.541751 0.538095 0.534260 0.530249 0.526067 0.521718 0.517207 0.512539 0.507717 0.502748 0.497634 0.492382 0.486996 0.481479 0.475838 0.470077 0.464199 0.458210 0.452115 0.445916 0.439619 0.433228 0.426747 0.420180 0.413531 0.406804 0.400002 0.393129 0.386188 0.379184 0.372119 0.364996 0.357819 0.350591 0.343315 0.335993 0.328629 0.321224 0.313781 0.306304 0.298794 0.291253 0.283684 0.276088 0.268468 0.260826 0.253164 0.245482 0.237784 0.230071 0.222343 0.214604 0.206853 0.199093 0.191325 
0.197985 0.205842 0.213693 0.221536 0.229369 0.237192 0.245002 0.252798 0.260579 0.268343 0.276088 0.283812 0.291513 0.299190 0.306840 0.314460 0.322049 0.329605 0.337124 0.344605 0.352044 0.359439 0.366787 0.374084 0.381329 0.388517 0.395646 0.402712 0.409711 0.416640 0.423495 0.430273 0.436968 0.443578 0.450099 0.456525 0.462852 0.469077 0.475195 0.481200 0.487090 0.492857 0.498499 0.504010 0.509385 0.514620 0.519708 0.524647 0.529430 0.534053 0.538512 0.542800 0.546914 0.550849 0.554600 0.558163 0.561534 0.564708 0.567682 0.570452 0.573014 0.575366 0.577503 0.579423 0.581123 0.582602 0.583857 0.584885 0.585687 0.586261 0.586605 0.586720 0.586605 0.586261 0.585687 0.584885 0.583857 0.582602 0.581123 0.579423 0.577503 0.575366 0.573014 0.570452 0.567682 0.564708 0.561534 0.558163 0.554600 0.550849 0.546914 0.542800 0.538512 0.534053 0.529430 0.524647 0.519708 0.514620 0.509385 0.504010 0.498499 0.492857 0.487090 0.481200 0.475195 0.469077 0.462852 0.456525 0.450099 0.443578 0.436968 0.430273 0.423495 0.416640 0.409711 0.402712 0.395646 0.388517 0.381329 0.374084 0.366787 0.359439 0.352044 0.344605 0.337124 0.329605 0.322049 0.314460 0.306840 0.299190 0.291513 0.283812 0.276088 0.268343 0.260579 0.252798 0.245002 0.237192 0.229369 0.221536 0.213693 0.205842 0.197985 
0.204609 0.212557 0.220499 0.228435 0.236363 0.244282 0.252190 0.260086 0.267968 0.275834 0.283684 0.291513 0.299322 0.307107 0.314868 0.322600 0.330303 0.337974 0.345610 0.353209 0.360767 0.368283 0.375754 0.383175 0.390545 0.397859 0.405115 0.412309 0.419437 0.426497 0.433483 0.440392 0.447220 0.453962 0.460615 0.467175 0.473636 0.479994 0.486244 0.492382 0.498403 0.504302 0.510073 0.515713 0.521215 0.526575 0.531788 0.536848 0.541751 0.546490 0.551062 0.555461 0.559682 0.563721 0.567572 0.571230 0.574693 0.577954 0.581010 0.583857 0.586490 0.588908 0.591105 0.593080 0.594829 0.596350 0.597641 0.598700 0.599525 0.600115 0.600469 0.600587 0.600469 0.600115 0.599525 0.598700 0.597641 0.596350 0.594829 0.593080 0.591105 0.588908 0.586490 0.583857 0.581010 0.577954 0.574693 0.571230 0.567572 0.563721 0.559682 0.555461 0.551062 0.546490 0.541751 0.536848 0.531788 0.526575 0.521215 0.515713 0.510073 0.504302 0.498403 0.492382 0.486244 0.479994 0.473636 0.467175 0.460615 0.453962 0.447220 0.440392 0.433483 0.426497 0.419437 0.412309 0.405115 0.397859 0.390545 0.383175 0.375754 0.368283 0.360767 0.353209 0.345610 0.337974 0.330303 0.322600 0.314868 0.307107 0.299322 0.291513 0.283684 0.275834 0.267968 0.260086 0.252190 0.244282 0.236363 0.228435 0.220499 0.212557 0.204609 
0.211197 0.219235 0.227270 0.235300 0.243324 0.251340 0.259347 0.267343 0.275328 0.283298 0.291253 0.299190 0.307107 0.315004 0.322876 0.330723 0.338541 0.346329 0.354084 0.361803 0.369484 0.377123 0.384718 0.392266 0.399763 0.407206 0.414593 0.421918 0.429179 0.436372 0.443492 0.450536 0.457500 0.464379 0.471169 0.477866 0.484464 0.490959 0.497346 0.503621 0.509778 0.515812 0.521718 0.527491 0.533125 0.538616 0.543957 0.549143 0.554170 0.559030 0.563721 0.568235 0.572568 0.576714 0.580669 0.584428 0.587985 0.591337 0.594479 0.597406 0.600115 0.602601 0.604862 0.606894 0.608694 0.610259 0.611588 0.612678 0.613527 0.614135 0.614500 0.614621 0.614500 0.614135 0.613527 0.612678 0.611588 0.610259 0.608694 0.606894 0.604862 0.602601 0.600115 0.597406 0.594479 0.591337 0.587985 0.584428 0.580669 0.576714 0.572568 0.568235 0.563721 0.559030 0.554170 0.549143 0.543957 0.538616 0.533125 0.527491 0.521718 0.515812 0.509778 0.503621 0.497346 0.490959 0.484464 0.477866 0.471169 0.464379 0.457500 0.450536 0.443492 0.436372 0.429179 0.421918 0.414593 0.407206 0.399763 0.392266 0.384718 0.377123 0.369484 0.361803 0.354084 0.346329 0.338541 0.330723 0.322876 0.315004 0.307107 0.299190 0.291253 0.283298 0.275328 0.267343 0.259347 0.251340 0.243324 0.235300 0.227270 0.219235 0.211197 
0.217744 0.225875 0.234003 0.242128 0.250248 0.258363 0.266470 0.274568 0.282656 0.290732 0.298794 0.306840 0.314868 0.322876 0.330863 0.338825 0.346761 0.354668 0.362544 0.370386 0.378190 0.385956 0.393678 0.401355 0.408983 0.416558 0.424077 0.431537 0.438934 0.446263 0.453522 0.460705 0.467808 0.474828 0.481758 0.488596 0.495336 0.501973 0.508502 0.514917 0.521215 0.527389 0.533435 0.539345 0.545116 0.550742 0.556216 0.561534 0.566689 0.571676 0.576489 0.581123 0.585573 0.589832 0.593896 0.597758 0.601416 0.604862 0.608093 0.611104 0.613892 0.616450 0.618778 0.620869 0.622723 0.624335 0.625703 0.626825 0.627700 0.628326 0.628702 0.628827 0.628702 0.628326 0.627700 0.626825 0.625703 0.624335 0.622723 0.620869 0.618778 0.616450 0.613892 0.611104 0.608093 0.604862 0.601416 0.597758 0.593896 0.589832 0.585573 0.581123 0.576489 0.571676 0.566689 0.561534 0.556216 0.550742 0.545116 0.539345 0.533435 0.527389 0.521215 0.514917 0.508502 0.501973 0.495336 0.488596 0.481758 0.474828 0.467808 0.460705 0.453522 0.446263 0.438934 0.431537 0.424077 0.416558 0.408983 0.401355 0.393678 0.385956 0.378190 0.370386 0.362544 0.354668 0.346761 0.338825 0.330863 0.322876 0.314868 0.306840 0.298794 0.290732 0.282656 0.274568 0.266470 0.258363 0.250248 0.242128 0.234003 0.225875 0.217744 
0.224251 0.232474 0.240696 0.248917 0.257135 0.265349 0.273558 0.281759 0.289952 0.298134 0.306304 0.314460 0.322600 0.330723 0.338825 0.346905 0.354961 0.362989 0.370988 0.378954 0.386886 0.394779 0.402632 0.410440 0.418201 0.425912 0.433567 0.441165 0.448701 0.456171 0.463570 0.470896 0.478143 0.485306 0.492382 0.499365 0.506251 0.513034 0.519708 0.526270 0.532713 0.539033 0.545222 0.551276 0.557188 0.562954 0.568567 0.574021 0.579310 0.584428 0.589370 0.594129 0.598700 0.603076 0.607253 0.611225 0.614987 0.618532 0.621857 0.624956 0.627825 0.630460 0.632857 0.635011 0.636920 0.638581 0.639991 0.641148 0.642050 0.642695 0.643082 0.643211 0.643082 0.642695 0.642050 0.641148 0.639991 0.638581 0.636920 0.635011 0.632857 0.630460 0.627825 0.624956 0.621857 0.618532 0.614987 0.611225 0.607253 0.603076 0.598700 0.594129 0.589370 0.584428 0.579310 0.574021 0.568567 0.562954 0.557188 0.551276 0.545222 0.539033 0.532713 0.526270 0.519708 0.513034 0.506251 0.499365 0.492382 0.485306 0.478143 0.470896 0.463570 0.456171 0.448701 0.441165 0.433567 0.425912 0.418201 0.410440 0.402632 0.394779 0.386886 0.378954 0.370988 0.362989 0.354961 0.346905 0.338825 0.330723 0.322600 0.314460 0.306304 0.298134 0.289952 0.281759 0.273558 0.265349 0.257135 0.248917 0.240696 0.232474 0.224251 
0.230714 0.239030 0.247348 0.255666 0.263982 0.272297 0.280607 0.288913 0.297211 0.305502 0.313781 0.322049 0.330303 0.338541 0.346761 0.354961 0.363137 0.371289 0.379413 0.387507 0.395567 0.403592 0.411577 0.419520 0.427417 0.435265 0.443060 0.450799 0.458477 0.466091 0.473636 0.481108 0.488502 0.495814 0.503039 0.510172 0.517207 0.524141 0.530967 0.537679 0.544273 0.550742 0.557080 0.563282 0.569342 0.575253 0.581010 0.586605 0.592034 0.597289 0.602364 0.607253 0.611951 0.616450 0.620746 0.624832 0.628702 0.632351 0.635774 0.638965 0.641921 0.644635 0.647105 0.649325 0.651293 0.653005 0.654459 0.655651 0.656581 0.657246 0.657646 0.657779 0.657646 0.657246 0.656581 0.655651 0.654459 0.653005 0.651293 0.649325 0.647105 0.644635 0.641921 0.638965 0.635774 0.632351 0.628702 0.624832 0.620746 0.616450 0.611951 0.607253 0.602364 0.597289 0.592034 0.586605 0.581010 0.575253 0.569342 0.563282 0.557080 0.550742 0.544273 0.537679 0.530967 0.524141 0.517207 0.510172 0.503039 0.495814 0.488502 0.481108 0.473636 0.466091 0.458477 0.450799 0.443060 0.435265 0.427417 0.419520 0.411577 0.403592 0.395567 0.387507 0.379413 0.371289 0.363137 0.354961 0.346761 0.338541 0.330303 0.322049 0.313781 0.305502 0.297211 0.288913 0.280607 0.272297 0.263982 0.255666 0.247348 0.239030 0.230714 
0.237133 0.245543 0.253956 0.262371 0.270787 0.279203 0.287617 0.296028 0.304434 0.312833 0.321224 0.329605 0.337974 0.346329 0.354668 0.362989 0.371289 0.379566 0.387818 0.396041 0.404233 0.412390 0.420511 0.428591 0.436627 0.444616 0.452554 0.460437 0.468261 0.476022 0.483716 0.491338 0.498884 0.506348 0.513727 0.521014 0.528205 0.535294 0.542275 0.549143 0.555892 0.562517 0.569010 0.575366 0.581578 0.587640 0.593546 0.599289 0.604862 0.610259 0.615474 0.620500 0.625329 0.629957 0.634377 0.638581 0.642566 0.646323 0.649849 0.653137 0.656183 0.658980 0.661526 0.663816 0.665846 0.667612 0.669111 0.670342 0.671301 0.671988 0.672400 0.672538 0.672400 0.671988 0.671301 0.670342 0.669111 0.667612 0.665846 0.663816 0.661526 0.658980 0.656183 0.653137 0.649849 0.646323 0.642566 0.638581 0.634377 0.629957 0.625329 0.620500 0.615474 0.610259 0.604862 0.599289 0.593546 0.587640 0.581578 0.575366 0.569010 0.562517 0.555892 0.549143 0.542275 0.535294 0.528205 0.521014 0.513727 0.506348 0.498884 0.491338 0.483716 0.476022 0.468261 0.460437 0.452554 0.444616 0.436627 0.428591 0.420511 0.412390 0.404233 0.396041 0.387818 0.379566 0.371289 0.362989 0.354668 0.346329 0.337974 0.329605 0.321224 0.312833 0.304434 0.296028 0.287617 0.279203 0.270787 0.262371 0.253956 0.245543 0.237133 
0.243503 0.252008 0.260518 0.269032 0.277548 0.286066 0.294584 0.303101 0.311615 0.320125 0.328629 0.337124 0.345610 0.354084 0.362544 0.370988 0.379413 0.387818 0.396199 0.404553 0.412879 0.421173 0.429431 0.437651 0.445829 0.453962 0.462046 0.470077 0.478050 0.485963 0.493809 0.501585 0.509287 0.516908 0.524445 0.531891 0.539241 0.546490 0.553632 0.560661 0.567572 0.574356 0.581010 0.587525 0.593896 0.600115 0.606176 0.612072 0.617796 0.623342 0.628702 0.633869 0.638837 0.643599 0.648148 0.652478 0.656581 0.660453 0.664086 0.667476 0.670616 0.673502 0.676128 0.678490 0.680585 0.682408 0.683956 0.685226 0.686217 0.686925 0.687351 0.687493 0.687351 0.686925 0.686217 0.685226 0.683956 0.682408 0.680585 0.678490 0.676128 0.673502 0.670616 0.667476 0.664086 0.660453 0.656581 0.652478 0.648148 0.643599 0.638837 0.633869 0.628702 0.623342 0.617796 0.612072 0.606176 0.600115 0.593896 0.587525 0.581010 0.574356 0.567572 0.560661 0.553632 0.546490 0.539241 0.531891 0.524445 0.516908 0.509287 0.501585 0.493809 0.485963 0.478050 0.470077 0.462046 0.453962 0.445829 0.437651 0.429431 0.421173 0.412879 0.404553 0.396199 0.387818 0.379413 0.370988 0.362544 0.354084 0.345610 0.337124 0.328629 0.320125 0.311615 0.303101 0.294584 0.286066 0.277548 0.269032 0.260518 0.252008 0.243503 
0.249825 0.258424 0.267031 0.275644 0.284262 0.292883 0.301507 0.310131 0.318755 0.327376 0.335993 0.344605 0.353209 0.361803 0.370386 0.378954 0.387507 0.396041 0.404553 0.413042 0.421504 0.429936 0.438335 0.446698 0.455021 0.463301 0.471534 0.479716 0.487842 0.495909 0.503913 0.511847 0.519708 0.527491 0.535190 0.542800 0.550315 0.557729 0.565038 0.572233 0.579310 0.586261 0.593080 0.599761 0.606295 0.612678 0.618900 0.624956 0.630838 0.636538 0.642050 0.647365 0.652478 0.657380 0.662064 0.666524 0.670753 0.674744 0.678490 0.681986 0.685226 0.688204 0.690915 0.693354 0.695516 0.697399 0.698998 0.700310 0.701334 0.702066 0.702506 0.702653 0.702506 0.702066 0.701334 0.700310 0.698998 0.697399 0.695516 0.693354 0.690915 0.688204 0.685226 0.681986 0.678490 0.674744 0.670753 0.666524 0.662064 0.657380 0.652478 0.647365 0.642050 0.636538 0.630838 0.624956 0.618900 0.612678 0.606295 0.599761 0.593080 0.586261 0.579310 0.572233 0.565038 0.557729 0.550315 0.542800 0.535190 0.527491 0.519708 0.511847 0.503913 0.495909 0.487842 0.479716 0.471534 0.463301 0.455021 0.446698 0.438335 0.429936 0.421504 0.413042 0.404553 0.396041 0.387507 0.378954 0.370386 0.361803 0.353209 0.344605 0.335993 0.327376 0.318755 0.310131 0.301507 0.292883 0.284262 0.275644 0.267031 0.258424 0.249825 
0.256094 0.264790 0.273495 0.282207 0.290927 0.299652 0.308382 0.317115 0.325849 0.334583 0.343315 0.352044 0.360767 0.369484 0.378190 0.386886 0.395567 0.404233 0.412879 0.421504 0.430104 0.438677 0.447220 0.455728 0.464199 0.472629 0.481015 0.489351 0.497634 0.505860 0.514024 0.522121 0.530147 0.538095 0.545961 0.553740 0.561424 0.569010 0.576489 0.583857 0.591105 0.598229 0.605220 0.612072 0.618778 0.625329 0.631720 0.637942 0.643987 0.649849 0.655519 0.660989 0.666253 0.671301 0.676128 0.680725 0.685085 0.689201 0.693066 0.696674 0.700018 0.703093 0.705893 0.708413 0.710647 0.712593 0.714246 0.715602 0.716660 0.717418 0.717872 0.718024 0.717872 0.717418 0.716660 0.715602 0.714246 0.712593 0.710647 0.708413 0.705893 0.703093 0.700018 0.696674 0.693066 0.689201 0.685085 0.680725 0.676128 0.671301 0.666253 0.660989 0.655519 0.649849 0.643987 0.637942 0.631720 0.625329 0.618778 0.612072 0.605220 0.598229 0.591105 0.583857 0.576489 0.569010 0.561424 0.553740 0.545961 0.538095 0.530147 0.522121 0.514024 0.505860 0.497634 0.489351 0.481015 0.472629 0.464199 0.455728 0.447220 0.438677 0.430104 0.421504 0.412879 0.404233 0.395567 0.386886 0.378190 0.369484 0.360767 0.352044 0.343315 0.334583 0.325849 0.317115 0.308382 0.299652 0.290927 0.282207 0.273495 0.264790 0.256094 
0.262309 0.271102 0.279905 0.288718 0.297541 0.306371 0.315208 0.324049 0.332895 0.341743 0.350591 0.359439 0.368283 0.377123 0.385956 0.394779 0.403592 0.412390 0.421173 0.429936 0.438677 0.447394 0.456082 0.464739 0.473361 0.481945 0.490486 0.498980 0.507424 0.515812 0.524141 0.532405 0.540599 0.548718 0.556756 0.564708 0.572568 0.580329 0.587985 0.595531 0.602958 0.610259 0.617429 0.624459 0.631342 0.638070 0.644635 0.651030 0.657246 0.663276 0.669111 0.674744 0.680165 0.685367 0.690343 0.695083 0.699581 0.703829 0.707819 0.711544 0.714999 0.718176 0.721070 0.723674 0.725985 0.727997 0.729706 0.731110 0.732204 0.732987 0.733458 0.733615 0.733458 0.732987 0.732204 0.731110 0.729706 0.727997 0.725985 0.723674 0.721070 0.718176 0.714999 0.711544 0.707819 0.703829 0.699581 0.695083 0.690343 0.685367 0.680165 0.674744 0.669111 0.663276 0.657246 0.651030 0.644635 0.638070 0.631342 0.624459 0.617429 0.610259 0.602958 0.595531 0.587985 0.580329 0.572568 0.564708 0.556756 0.548718 0.540599 0.532405 0.524141 0.515812 0.507424 0.498980 0.490486 0.481945 0.473361 0.464739 0.456082 0.447394 0.438677 0.429936 0.421173 0.412390 0.403592 0.394779 0.385956 0.377123 0.368283 0.359439 0.350591 0.341743 0.332895 0.324049 0.315208 0.306371 0.297541 0.288718 0.279905 0.271102 0.262309 
0.268468 0.277357 0.286260 0.295174 0.304100 0.313036 0.321981 0.330933 0.339891 0.348854 0.357819 0.366787 0.375754 0.384718 0.393678 0.402632 0.411577 0.420511 0.429431 0.438335 0.447220 0.456082 0.464919 0.473727 0.482503 0.491243 0.499943 0.508600 0.517207 0.525762 0.534260 0.542695 0.551062 0.559356 0.567572 0.575702 0.583742 0.591685 0.599525 0.607253 0.614865 0.622351 0.629706 0.636920 0.643987 0.650899 0.657646 0.664221 0.670616 0.676821 0.682829 0.688631 0.694218 0.699581 0.704712 0.709603 0.714246 0.718632 0.722753 0.726603 0.730173 0.733458 0.736451 0.739145 0.741536 0.743618 0.745387 0.746840 0.747973 0.748784 0.749271 0.749434 0.749271 0.748784 0.747973 0.746840 0.745387 0.743618 0.741536 0.739145 0.736451 0.733458 0.730173 0.726603 0.722753 0.718632 0.714246 0.709603 0.704712 0.699581 0.694218 0.688631 0.682829 0.676821 0.670616 0.664221 0.657646 0.650899 0.643987 0.636920 0.629706 0.622351 0.614865 0.607253 0.599525 0.591685 0.583742 0.575702 0.567572 0.559356 0.551062 0.542695 0.534260 0.525762 0.517207 0.508600 0.499943 0.491243 0.482503 0.473727 0.464919 0.456082 0.447220 0.438335 0.429431 0.420511 0.411577 0.402632 0.393678 0.384718 0.375754 0.366787 0.357819 0.348854 0.339891 0.330933 0.321981 0.313036 0.304100 0.295174 0.286260 0.277357 0.268468 
0.274568 0.283555 0.292557 0.301573 0.310603 0.319645 0.328698 0.337761 0.346833 0.355912 0.364996 0.374084 0.383175 0.392266 0.401355 0.410440 0.419520 0.428591 0.437651 0.446698 0.455728 0.464739 0.473727 0.482690 0.491623 0.500522 0.509385 0.518206 0.526982 0.535708 0.544378 0.552989 0.561534 0.570008 0.578405 0.586720 0.594946 0.603076 0.611104 0.619023 0.626825 0.634503 0.642050 0.649456 0.656714 0.663816 0.670753 0.677516 0.684097 0.690486 0.696674 0.702653 0.708413 0.713945 0.719240 0.724289 0.729084 0.733615 0.737875 0.741855 0.745548 0.748946 0.752043 0.754832 0.757308 0.759464 0.761296 0.762802 0.763976 0.764816 0.765321 0.765490 0.765321 0.764816 0.763976 0.762802 0.761296 0.759464 0.757308 0.754832 0.752043 0.748946 0.745548 0.741855 0.737875 0.733615 0.729084 0.724289 0.719240 0.713945 0.708413 0.702653 0.696674 0.690486 0.684097 0.677516 0.670753 0.663816 0.656714 0.649456 0.642050 0.634503 0.626825 0.619023 0.611104 0.603076 0.594946 0.586720 0.578405 0.570008 0.561534 0.552989 0.544378 0.535708 0.526982 0.518206 0.509385 0.500522 0.491623 0.482690 0.473727 0.464739 0.455728 0.446698 0.437651 0.428591 0.419520 0.410440 0.401355 0.392266 0.383175 0.374084 0.364996 0.355912 0.346833 0.337761 0.328698 0.319645 0.310603 0.301573 0.292557 0.283555 0.274568 
0.280607 0.289692 0.298794 0.307912 0.317047 0.326196 0.335358 0.344533 0.353719 0.362915 0.372119 0.381329 0.390545 0.399763 0.408983 0.418201 0.427417 0.436627 0.445829 0.455021 0.464199 0.473361 0.482503 0.491623 0.500716 0.509778 0.518807 0.527797 0.536744 0.545644 0.554492 0.563282 0.572010 0.580669 0.589254 0.597758 0.606176 0.614500 0.622723 0.630838 0.638837 0.646714 0.654459 0.662064 0.669521 0.676821 0.683956 0.690915 0.697689 0.704270 0.710647 0.716812 0.722753 0.728462 0.733929 0.739145 0.744099 0.748784 0.753190 0.757308 0.761130 0.764648 0.767855 0.770744 0.773309 0.775544 0.777443 0.779004 0.780221 0.781093 0.781617 0.781791 0.781617 0.781093 0.780221 0.779004 0.777443 0.775544 0.773309 0.770744 0.767855 0.764648 0.761130 0.757308 0.753190 0.748784 0.744099 0.739145 0.733929 0.728462 0.722753 0.716812 0.710647 0.704270 0.697689 0.690915 0.683956 0.676821 0.669521 0.662064 0.654459 0.646714 0.638837 0.630838 0.622723 0.614500 0.606176 0.597758 0.589254 0.580669 0.572010 0.563282 0.554492 0.545644 0.536744 0.527797 0.518807 0.509778 0.500716 0.491623 0.482503 0.473361 0.464199 0.455021 0.445829 0.436627 0.427417 0.418201 0.408983 0.399763 0.390545 0.381329 0.372119 0.362915 0.353719 0.344533 0.335358 0.326196 0.317047 0.307912 0.298794 0.289692 0.280607 
0.286583 0.295765 0.304967 0.314189 0.323428 0.332684 0.341957 0.351245 0.360546 0.369859 0.379184 0.388517 0.397859 0.407206 0.416558 0.425912 0.435265 0.444616 0.453962 0.463301 0.472629 0.481945 0.491243 0.500522 0.509778 0.519007 0.528205 0.537367 0.546490 0.555569 0.564598 0.573573 0.582488 0.591337 0.600115 0.608814 0.617429 0.625952 0.634377 0.642695 0.650899 0.658980 0.666932 0.674744 0.682408 0.689914 0.697254 0.704417 0.711395 0.718176 0.724751 0.731110 0.737241 0.743136 0.748784 0.754174 0.759298 0.764144 0.768703 0.772966 0.776925 0.780570 0.783893 0.786889 0.789548 0.791866 0.793837 0.795456 0.796719 0.797624 0.798168 0.798349 0.798168 0.797624 0.796719 0.795456 0.793837 0.791866 0.789548 0.786889 0.783893 0.780570 0.776925 0.772966 0.768703 0.764144 0.759298 0.754174 0.748784 0.743136 0.737241 0.731110 0.724751 0.718176 0.711395 0.704417 0.697254 0.689914 0.682408 0.674744 0.666932 0.658980 0.650899 0.642695 0.634377 0.625952 0.617429 0.608814 0.600115 0.591337 0.582488 0.573573 0.564598 0.555569 0.546490 0.537367 0.528205 0.519007 0.509778 0.500522 0.491243 0.481945 0.472629 0.463301 0.453962 0.444616 0.435265 0.425912 0.416558 0.407206 0.397859 0.388517 0.379184 0.369859 0.360546 0.351245 0.341957 0.332684 0.323428 0.314189 0.304967 0.295765 0.286583 
0.292492 0.301772 0.311075 0.320400 0.329744 0.339109 0.348492 0.357893 0.367310 0.376742 0.386188 0.395646 0.405115 0.414593 0.424077 0.433567 0.443060 0.452554 0.462046 0.471534 0.481015 0.490486 0.499943 0.509385 0.518807 0.528205 0.537575 0.546914 0.556216 0.565477 0.574693 0.583857 0.592964 0.602008 0.610984 0.619884 0.628702 0.637431 0.646063 0.654591 0.663007 0.671301 0.679467 0.687493 0.695372 0.703093 0.710647 0.718024 0.725213 0.732204 0.738986 0.745548 0.751880 0.757970 0.763808 0.769382 0.774683 0.779699 0.784421 0.788837 0.792940 0.796719 0.800167 0.803274 0.806034 0.808441 0.810487 0.812168 0.813481 0.814420 0.814985 0.815173 0.814985 0.814420 0.813481 0.812168 0.810487 0.808441 0.806034 0.803274 0.800167 0.796719 0.792940 0.788837 0.784421 0.779699 0.774683 0.769382 0.763808 0.757970 0.751880 0.745548 0.738986 0.732204 0.725213 0.718024 0.710647 0.703093 0.695372 0.687493 0.679467 0.671301 0.663007 0.654591 0.646063 0.637431 0.628702 0.619884 0.610984 0.602008 0.592964 0.583857 0.574693 0.565477 0.556216 0.546914 0.537575 0.528205 0.518807 0.509385 0.499943 0.490486 0.481015 0.471534 0.462046 0.452554 0.443060 0.433567 0.424077 0.414593 0.405115 0.395646 0.386188 0.376742 0.367310 0.357893 0.348492 0.339109 0.329744 0.320400 0.311075 0.301772 0.292492 
0.298332 0.307711 0.317115 0.326542 0.335993 0.345466 0.354961 0.364475 0.374009 0.383560 0.393129 0.402712 0.412309 0.421918 0.431537 0.441165 0.450799 0.460437 0.470077 0.479716 0.489351 0.498980 0.508600 0.518206 0.527797 0.537367 0.546914 0.556432 0.565917 0.575366 0.584771 0.594129 0.603433 0.612678 0.621857 0.630964 0.639991 0.648932 0.657779 0.666524 0.675159 0.683674 0.692061 0.700310 0.708413 0.716358 0.724135 0.731735 0.739145 0.746355 0.753354 0.760129 0.766671 0.772966 0.779004 0.784772 0.790260 0.795456 0.800349 0.804928 0.809184 0.813105 0.816684 0.819910 0.822777 0.825277 0.827404 0.829151 0.830515 0.831492 0.832080 0.832275 0.832080 0.831492 0.830515 0.829151 0.827404 0.825277 0.822777 0.819910 0.816684 0.813105 0.809184 0.804928 0.800349 0.795456 0.790260 0.784772 0.779004 0.772966 0.766671 0.760129 0.753354 0.746355 0.739145 0.731735 0.724135 0.716358 0.708413 0.700310 0.692061 0.683674 0.675159 0.666524 0.657779 0.648932 0.639991 0.630964 0.621857 0.612678 0.603433 0.594129 0.584771 0.575366 0.565917 0.556432 0.546914 0.537367 0.527797 0.518206 0.508600 0.498980 0.489351 0.479716 0.470077 0.460437 0.450799 0.441165 0.431537 0.421918 0.412309 0.402712 0.393129 0.383560 0.374009 0.364475 0.354961 0.345466 0.335993 0.326542 0.317115 0.307711 0.298332 
0.304100 0.313578 0.323083 0.332614 0.342171 0.351753 0.361359 0.370988 0.380639 0.390310 0.400002 0.409711 0.419437 0.429179 0.438934 0.448701 0.458477 0.468261 0.478050 0.487842 0.497634 0.507424 0.517207 0.526982 0.536744 0.546490 0.556216 0.565917 0.575590 0.585229 0.594829 0.604385 0.613892 0.623342 0.632730 0.642050 0.651293 0.660453 0.669521 0.678490 0.687351 0.696095 0.704712 0.713193 0.721528 0.729706 0.737716 0.745548 0.753190 0.760629 0.767855 0.774855 0.781617 0.788128 0.794376 0.800349 0.806034 0.811420 0.816495 0.821246 0.825663 0.829735 0.833453 0.836806 0.839786 0.842386 0.844598 0.846416 0.847835 0.848852 0.849463 0.849667 0.849463 0.848852 0.847835 0.846416 0.844598 0.842386 0.839786 0.836806 0.833453 0.829735 0.825663 0.821246 0.816495 0.811420 0.806034 0.800349 0.794376 0.788128 0.781617 0.774855 0.767855 0.760629 0.753190 0.745548 0.737716 0.729706 0.721528 0.713193 0.704712 0.696095 0.687351 0.678490 0.669521 0.660453 0.651293 0.642050 0.632730 0.623342 0.613892 0.604385 0.594829 0.585229 0.575590 0.565917 0.556216 0.546490 0.536744 0.526982 0.517207 0.507424 0.497634 0.487842 0.478050 0.468261 0.458477 0.448701 0.438934 0.429179 0.419437 0.409711 0.400002 0.390310 0.380639 0.370988 0.361359 0.351753 0.342171 0.332614 0.323083 0.313578 0.304100 
0.309794 0.319371 0.328977 0.338612 0.348276 0.357966 0.367684 0.377428 0.387196 0.396989 0.406804 0.416640 0.426497 0.436372 0.446263 0.456171 0.466091 0.476022 0.485963 0.495909 0.505860 0.515812 0.525762 0.535708 0.545644 0.555569 0.565477 0.575366 0.585229 0.595063 0.604862 0.614621 0.624335 0.633996 0.643599 0.653137 0.662602 0.671988 0.681285 0.690486 0.699581 0.708561 0.717418 0.726139 0.734716 0.743136 0.751390 0.759464 0.767347 0.775027 0.782491 0.789726 0.796719 0.803458 0.809928 0.816117 0.822011 0.827597 0.832864 0.837797 0.842386 0.846618 0.850484 0.853972 0.857073 0.859779 0.862081 0.863975 0.865453 0.866512 0.867149 0.867361 0.867149 0.866512 0.865453 0.863975 0.862081 0.859779 0.857073 0.853972 0.850484 0.846618 0.842386 0.837797 0.832864 0.827597 0.822011 0.816117 0.809928 0.803458 0.796719 0.789726 0.782491 0.775027 0.767347 0.759464 0.751390 0.743136 0.734716 0.726139 0.717418 0.708561 0.699581 0.690486 0.681285 0.671988 0.662602 0.653137 0.643599 0.633996 0.624335 0.614621 0.604862 0.595063 0.585229 0.575366 0.565477 0.555569 0.545644 0.535708 0.525762 0.515812 0.505860 0.495909 0.485963 0.476022 0.466091 0.456171 0.446263 0.436372 0.426497 0.416640 0.406804 0.396989 0.387196 0.377428 0.367684 0.357966 0.348276 0.338612 0.328977 0.319371 0.309794 
0.315412 0.325087 0.334794 0.344533 0.354303 0.364103 0.373933 0.383792 0.393678 0.403592 0.413531 0.423495 0.433483 0.443492 0.453522 0.463570 0.473636 0.483716 0.493809 0.503913 0.514024 0.524141 0.534260 0.544378 0.554492 0.564598 0.574693 0.584771 0.594829 0.604862 0.614865 0.624832 0.634757 0.644635 0.654459 0.664221 0.673915 0.683533 0.693066 0.702506 0.711844 0.721070 0.730173 0.739145 0.747973 0.756646 0.765153 0.773480 0.781617 0.789548 0.797262 0.804744 0.811981 0.818959 0.825663 0.832080 0.838194 0.843994 0.849463 0.854590 0.859361 0.863764 0.867786 0.871418 0.874648 0.877467 0.879866 0.881840 0.883381 0.884486 0.885150 0.885371 0.885150 0.884486 0.883381 0.881840 0.879866 0.877467 0.874648 0.871418 0.867786 0.863764 0.859361 0.854590 0.849463 0.843994 0.838194 0.832080 0.825663 0.818959 0.811981 0.804744 0.797262 0.789548 0.781617 0.773480 0.765153 0.756646 0.747973 0.739145 0.730173 0.721070 0.711844 0.702506 0.693066 0.683533 0.673915 0.664221 0.654459 0.644635 0.634757 0.624832 0.614865 0.604862 0.594829 0.584771 0.574693 0.564598 0.554492 0.544378 0.534260 0.524141 0.514024 0.503913 0.493809 0.483716 0.473636 0.463570 0.453522 0.443492 0.433483 0.423495 0.413531 0.403592 0.393678 0.383792 0.373933 0.364103 0.354303 0.344533 0.334794 0.325087 0.315412 
0.320949 0.330723 0.340531 0.350374 0.360250 0.370160 0.380102 0.390076 0.400081 0.410116 0.420180 0.430273 0.440392 0.450536 0.460705 0.470896 0.481108 0.491338 0.501585 0.511847 0.522121 0.532405 0.542695 0.552989 0.563282 0.573573 0.583857 0.594129 0.604385 0.614621 0.624832 0.635011 0.645154 0.655254 0.665304 0.675297 0.685226 0.695083 0.704860 0.714547 0.724135 0.733615 0.742976 0.752207 0.761296 0.770233 0.779004 0.787596 0.795997 0.804192 0.812168 0.819910 0.827404 0.834633 0.841584 0.848242 0.854590 0.860615 0.866300 0.871632 0.876597 0.881181 0.885371 0.889155 0.892523 0.895463 0.897966 0.900026 0.901634 0.902787 0.903480 0.903712 0.903480 0.902787 0.901634 0.900026 0.897966 0.895463 0.892523 0.889155 0.885371 0.881181 0.876597 0.871632 0.866300 0.860615 0.854590 0.848242 0.841584 0.834633 0.827404 0.819910 0.812168 0.804192 0.795997 0.787596 0.779004 0.770233 0.761296 0.752207 0.742976 0.733615 0.724135 0.714547 0.704860 0.695083 0.685226 0.675297 0.665304 0.655254 0.645154 0.635011 0.624832 0.614621 0.604385 0.594129 0.583857 0.573573 0.563282 0.552989 0.542695 0.532405 0.522121 0.511847 0.501585 0.491338 0.481108 0.470896 0.460705 0.450536 0.440392 0.430273 0.420180 0.410116 0.400081 0.390076 0.380102 0.370160 0.360250 0.350374 0.340531 0.330723 0.320949 
0.326404 0.336276 0.346185 0.356132 0.366115 0.376134 0.386188 0.396278 0.406401 0.416558 0.426747 0.436968 0.447220 0.457500 0.467808 0.478143 0.488502 0.498884 0.509287 0.519708 0.530147 0.540599 0.551062 0.561534 0.572010 0.582488 0.592964 0.603433 0.613892 0.624335 0.634757 0.645154 0.655519 0.665846 0.676128 0.686358 0.696529 0.706633 0.716660 0.726603 0.736451 0.746193 0.755821 0.765321 0.774683 0.783893 0.792940 0.801809 0.810487 0.818959 0.827210 0.835225 0.842988 0.850484 0.857696 0.864608 0.871203 0.877467 0.883381 0.888932 0.894103 0.898880 0.903249 0.907197 0.910711 0.913780 0.916395 0.918546 0.920227 0.921432 0.922156 0.922398 0.922156 0.921432 0.920227 0.918546 0.916395 0.913780 0.910711 0.907197 0.903249 0.898880 0.894103 0.888932 0.883381 0.877467 0.871203 0.864608 0.857696 0.850484 0.842988 0.835225 0.827210 0.818959 0.810487 0.801809 0.792940 0.783893 0.774683 0.765321 0.755821 0.746193 0.736451 0.726603 0.716660 0.706633 0.696529 0.686358 0.676128 0.665846 0.655519 0.645154 0.634757 0.624335 0.613892 0.603433 0.592964 0.582488 0.572010 0.561534 0.551062 0.540599 0.530147 0.519708 0.509287 0.498884 0.488502 0.478143 0.467808 0.457500 0.447220 0.436968 0.426747 0.416558 0.406401 0.396278 0.386188 0.376134 0.366115 0.356132 0.346185 0.336276 0.326404 
0.331773 0.341743 0.351753 0.361803 0.371892 0.382021 0.392187 0.402392 0.412635 0.422914 0.433228 0.443578 0.453962 0.464379 0.474828 0.485306 0.495814 0.506348 0.516908 0.527491 0.538095 0.548718 0.559356 0.570008 0.580669 0.591337 0.602008 0.612678 0.623342 0.633996 0.644635 0.655254 0.665846 0.676405 0.686925 0.697399 0.707819 0.718176 0.728462 0.738668 0.748784 0.758799 0.768703 0.778483 0.788128 0.797624 0.806958 0.816117 0.825084 0.833846 0.842386 0.850688 0.858736 0.866512 0.874000 0.881181 0.888039 0.894556 0.900714 0.906497 0.911889 0.916872 0.921432 0.925554 0.929225 0.932433 0.935167 0.937417 0.939175 0.940436 0.941194 0.941447 0.941194 0.940436 0.939175 0.937417 0.935167 0.932433 0.929225 0.925554 0.921432 0.916872 0.911889 0.906497 0.900714 0.894556 0.888039 0.881181 0.874000 0.866512 0.858736 0.850688 0.842386 0.833846 0.825084 0.816117 0.806958 0.797624 0.788128 0.778483 0.768703 0.758799 0.748784 0.738668 0.728462 0.718176 0.707819 0.697399 0.686925 0.676405 0.665846 0.655254 0.644635 0.633996 0.623342 0.612678 0.602008 0.591337 0.580669 0.570008 0.559356 0.548718 0.538095 0.527491 0.516908 0.506348 0.495814 0.485306 0.474828 0.464379 0.453962 0.443578 0.433228 0.422914 0.412635 0.402392 0.392187 0.382021 0.371892 0.361803 0.351753 0.341743 0.331773 
0.337053 0.347121 0.357232 0.367385 0.377580 0.387818 0.398097 0.408417 0.418778 0.429179 0.439619 0.450099 0.460615 0.471169 0.481758 0.492382 0.503039 0.513727 0.524445 0.535190 0.545961 0.556756 0.567572 0.578405 0.589254 0.600115 0.610984 0.621857 0.632730 0.643599 0.654459 0.665304 0.676128 0.686925 0.697689 0.708413 0.719088 0.729706 0.740259 0.750737 0.761130 0.771427 0.781617 0.791687 0.801626 0.811420 0.821055 0.830515 0.839786 0.848852 0.857696 0.866300 0.874648 0.882720 0.890499 0.897966 0.905102 0.911889 0.918306 0.924337 0.929963 0.935167 0.939931 0.944240 0.948080 0.951437 0.954298 0.956654 0.958496 0.959817 0.960611 0.960876 0.960611 0.959817 0.958496 0.956654 0.954298 0.951437 0.948080 0.944240 0.939931 0.935167 0.929963 0.924337 0.918306 0.911889 0.905102 0.897966 0.890499 0.882720 0.874648 0.866300 0.857696 0.848852 0.839786 0.830515 0.821055 0.811420 0.801626 0.791687 0.781617 0.771427 0.761130 0.750737 0.740259 0.729706 0.719088 0.708413 0.697689 0.686925 0.676128 0.665304 0.654459 0.643599 0.632730 0.621857 0.610984 0.600115 0.589254 0.578405 0.567572 0.556756 0.545961 0.535190 0.524445 0.513727 0.503039 0.492382 0.481758 0.471169 0.460615 0.450099 0.439619 0.429179 0.418778 0.408417 0.398097 0.387818 0.377580 0.367385 0.357232 0.347121 0.337053 
