145 145
4.546928e+01 0 5
0.213030 0.220281 0.227517 0.234737 0.241940 0.249124 0.256287 0.263429 0.270548 0.277642 0.284709 0.291748 0.298757 0.305734 0.312677 0.319585 0.326454 0.333284 0.340072 0.346815 0.353512 0.360159 0.366755 0.373297 0.379782 0.386208 0.392572 0.398871 0.405103 0.411263 0.417350 0.423360 0.429290 0.435138 0.440898 0.446569 0.452147 0.457629 0.463011 0.468289 0.473461 0.478522 0.483469 0.488298 0.493007 0.497590 0.502045 0.506369 0.510557 0.514605 0.518512 0.522272 0.525884 0.529343 0.532646 0.535790 0.538772 0.541589 0.544239 0.546718 0.549025 0.551156 0.553110 0.554884 0.556476 0.557886 0.559111 0.560149 0.561000 0.561664 0.562138 0.562422 0.562517 0.562422 0.562138 0.561664 0.561000 0.560149 0.559111 0.557886 0.556476 0.554884 0.553110 0.551156 0.549025 0.546718 0.544239 0.541589 0.538772 0.535790 0.532646 0.529343 0.525884 0.522272 0.518512 0.514605 0.510557 0.506369 0.502045 0.497590 0.493007 0.488298 0.483469 0.478522 0.473461 0.468289 0.463011 0.457629 0.452147 0.446569 0.440898 0.435138 0.429290 0.423360 0.417350 0.411263 0.405103 0.398871 0.392572 0.386208 0.379782 0.373297 0.366755 0.360159 0.353512 0.346815 0.340072 0.333284 0.326454 0.319585 0.312677 0.305734 0.298757 0.291748 0.284709 0.277642 0.270548 0.263429 0.256287 0.249124 0.241940 0.234737 0.227517 0.220281 0.213030 
0.219771 0.227104 0.234424 0.241728 0.249017 0.256287 0.263539 0.270770 0.277979 0.285164 0.292324 0.299457 0.306560 0.313633 0.320674 0.327679 0.334648 0.341577 0.348466 0.355311 0.362110 0.368861 0.375562 0.382209 0.388800 0.395332 0.401803 0.408210 0.414549 0.420818 0.427013 0.433132 0.439171 0.445127 0.450997 0.456776 0.462462 0.468052 0.473541 0.478925 0.484203 0.489368 0.494419 0.499351 0.504160 0.508843 0.513396 0.517815 0.522097 0.526237 0.530233 0.534080 0.537776 0.541316 0.544697 0.547916 0.550970 0.553856 0.556570 0.559111 0.561474 0.563658 0.565661 0.567479 0.569112 0.570557 0.571813 0.572878 0.573751 0.574431 0.574917 0.575209 0.575307 0.575209 0.574917 0.574431 0.573751 0.572878 0.571813 0.570557 0.569112 0.567479 0.565661 0.563658 0.561474 0.559111 0.556570 0.553856 0.550970 0.547916 0.544697 0.541316 0.537776 0.534080 0.530233 0.526237 0.522097 0.517815 0.513396 0.508843 0.504160 0.499351 0.494419 0.489368 0.484203 0.478925 0.473541 0.468052 0.462462 0.456776 0.450997 0.445127 0.439171 0.433132 0.427013 0.420818 0.414549 0.408210 0.401803 0.395332 0.388800 0.382209 0.375562 0.368861 0.362110 0.355311 0.348466 0.341577 0.334648 0.327679 0.320674 0.313633 0.306560 0.299457 0.292324 0.285164 0.277979 0.270770 0.263539 0.256287 0.249017 0.241728 0.234424 0.227104 0.219771 
0.226486 0.233902 0.241306 0.248696 0.256071 0.263429 0.270770 0.278091 0.285392 0.292670 0.299924 0.307151 0.314351 0.321522 0.328661 0.335766 0.342835 0.349867 0.356858 0.363807 0.370711 0.377568 0.384374 0.391129 0.397828 0.404469 0.411050 0.417566 0.424016 0.430396 0.436703 0.442933 0.449084 0.455152 0.461133 0.467024 0.472821 0.478522 0.484121 0.489616 0.495002 0.500276 0.505433 0.510471 0.515384 0.520170 0.524824 0.529343 0.533721 0.537957 0.542045 0.545982 0.549765 0.553389 0.556852 0.560149 0.563278 0.566234 0.569016 0.571619 0.574042 0.576282 0.578335 0.580200 0.581874 0.583357 0.584645 0.585737 0.586633 0.587331 0.587830 0.588129 0.588229 0.588129 0.587830 0.587331 0.586633 0.585737 0.584645 0.583357 0.581874 0.580200 0.578335 0.576282 0.574042 0.571619 0.569016 0.566234 0.563278 0.560149 0.556852 0.553389 0.549765 0.545982 0.542045 0.537957 0.533721 0.529343 0.524824 0.520170 0.515384 0.510471 0.505433 0.500276 0.495002 0.489616 0.484121 0.478522 0.472821 0.467024 0.461133 0.455152 0.449084 0.442933 0.436703 0.430396 0.424016 0.417566 0.411050 0.404469 0.397828 0.391129 0.384374 0.377568 0.370711 0.363807 0.356858 0.349867 0.342835 0.335766 0.328661 0.321522 0.314351 0.307151 0.299924 0.292670 0.285392 0.278091 0.270770 0.263429 0.256071 0.248696 0.241306 0.233902 0.226486 
0.233172 0.240672 0.248161 0.255637 0.263100 0.270548 0.277979 0.285392 0.292785 0.300157 0.307506 0.314831 0.322129 0.329398 0.336637 0.343843 0.351015 0.358150 0.365246 0.372301 0.379312 0.386276 0.393192 0.400056 0.406866 0.413618 0.420311 0.426940 0.433503 0.439996 0.446417 0.452762 0.459028 0.465210 0.471306 0.477312 0.483224 0.489039 0.494752 0.500360 0.505858 0.511244 0.516512 0.521658 0.526680 0.531572 0.536331 0.540952 0.545431 0.549765 0.553949 0.557980 0.561853 0.565565 0.569112 0.572490 0.575696 0.578727 0.581579 0.584248 0.586733 0.589029 0.591136 0.593049 0.594767 0.596288 0.597610 0.598731 0.599651 0.600367 0.600879 0.601186 0.601289 0.601186 0.600879 0.600367 0.599651 0.598731 0.597610 0.596288 0.594767 0.593049 0.591136 0.589029 0.586733 0.584248 0.581579 0.578727 0.575696 0.572490 0.569112 0.565565 0.561853 0.557980 0.553949 0.549765 0.545431 0.540952 0.536331 0.531572 0.526680 0.521658 0.516512 0.511244 0.505858 0.500360 0.494752 0.489039 0.483224 0.477312 0.471306 0.465210 0.459028 0.452762 0.446417 0.439996 0.433503 0.426940 0.420311 0.413618 0.406866 0.400056 0.393192 0.386276 0.379312 0.372301 0.365246 0.358150 0.351015 0.343843 0.336637 0.329398 0.322129 0.314831 0.307506 0.300157 0.292785 0.285392 0.277979 0.270548 0.263100 0.255637 0.248161 0.240672 0.233172 
0.239828 0.247413 0.254988 0.262552 0.270104 0.277642 0.285164 0.292670 0.300157 0.307625 0.315070 0.322493 0.329890 0.337260 0.344601 0.351910 0.359186 0.366427 0.373630 0.380792 0.387912 0.394987 0.402013 0.408989 0.415912 0.422778 0.429585 0.436330 0.443009 0.449619 0.456157 0.462619 0.469002 0.475303 0.481517 0.487641 0.493671 0.499603 0.505433 0.511158 0.516772 0.522272 0.527655 0.532914 0.538047 0.543049 0.547916 0.552644 0.557228 0.561664 0.565947 0.570075 0.574042 0.577845 0.581480 0.584943 0.588229 0.591337 0.594261 0.596999 0.599548 0.601905 0.604066 0.606030 0.607794 0.609355 0.610712 0.611864 0.612807 0.613543 0.614069 0.614385 0.614490 0.614385 0.614069 0.613543 0.612807 0.611864 0.610712 0.609355 0.607794 0.606030 0.604066 0.601905 0.599548 0.596999 0.594261 0.591337 0.588229 0.584943 0.581480 0.577845 0.574042 0.570075 0.565947 0.561664 0.557228 0.552644 0.547916 0.543049 0.538047 0.532914 0.527655 0.522272 0.516772 0.511158 0.505433 0.499603 0.493671 0.487641 0.481517 0.475303 0.469002 0.462619 0.456157 0.449619 0.443009 0.436330 0.429585 0.422778 0.415912 0.408989 0.402013 0.394987 0.387912 0.380792 0.373630 0.366427 0.359186 0.351910 0.344601 0.337260 0.329890 0.322493 0.315070 0.307625 0.300157 0.292670 0.285164 0.277642 0.270104 0.262552 0.254988 0.247413 0.239828 
0.246453 0.254124 0.261786 0.269439 0.277080 0.284709 0.292324 0.299924 0.307506 0.315070 0.322614 0.330136 0.337634 0.345106 0.352550 0.359964 0.367347 0.374695 0.382006 0.389279 0.396509 0.403696 0.410836 0.417927 0.424965 0.431947 0.438871 0.445734 0.452532 0.459261 0.465919 0.472502 0.479006 0.485428 0.491763 0.498009 0.504160 0.510213 0.516165 0.522009 0.527743 0.533363 0.538863 0.544239 0.549487 0.554603 0.559582 0.564420 0.569112 0.573654 0.578041 0.582269 0.586334 0.590232 0.593958 0.597508 0.600879 0.604066 0.607067 0.609877 0.612493 0.614912 0.617131 0.619147 0.620958 0.622562 0.623956 0.625138 0.626108 0.626864 0.627404 0.627729 0.627837 0.627729 0.627404 0.626864 0.626108 0.625138 0.623956 0.622562 0.620958 0.619147 0.617131 0.614912 0.612493 0.609877 0.607067 0.604066 0.600879 0.597508 0.593958 0.590232 0.586334 0.582269 0.578041 0.573654 0.569112 0.564420 0.559582 0.554603 0.549487 0.544239 0.538863 0.533363 0.527743 0.522009 0.516165 0.510213 0.504160 0.498009 0.491763 0.485428 0.479006 0.472502 0.465919 0.459261 0.452532 0.445734 0.438871 0.431947 0.424965 0.417927 0.410836 0.403696 0.396509 0.389279 0.382006 0.374695 0.367347 0.359964 0.352550 0.345106 0.337634 0.330136 0.322614 0.315070 0.307506 0.299924 0.292324 0.284709 0.277080 0.269439 0.261786 0.254124 0.246453 
0.253045 0.260802 0.268553 0.276295 0.284027 0.291748 0.299457 0.307151 0.314831 0.322493 0.330136 0.337759 0.345359 0.352935 0.360484 0.368005 0.375495 0.382952 0.390374 0.397759 0.405103 0.412404 0.419659 0.426867 0.434023 0.441124 0.448168 0.455152 0.462071 0.468923 0.475704 0.482411 0.489039 0.495585 0.502045 0.508416 0.514692 0.520870 0.526946 0.532914 0.538772 0.544514 0.550136 0.555633 0.561000 0.566234 0.571330 0.576282 0.581086 0.585737 0.590232 0.594565 0.598731 0.602727 0.606548 0.610190 0.613648 0.616919 0.619998 0.622883 0.625569 0.628053 0.630332 0.632404 0.634264 0.635912 0.637345 0.638560 0.639557 0.640333 0.640889 0.641222 0.641333 0.641222 0.640889 0.640333 0.639557 0.638560 0.637345 0.635912 0.634264 0.632404 0.630332 0.628053 0.625569 0.622883 0.619998 0.616919 0.613648 0.610190 0.606548 0.602727 0.598731 0.594565 0.590232 0.585737 0.581086 0.576282 0.571330 0.566234 0.561000 0.555633 0.550136 0.544514 0.538772 0.532914 0.526946 0.520870 0.514692 0.508416 0.502045 0.495585 0.489039 0.482411 0.475704 0.468923 0.462071 0.455152 0.448168 0.441124 0.434023 0.426867 0.419659 0.412404 0.405103 0.397759 0.390374 0.382952 0.375495 0.368005 0.360484 0.352935 0.345359 0.337759 0.330136 0.322493 0.314831 0.307151 0.299457 0.291748 0.284027 0.276295 0.268553 0.260802 0.253045 
0.259602 0.267447 0.275286 0.283118 0.290942 0.298757 0.306560 0.314351 0.322129 0.329890 0.337634 0.345359 0.353063 0.360744 0.368400 0.376029 0.383629 0.391198 0.398732 0.406230 0.413690 0.421108 0.428481 0.435808 0.443084 0.450307 0.457474 0.464581 0.471625 0.478602 0.485510 0.492343 0.499099 0.505773 0.512362 0.518861 0.525265 0.531572 0.537776 0.543873 0.549858 0.555726 0.561474 0.567096 0.572587 0.577943 0.583159 0.588229 0.593150 0.597915 0.602521 0.606963 0.611235 0.615334 0.619253 0.622990 0.626540 0.629897 0.633060 0.636022 0.638781 0.641333 0.643675 0.645804 0.647717 0.649410 0.650883 0.652133 0.653158 0.653956 0.654527 0.654870 0.654985 0.654870 0.654527 0.653956 0.653158 0.652133 0.650883 0.649410 0.647717 0.645804 0.643675 0.641333 0.638781 0.636022 0.633060 0.629897 0.626540 0.622990 0.619253 0.615334 0.611235 0.606963 0.602521 0.597915 0.593150 0.588229 0.583159 0.577943 0.572587 0.567096 0.561474 0.555726 0.549858 0.543873 0.537776 0.531572 0.525265 0.518861 0.512362 0.505773 0.499099 0.492343 0.485510 0.478602 0.471625 0.464581 0.457474 0.450307 0.443084 0.435808 0.428481 0.421108 0.413690 0.406230 0.398732 0.391198 0.383629 0.376029 0.368400 0.360744 0.353063 0.345359 0.337634 0.329890 0.322129 0.314351 0.306560 0.298757 0.290942 0.283118 0.275286 0.267447 0.259602 
0.266123 0.274056 0.281985 0.289908 0.297825 0.305734 0.313633 0.321522 0.329398 0.337260 0.345106 0.352935 0.360744 0.368532 0.376296 0.384036 0.391747 0.399429 0.407078 0.414692 0.422269 0.429806 0.437300 0.444748 0.452147 0.459495 0.466787 0.474021 0.481192 0.488298 0.495335 0.502299 0.509185 0.515991 0.522712 0.529343 0.535880 0.542319 0.548655 0.554884 0.561000 0.567000 0.572878 0.578629 0.584248 0.589730 0.595071 0.600264 0.605306 0.610190 0.614912 0.619466 0.623848 0.628053 0.632076 0.635912 0.639557 0.643005 0.646253 0.649297 0.652133 0.654756 0.657164 0.659352 0.661319 0.663061 0.664576 0.665862 0.666916 0.667738 0.668325 0.668678 0.668796 0.668678 0.668325 0.667738 0.666916 0.665862 0.664576 0.663061 0.661319 0.659352 0.657164 0.654756 0.652133 0.649297 0.646253 0.643005 0.639557 0.635912 0.632076 0.628053 0.623848 0.619466 0.614912 0.610190 0.605306 0.600264 0.595071 0.589730 0.584248 0.578629 0.572878 0.567000 0.561000 0.554884 0.548655 0.542319 0.535880 0.529343 0.522712 0.515991 0.509185 0.502299 0.495335 0.488298 0.481192 0.474021 0.466787 0.459495 0.452147 0.444748 0.437300 0.429806 0.422269 0.414692 0.407078 0.399429 0.391747 0.384036 0.376296 0.368532 0.360744 0.352935 0.345106 0.337260 0.329398 0.321522 0.313633 0.305734 0.297825 0.289908 0.281985 0.274056 0.266123 
0.272606 0.280628 0.288647 0.296663 0.304673 0.312677 0.320674 0.328661 0.336637 0.344601 0.352550 0.360484 0.368400 0.376296 0.384171 0.392022 0.399847 0.407643 0.415409 0.423142 0.430839 0.438497 0.446114 0.453686 0.461211 0.468685 0.476106 0.483469 0.490771 0.498009 0.505178 0.512276 0.519297 0.526237 0.533094 0.539861 0.546534 0.553110 0.559582 0.565947 0.572200 0.578335 0.584347 0.590232 0.595983 0.601597 0.607067 0.612388 0.617554 0.622562 0.627404 0.632076 0.636573 0.640889 0.645019 0.648958 0.652702 0.656245 0.659583 0.662712 0.665628 0.668325 0.670802 0.673053 0.675077 0.676869 0.678428 0.679751 0.680836 0.681682 0.682287 0.682651 0.682772 0.682651 0.682287 0.681682 0.680836 0.679751 0.678428 0.676869 0.675077 0.673053 0.670802 0.668325 0.665628 0.662712 0.659583 0.656245 0.652702 0.648958 0.645019 0.640889 0.636573 0.632076 0.627404 0.622562 0.617554 0.612388 0.607067 0.601597 0.595983 0.590232 0.584347 0.578335 0.572200 0.565947 0.559582 0.553110 0.546534 0.539861 0.533094 0.526237 0.519297 0.512276 0.505178 0.498009 0.490771 0.483469 0.476106 0.468685 0.461211 0.453686 0.446114 0.438497 0.430839 0.423142 0.415409 0.407643 0.399847 0.392022 0.384171 0.376296 0.368400 0.360484 0.352550 0.344601 0.336637 0.328661 0.320674 0.312677 0.304673 0.296663 0.288647 0.280628 0.272606 
0.279048 0.287160 0.295271 0.303379 0.311484 0.319585 0.327679 0.335766 0.343843 0.351910 0.359964 0.368005 0.376029 0.384036 0.392022 0.399986 0.407926 0.415840 0.423724 0.431577 0.439396 0.447178 0.454920 0.462619 0.470272 0.477876 0.485428 0.492924 0.500360 0.507732 0.515038 0.522272 0.529432 0.536511 0.543507 0.550414 0.557228 0.563944 0.570557 0.577063 0.583456 0.589730 0.595882 0.601905 0.607794 0.613543 0.619147 0.624600 0.629897 0.635033 0.640000 0.644795 0.649410 0.653842 0.658084 0.662131 0.665979 0.669621 0.673053 0.676271 0.679270 0.682045 0.684593 0.686911 0.688994 0.690839 0.692444 0.693807 0.694925 0.695796 0.696419 0.696793 0.696918 0.696793 0.696419 0.695796 0.694925 0.693807 0.692444 0.690839 0.688994 0.686911 0.684593 0.682045 0.679270 0.676271 0.673053 0.669621 0.665979 0.662131 0.658084 0.653842 0.649410 0.644795 0.640000 0.635033 0.629897 0.624600 0.619147 0.613543 0.607794 0.601905 0.595882 0.589730 0.583456 0.577063 0.570557 0.563944 0.557228 0.550414 0.543507 0.536511 0.529432 0.522272 0.515038 0.507732 0.500360 0.492924 0.485428 0.477876 0.470272 0.462619 0.454920 0.447178 0.439396 0.431577 0.423724 0.415840 0.407926 0.399986 0.392022 0.384036 0.376029 0.368005 0.359964 0.351910 0.343843 0.335766 0.327679 0.319585 0.311484 0.303379 0.295271 0.287160 0.279048 
0.285449 0.293651 0.301854 0.310056 0.318257 0.326454 0.334648 0.342835 0.351015 0.359186 0.367347 0.375495 0.383629 0.391747 0.399847 0.407926 0.415984 0.424016 0.432021 0.439996 0.447939 0.455847 0.463717 0.471545 0.479330 0.487066 0.494752 0.502383 0.509956 0.517467 0.524912 0.532287 0.539588 0.546810 0.553949 0.561000 0.567959 0.574820 0.581579 0.588229 0.594767 0.601186 0.607482 0.613648 0.619679 0.625569 0.631312 0.636903 0.642336 0.647604 0.652702 0.657624 0.662364 0.666916 0.671275 0.675435 0.679390 0.683136 0.686666 0.689977 0.693063 0.695920 0.698544 0.700930 0.703075 0.704977 0.706630 0.708034 0.709186 0.710083 0.710726 0.711111 0.711240 0.711111 0.710726 0.710083 0.709186 0.708034 0.706630 0.704977 0.703075 0.700930 0.698544 0.695920 0.693063 0.689977 0.686666 0.683136 0.679390 0.675435 0.671275 0.666916 0.662364 0.657624 0.652702 0.647604 0.642336 0.636903 0.631312 0.625569 0.619679 0.613648 0.607482 0.601186 0.594767 0.588229 0.581579 0.574820 0.567959 0.561000 0.553949 0.546810 0.539588 0.532287 0.524912 0.517467 0.509956 0.502383 0.494752 0.487066 0.479330 0.471545 0.463717 0.455847 0.447939 0.439996 0.432021 0.424016 0.415984 0.407926 0.399847 0.391747 0.383629 0.375495 0.367347 0.359186 0.351015 0.342835 0.334648 0.326454 0.318257 0.310056 0.301854 0.293651 0.285449 
0.291806 0.300099 0.308395 0.316692 0.324989 0.333284 0.341577 0.349867 0.358150 0.366427 0.374695 0.382952 0.391198 0.399429 0.407643 0.415840 0.424016 0.432169 0.440297 0.448397 0.456466 0.464502 0.472502 0.480463 0.488381 0.496253 0.504075 0.511845 0.519559 0.527211 0.534799 0.542319 0.549765 0.557134 0.564420 0.571619 0.578727 0.585737 0.592645 0.599446 0.606134 0.612703 0.619147 0.625461 0.631640 0.637676 0.643564 0.649297 0.654870 0.660277 0.665511 0.670565 0.675435 0.680113 0.684593 0.688871 0.692939 0.696793 0.700427 0.703835 0.707013 0.709955 0.712658 0.715116 0.717327 0.719286 0.720991 0.722438 0.723626 0.724551 0.725214 0.725611 0.725744 0.725611 0.725214 0.724551 0.723626 0.722438 0.720991 0.719286 0.717327 0.715116 0.712658 0.709955 0.707013 0.703835 0.700427 0.696793 0.692939 0.688871 0.684593 0.680113 0.675435 0.670565 0.665511 0.660277 0.654870 0.649297 0.643564 0.637676 0.631640 0.625461 0.619147 0.612703 0.606134 0.599446 0.592645 0.585737 0.578727 0.571619 0.564420 0.557134 0.549765 0.542319 0.534799 0.527211 0.519559 0.511845 0.504075 0.496253 0.488381 0.480463 0.472502 0.464502 0.456466 0.448397 0.440297 0.432169 0.424016 0.415840 0.407643 0.399429 0.391198 0.382952 0.374695 0.366427 0.358150 0.349867 0.341577 0.333284 0.324989 0.316692 0.308395 0.300099 0.291806 
0.298116 0.306501 0.314891 0.323283 0.331677 0.340072 0.348466 0.356858 0.365246 0.373630 0.382006 0.390374 0.398732 0.407078 0.415409 0.423724 0.432021 0.440297 0.448549 0.456776 0.464974 0.473141 0.481273 0.489368 0.497423 0.505433 0.513396 0.521308 0.529165 0.536962 0.544697 0.552365 0.559960 0.567479 0.574917 0.582269 0.589530 0.596694 0.603757 0.610712 0.617554 0.624278 0.630877 0.637345 0.643675 0.649863 0.655901 0.661783 0.667503 0.673053 0.678428 0.683621 0.688626 0.693435 0.698043 0.702444 0.706630 0.710597 0.714339 0.717849 0.721122 0.724154 0.726940 0.729474 0.731754 0.733774 0.735533 0.737025 0.738250 0.739205 0.739889 0.740299 0.740436 0.740299 0.739889 0.739205 0.738250 0.737025 0.735533 0.733774 0.731754 0.729474 0.726940 0.724154 0.721122 0.717849 0.714339 0.710597 0.706630 0.702444 0.698043 0.693435 0.688626 0.683621 0.678428 0.673053 0.667503 0.661783 0.655901 0.649863 0.643675 0.637345 0.630877 0.624278 0.617554 0.610712 0.603757 0.596694 0.589530 0.582269 0.574917 0.567479 0.559960 0.552365 0.544697 0.536962 0.529165 0.521308 0.513396 0.505433 0.497423 0.489368 0.481273 0.473141 0.464974 0.456776 0.448549 0.440297 0.432021 0.423724 0.415409 0.407078 0.398732 0.390374 0.382006 0.373630 0.365246 0.356858 0.348466 0.340072 0.331677 0.323283 0.314891 0.306501 0.298116 
0.304379 0.312856 0.321340 0.329828 0.338320 0.346815 0.355311 0.363807 0.372301 0.380792 0.389279 0.397759 0.406230 0.414692 0.423142 0.431577 0.439996 0.448397 0.456776 0.465132 0.473461 0.481760 0.490028 0.498260 0.506454 0.514605 0.522712 0.530768 0.538772 0.546718 0.554603 0.562422 0.570171 0.577845 0.585439 0.592948 0.600367 0.607690 0.614912 0.622027 0.629029 0.635912 0.642670 0.649297 0.655786 0.662131 0.668325 0.674361 0.680233 0.685934 0.691456 0.696793 0.701939 0.706885 0.711626 0.716155 0.720466 0.724551 0.728406 0.732023 0.735397 0.738523 0.741396 0.744010 0.746362 0.748446 0.750261 0.751802 0.753066 0.754052 0.754758 0.755182 0.755323 0.755182 0.754758 0.754052 0.753066 0.751802 0.750261 0.748446 0.746362 0.744010 0.741396 0.738523 0.735397 0.732023 0.728406 0.724551 0.720466 0.716155 0.711626 0.706885 0.701939 0.696793 0.691456 0.685934 0.680233 0.674361 0.668325 0.662131 0.655786 0.649297 0.642670 0.635912 0.629029 0.622027 0.614912 0.607690 0.600367 0.592948 0.585439 0.577845 0.570171 0.562422 0.554603 0.546718 0.538772 0.530768 0.522712 0.514605 0.506454 0.498260 0.490028 0.481760 0.473461 0.465132 0.456776 0.448397 0.439996 0.431577 0.423142 0.414692 0.406230 0.397759 0.389279 0.380792 0.372301 0.363807 0.355311 0.346815 0.338320 0.329828 0.321340 0.312856 0.304379 
0.310591 0.319162 0.327740 0.336325 0.344916 0.353512 0.362110 0.370711 0.379312 0.387912 0.396509 0.405103 0.413690 0.422269 0.430839 0.439396 0.447939 0.456466 0.464974 0.473461 0.481923 0.490358 0.498763 0.507135 0.515471 0.523767 0.532019 0.540224 0.548378 0.556476 0.564515 0.572490 0.580397 0.588229 0.595983 0.603654 0.611235 0.618722 0.626108 0.633388 0.640555 0.647604 0.654527 0.661319 0.667973 0.674481 0.680836 0.687033 0.693063 0.698920 0.704596 0.710083 0.715376 0.720466 0.725346 0.730010 0.734450 0.738659 0.742632 0.746362 0.749842 0.753066 0.756030 0.758729 0.761156 0.763309 0.765183 0.766774 0.768080 0.769099 0.769828 0.770266 0.770412 0.770266 0.769828 0.769099 0.768080 0.766774 0.765183 0.763309 0.761156 0.758729 0.756030 0.753066 0.749842 0.746362 0.742632 0.738659 0.734450 0.730010 0.725346 0.720466 0.715376 0.710083 0.704596 0.698920 0.693063 0.687033 0.680836 0.674481 0.667973 0.661319 0.654527 0.647604 0.640555 0.633388 0.626108 0.618722 0.611235 0.603654 0.595983 0.588229 0.580397 0.572490 0.564515 0.556476 0.548378 0.540224 0.532019 0.523767 0.515471 0.507135 0.498763 0.490358 0.481923 0.473461 0.464974 0.456466 0.447939 0.439396 0.430839 0.422269 0.413690 0.405103 0.396509 0.387912 0.379312 0.370711 0.362110 0.353512 0.344916 0.336325 0.327740 0.319162 0.310591 
0.316752 0.325416 0.334090 0.342772 0.351462 0.360159 0.368861 0.377568 0.386276 0.394987 0.403696 0.412404 0.421108 0.429806 0.438497 0.447178 0.455847 0.464502 0.473141 0.481760 0.490358 0.498931 0.507477 0.515991 0.524471 0.532914 0.541316 0.549672 0.557980 0.566234 0.574431 0.582566 0.590633 0.598629 0.606548 0.614385 0.622134 0.629789 0.637345 0.644795 0.652133 0.659352 0.666447 0.673410 0.680233 0.686911 0.693435 0.699798 0.705993 0.712013 0.717849 0.723494 0.728940 0.734180 0.739205 0.744010 0.748586 0.752926 0.757023 0.760870 0.764461 0.767790 0.770850 0.773637 0.776144 0.778368 0.780304 0.781949 0.783299 0.784352 0.785105 0.785558 0.785709 0.785558 0.785105 0.784352 0.783299 0.781949 0.780304 0.778368 0.776144 0.773637 0.770850 0.767790 0.764461 0.760870 0.757023 0.752926 0.748586 0.744010 0.739205 0.734180 0.728940 0.723494 0.717849 0.712013 0.705993 0.699798 0.693435 0.686911 0.680233 0.673410 0.666447 0.659352 0.652133 0.644795 0.637345 0.629789 0.622134 0.614385 0.606548 0.598629 0.590633 0.582566 0.574431 0.566234 0.557980 0.549672 0.541316 0.532914 0.524471 0.515991 0.507477 0.498931 0.490358 0.481760 0.473141 0.464502 0.455847 0.447178 0.438497 0.429806 0.421108 0.412404 0.403696 0.394987 0.386276 0.377568 0.368861 0.360159 0.351462 0.342772 0.334090 0.325416 0.316752 
0.322857 0.331615 0.340385 0.349166 0.357956 0.366755 0.375562 0.384374 0.393192 0.402013 0.410836 0.419659 0.428481 0.437300 0.446114 0.454920 0.463717 0.472502 0.481273 0.490028 0.498763 0.507477 0.516165 0.524824 0.533452 0.542045 0.550599 0.559111 0.567575 0.575989 0.584347 0.592645 0.600879 0.609042 0.617131 0.625138 0.633060 0.640889 0.648619 0.656245 0.663760 0.671156 0.678428 0.685568 0.692568 0.699422 0.706121 0.712658 0.719025 0.725214 0.731217 0.737025 0.742632 0.748029 0.753207 0.758159 0.762878 0.767354 0.771582 0.775553 0.779261 0.782699 0.785860 0.788740 0.791332 0.793631 0.795633 0.797334 0.798730 0.799820 0.800599 0.801067 0.801224 0.801067 0.800599 0.799820 0.798730 0.797334 0.795633 0.793631 0.791332 0.788740 0.785860 0.782699 0.779261 0.775553 0.771582 0.767354 0.762878 0.758159 0.753207 0.748029 0.742632 0.737025 0.731217 0.725214 0.719025 0.712658 0.706121 0.699422 0.692568 0.685568 0.678428 0.671156 0.663760 0.656245 0.648619 0.640889 0.633060 0.625138 0.617131 0.609042 0.600879 0.592645 0.584347 0.575989 0.567575 0.559111 0.550599 0.542045 0.533452 0.524824 0.516165 0.507477 0.498763 0.490028 0.481273 0.472502 0.463717 0.454920 0.446114 0.437300 0.428481 0.419659 0.410836 0.402013 0.393192 0.384374 0.375562 0.366755 0.357956 0.349166 0.340385 0.331615 0.322857 
0.328906 0.337759 0.346625 0.355504 0.364395 0.373297 0.382209 0.391129 0.400056 0.408989 0.417927 0.426867 0.435808 0.444748 0.453686 0.462619 0.471545 0.480463 0.489368 0.498260 0.507135 0.515991 0.524824 0.533632 0.542410 0.551156 0.559866 0.568535 0.577161 0.585737 0.594261 0.602727 0.611131 0.619466 0.627729 0.635912 0.644011 0.652019 0.659930 0.667738 0.675435 0.683014 0.690470 0.697793 0.704977 0.712013 0.718894 0.725611 0.732157 0.738523 0.744700 0.750681 0.756455 0.762016 0.767354 0.772461 0.777329 0.781949 0.786314 0.790415 0.794246 0.797799 0.801067 0.804045 0.806726 0.809104 0.811176 0.812936 0.814382 0.815509 0.816316 0.816801 0.816963 0.816801 0.816316 0.815509 0.814382 0.812936 0.811176 0.809104 0.806726 0.804045 0.801067 0.797799 0.794246 0.790415 0.786314 0.781949 0.777329 0.772461 0.767354 0.762016 0.756455 0.750681 0.744700 0.738523 0.732157 0.725611 0.718894 0.712013 0.704977 0.697793 0.690470 0.683014 0.675435 0.667738 0.659930 0.652019 0.644011 0.635912 0.627729 0.619466 0.611131 0.602727 0.594261 0.585737 0.577161 0.568535 0.559866 0.551156 0.542410 0.533632 0.524824 0.515991 0.507135 0.498260 0.489368 0.480463 0.471545 0.462619 0.453686 0.444748 0.435808 0.426867 0.417927 0.408989 0.400056 0.391129 0.382209 0.373297 0.364395 0.355504 0.346625 0.337759 0.328906 
0.334896 0.343843 0.352806 0.361785 0.370777 0.379782 0.388800 0.397828 0.406866 0.415912 0.424965 0.434023 0.443084 0.452147 0.461211 0.470272 0.479330 0.488381 0.497423 0.506454 0.515471 0.524471 0.533452 0.542410 0.551342 0.560244 0.569112 0.577943 0.586733 0.595476 0.604169 0.612807 0.621385 0.629897 0.638339 0.646703 0.654985 0.663178 0.671275 0.679270 0.687155 0.694925 0.702570 0.710083 0.717457 0.724684 0.731754 0.738659 0.745392 0.751942 0.758302 0.764461 0.770412 0.776144 0.781650 0.786919 0.791944 0.796715 0.801224 0.805462 0.809423 0.813097 0.816478 0.819559 0.822334 0.824796 0.826942 0.828765 0.830262 0.831430 0.832266 0.832769 0.832936 0.832769 0.832266 0.831430 0.830262 0.828765 0.826942 0.824796 0.822334 0.819559 0.816478 0.813097 0.809423 0.805462 0.801224 0.796715 0.791944 0.786919 0.781650 0.776144 0.770412 0.764461 0.758302 0.751942 0.745392 0.738659 0.731754 0.724684 0.717457 0.710083 0.702570 0.694925 0.687155 0.679270 0.671275 0.663178 0.654985 0.646703 0.638339 0.629897 0.621385 0.612807 0.604169 0.595476 0.586733 0.577943 0.569112 0.560244 0.551342 0.542410 0.533452 0.524471 0.515471 0.506454 0.497423 0.488381 0.479330 0.470272 0.461211 0.452147 0.443084 0.434023 0.424965 0.415912 0.406866 0.397828 0.388800 0.379782 0.370777 0.361785 0.352806 0.343843 0.334896 
0.340824 0.349867 0.358927 0.368005 0.377099 0.386208 0.395332 0.404469 0.413618 0.422778 0.431947 0.441124 0.450307 0.459495 0.468685 0.477876 0.487066 0.496253 0.505433 0.514605 0.523767 0.532914 0.542045 0.551156 0.560244 0.569304 0.578335 0.587331 0.596288 0.605202 0.614069 0.622883 0.631640 0.640333 0.648958 0.657509 0.665979 0.674361 0.682651 0.690839 0.698920 0.706885 0.714727 0.722438 0.730010 0.737433 0.744700 0.751802 0.758729 0.765472 0.772021 0.778368 0.784503 0.790415 0.796096 0.801536 0.806726 0.811656 0.816316 0.820700 0.824796 0.828599 0.832099 0.835289 0.838163 0.840715 0.842938 0.844827 0.846379 0.847590 0.848457 0.848978 0.849152 0.848978 0.848457 0.847590 0.846379 0.844827 0.842938 0.840715 0.838163 0.835289 0.832099 0.828599 0.824796 0.820700 0.816316 0.811656 0.806726 0.801536 0.796096 0.790415 0.784503 0.778368 0.772021 0.765472 0.758729 0.751802 0.744700 0.737433 0.730010 0.722438 0.714727 0.706885 0.698920 0.690839 0.682651 0.674361 0.665979 0.657509 0.648958 0.640333 0.631640 0.622883 0.614069 0.605202 0.596288 0.587331 0.578335 0.569304 0.560244 0.551156 0.542045 0.532914 0.523767 0.514605 0.505433 0.496253 0.487066 0.477876 0.468685 0.459495 0.450307 0.441124 0.431947 0.422778 0.413618 0.404469 0.395332 0.386208 0.377099 0.368005 0.358927 0.349867 0.340824 
0.346688 0.355826 0.364984 0.374162 0.383358 0.392572 0.401803 0.411050 0.420311 0.429585 0.438871 0.448168 0.457474 0.466787 0.476106 0.485428 0.494752 0.504075 0.513396 0.522712 0.532019 0.541316 0.550599 0.559866 0.569112 0.578335 0.587530 0.596694 0.605823 0.614912 0.623956 0.632950 0.641890 0.650770 0.659583 0.668325 0.676989 0.685568 0.694055 0.702444 0.710726 0.718894 0.726940 0.734856 0.742632 0.750261 0.757733 0.765038 0.772168 0.779112 0.785860 0.792403 0.798730 0.804832 0.810697 0.816316 0.821679 0.826776 0.831597 0.836133 0.840374 0.844311 0.847937 0.851243 0.854222 0.856867 0.859173 0.861133 0.862743 0.864000 0.864899 0.865440 0.865620 0.865440 0.864899 0.864000 0.862743 0.861133 0.859173 0.856867 0.854222 0.851243 0.847937 0.844311 0.840374 0.836133 0.831597 0.826776 0.821679 0.816316 0.810697 0.804832 0.798730 0.792403 0.785860 0.779112 0.772168 0.765038 0.757733 0.750261 0.742632 0.734856 0.726940 0.718894 0.710726 0.702444 0.694055 0.685568 0.676989 0.668325 0.659583 0.650770 0.641890 0.632950 0.623956 0.614912 0.605823 0.596694 0.587530 0.578335 0.569112 0.559866 0.550599 0.541316 0.532019 0.522712 0.513396 0.504075 0.494752 0.485428 0.476106 0.466787 0.457474 0.448168 0.438871 0.429585 0.420311 0.411050 0.401803 0.392572 0.383358 0.374162 0.364984 0.355826 0.346688 
0.352486 0.361720 0.370976 0.380253 0.389552 0.398871 0.408210 0.417566 0.426940 0.436330 0.445734 0.455152 0.464581 0.474021 0.483469 0.492924 0.502383 0.511845 0.521308 0.530768 0.540224 0.549672 0.559111 0.568535 0.577943 0.587331 0.596694 0.606030 0.615334 0.624600 0.633826 0.643005 0.652133 0.661203 0.670211 0.679149 0.688012 0.696793 0.705485 0.714080 0.722570 0.730948 0.739205 0.747333 0.755323 0.763165 0.770850 0.778368 0.785709 0.792863 0.799820 0.806568 0.813097 0.819396 0.825455 0.831263 0.836808 0.842081 0.847071 0.851767 0.856160 0.860241 0.864000 0.867428 0.870519 0.873264 0.875657 0.877692 0.879364 0.880668 0.881603 0.882164 0.882352 0.882164 0.881603 0.880668 0.879364 0.877692 0.875657 0.873264 0.870519 0.867428 0.864000 0.860241 0.856160 0.851767 0.847071 0.842081 0.836808 0.831263 0.825455 0.819396 0.813097 0.806568 0.799820 0.792863 0.785709 0.778368 0.770850 0.763165 0.755323 0.747333 0.739205 0.730948 0.722570 0.714080 0.705485 0.696793 0.688012 0.679149 0.670211 0.661203 0.652133 0.643005 0.633826 0.624600 0.615334 0.606030 0.596694 0.587331 0.577943 0.568535 0.559111 0.549672 0.540224 0.530768 0.521308 0.511845 0.502383 0.492924 0.483469 0.474021 0.464581 0.455152 0.445734 0.436330 0.426940 0.417566 0.408210 0.398871 0.389552 0.380253 0.370976 0.361720 0.352486 
0.358215 0.367544 0.376898 0.386276 0.395678 0.405103 0.414549 0.424016 0.433503 0.443009 0.452532 0.462071 0.471625 0.481192 0.490771 0.500360 0.509956 0.519559 0.529165 0.538772 0.548378 0.557980 0.567575 0.577161 0.586733 0.596288 0.605823 0.615334 0.624816 0.634264 0.643675 0.653044 0.662364 0.671630 0.680836 0.689977 0.699045 0.708034 0.716936 0.725744 0.734450 0.743045 0.751521 0.759869 0.768080 0.776144 0.784051 0.791791 0.799352 0.806726 0.813900 0.820863 0.827604 0.834111 0.840374 0.846379 0.852117 0.857575 0.862743 0.867610 0.872164 0.876395 0.880295 0.883854 0.887062 0.889913 0.892399 0.894513 0.896251 0.897607 0.898578 0.899162 0.899357 0.899162 0.898578 0.897607 0.896251 0.894513 0.892399 0.889913 0.887062 0.883854 0.880295 0.876395 0.872164 0.867610 0.862743 0.857575 0.852117 0.846379 0.840374 0.834111 0.827604 0.820863 0.813900 0.806726 0.799352 0.791791 0.784051 0.776144 0.768080 0.759869 0.751521 0.743045 0.734450 0.725744 0.716936 0.708034 0.699045 0.689977 0.680836 0.671630 0.662364 0.653044 0.643675 0.634264 0.624816 0.615334 0.605823 0.596288 0.586733 0.577161 0.567575 0.557980 0.548378 0.538772 0.529165 0.519559 0.509956 0.500360 0.490771 0.481192 0.471625 0.462071 0.452532 0.443009 0.433503 0.424016 0.414549 0.405103 0.395678 0.386276 0.376898 0.367544 0.358215 
0.363872 0.373297 0.382749 0.392228 0.401733 0.411263 0.420818 0.430396 0.439996 0.449619 0.459261 0.468923 0.478602 0.488298 0.498009 0.507732 0.517467 0.527211 0.536962 0.546718 0.556476 0.566234 0.575989 0.585737 0.595476 0.605202 0.614912 0.624600 0.634264 0.643899 0.653500 0.663061 0.672578 0.682045 0.691456 0.700804 0.710083 0.719286 0.728406 0.737433 0.746362 0.755182 0.763885 0.772461 0.780902 0.789196 0.797334 0.805305 0.813097 0.820700 0.828101 0.835289 0.842252 0.848978 0.855455 0.861669 0.867610 0.873264 0.878620 0.883666 0.888390 0.892782 0.896831 0.900528 0.903861 0.906825 0.909409 0.911608 0.913415 0.914826 0.915837 0.916445 0.916647 0.916445 0.915837 0.914826 0.913415 0.911608 0.909409 0.906825 0.903861 0.900528 0.896831 0.892782 0.888390 0.883666 0.878620 0.873264 0.867610 0.861669 0.855455 0.848978 0.842252 0.835289 0.828101 0.820700 0.813097 0.805305 0.797334 0.789196 0.780902 0.772461 0.763885 0.755182 0.746362 0.737433 0.728406 0.719286 0.710083 0.700804 0.691456 0.682045 0.672578 0.663061 0.653500 0.643899 0.634264 0.624600 0.614912 0.605202 0.595476 0.585737 0.575989 0.566234 0.556476 0.546718 0.536962 0.527211 0.517467 0.507732 0.498009 0.488298 0.478602 0.468923 0.459261 0.449619 0.439996 0.430396 0.420818 0.411263 0.401733 0.392228 0.382749 0.373297 0.363872 
0.369455 0.378976 0.388527 0.398106 0.407714 0.417350 0.427013 0.436703 0.446417 0.456157 0.465919 0.475704 0.485510 0.495335 0.505178 0.515038 0.524912 0.534799 0.544697 0.554603 0.564515 0.574431 0.584347 0.594261 0.604169 0.614069 0.623956 0.633826 0.643675 0.653500 0.663294 0.673053 0.682772 0.692444 0.702065 0.711626 0.721122 0.730546 0.739889 0.749144 0.758302 0.767354 0.776292 0.785105 0.793785 0.802319 0.810697 0.818909 0.826942 0.834784 0.842424 0.849848 0.857044 0.864000 0.870701 0.877136 0.883290 0.889151 0.894706 0.899942 0.904847 0.909409 0.913617 0.917459 0.920927 0.924009 0.926699 0.928988 0.930870 0.932339 0.933392 0.934025 0.934236 0.934025 0.933392 0.932339 0.930870 0.928988 0.926699 0.924009 0.920927 0.917459 0.913617 0.909409 0.904847 0.899942 0.894706 0.889151 0.883290 0.877136 0.870701 0.864000 0.857044 0.849848 0.842424 0.834784 0.826942 0.818909 0.810697 0.802319 0.793785 0.785105 0.776292 0.767354 0.758302 0.749144 0.739889 0.730546 0.721122 0.711626 0.702065 0.692444 0.682772 0.673053 0.663294 0.653500 0.643675 0.633826 0.623956 0.614069 0.604169 0.594261 0.584347 0.574431 0.564515 0.554603 0.544697 0.534799 0.524912 0.515038 0.505178 0.495335 0.485510 0.475704 0.465919 0.456157 0.446417 0.436703 0.427013 0.417350 0.407714 0.398106 0.388527 0.378976 0.369455 
0.374961 0.384578 0.394227 0.403907 0.413618 0.423360 0.433132 0.442933 0.452762 0.462619 0.472502 0.482411 0.492343 0.502299 0.512276 0.522272 0.532287 0.542319 0.552365 0.562422 0.572490 0.582566 0.592645 0.602727 0.612807 0.622883 0.632950 0.643005 0.653044 0.663061 0.673053 0.683014 0.692939 0.702823 0.712658 0.722438 0.732157 0.741807 0.751381 0.760870 0.770266 0.779559 0.788740 0.797799 0.806726 0.815509 0.824138 0.832601 0.840885 0.848978 0.856867 0.864539 0.871981 0.879177 0.886116 0.892782 0.899162 0.905242 0.911007 0.916445 0.921541 0.926284 0.930660 0.934659 0.938268 0.941478 0.944280 0.946665 0.948626 0.950158 0.951256 0.951915 0.952136 0.951915 0.951256 0.950158 0.948626 0.946665 0.944280 0.941478 0.938268 0.934659 0.930660 0.926284 0.921541 0.916445 0.911007 0.905242 0.899162 0.892782 0.886116 0.879177 0.871981 0.864539 0.856867 0.848978 0.840885 0.832601 0.824138 0.815509 0.806726 0.797799 0.788740 0.779559 0.770266 0.760870 0.751381 0.741807 0.732157 0.722438 0.712658 0.702823 0.692939 0.683014 0.673053 0.663061 0.653044 0.643005 0.632950 0.622883 0.612807 0.602727 0.592645 0.582566 0.572490 0.562422 0.552365 0.542319 0.532287 0.522272 0.512276 0.502299 0.492343 0.482411 0.472502 0.462619 0.452762 0.442933 0.433132 0.423360 0.413618 0.403907 0.394227 0.384578 0.374961 
0.380388 0.390100 0.399847 0.409628 0.419443 0.429290 0.439171 0.449084 0.459028 0.469002 0.479006 0.489039 0.499099 0.509185 0.519297 0.529432 0.539588 0.549765 0.559960 0.570171 0.580397 0.590633 0.600879 0.611131 0.621385 0.631640 0.641890 0.652133 0.662364 0.672578 0.682772 0.692939 0.703075 0.713174 0.723230 0.733235 0.743183 0.753066 0.762878 0.772608 0.782249 0.791791 0.801224 0.810538 0.819722 0.828765 0.837655 0.846379 0.854926 0.863281 0.871432 0.879364 0.887062 0.894513 0.901701 0.908612 0.915230 0.921541 0.927530 0.933181 0.938481 0.943416 0.947971 0.952136 0.955896 0.959242 0.962164 0.964652 0.966698 0.968296 0.969442 0.970131 0.970361 0.970131 0.969442 0.968296 0.966698 0.964652 0.962164 0.959242 0.955896 0.952136 0.947971 0.943416 0.938481 0.933181 0.927530 0.921541 0.915230 0.908612 0.901701 0.894513 0.887062 0.879364 0.871432 0.863281 0.854926 0.846379 0.837655 0.828765 0.819722 0.810538 0.801224 0.791791 0.782249 0.772608 0.762878 0.753066 0.743183 0.733235 0.723230 0.713174 0.703075 0.692939 0.682772 0.672578 0.662364 0.652133 0.641890 0.631640 0.621385 0.611131 0.600879 0.590633 0.580397 0.570171 0.559960 0.549765 0.539588 0.529432 0.519297 0.509185 0.499099 0.489039 0.479006 0.469002 0.459028 0.449084 0.439171 0.429290 0.419443 0.409628 0.399847 0.390100 0.380388 
0.385732 0.395540 0.405384 0.415266 0.425184 0.435138 0.445127 0.455152 0.465210 0.475303 0.485428 0.495585 0.505773 0.515991 0.526237 0.536511 0.546810 0.557134 0.567479 0.577845 0.588229 0.598629 0.609042 0.619466 0.629897 0.640333 0.650770 0.661203 0.671630 0.682045 0.692444 0.702823 0.713174 0.723494 0.733774 0.744010 0.754193 0.764317 0.774373 0.784352 0.794246 0.804045 0.813739 0.823317 0.832769 0.842081 0.851243 0.860241 0.869062 0.877692 0.886116 0.894320 0.902289 0.910008 0.917459 0.924628 0.931499 0.938055 0.944280 0.950158 0.955674 0.960813 0.965560 0.969901 0.973823 0.977315 0.980364 0.982962 0.985099 0.986769 0.987966 0.988686 0.988926 0.988686 0.987966 0.986769 0.985099 0.982962 0.980364 0.977315 0.973823 0.969901 0.965560 0.960813 0.955674 0.950158 0.944280 0.938055 0.931499 0.924628 0.917459 0.910008 0.902289 0.894320 0.886116 0.877692 0.869062 0.860241 0.851243 0.842081 0.832769 0.823317 0.813739 0.804045 0.794246 0.784352 0.774373 0.764317 0.754193 0.744010 0.733774 0.723494 0.713174 0.702823 0.692444 0.682045 0.671630 0.661203 0.650770 0.640333 0.629897 0.619466 0.609042 0.598629 0.588229 0.577845 0.567479 0.557134 0.546810 0.536511 0.526237 0.515991 0.505773 0.495585 0.485428 0.475303 0.465210 0.455152 0.445127 0.435138 0.425184 0.415266 0.405384 0.395540 0.385732 
0.390992 0.400894 0.410836 0.420818 0.430839 0.440898 0.450997 0.461133 0.471306 0.481517 0.491763 0.502045 0.512362 0.522712 0.533094 0.543507 0.553949 0.564420 0.574917 0.585439 0.595983 0.606548 0.617131 0.627729 0.638339 0.648958 0.659583 0.670211 0.680836 0.691456 0.702065 0.712658 0.723230 0.733774 0.744286 0.754758 0.765183 0.775553 0.785860 0.796096 0.806252 0.816316 0.826280 0.836133 0.845861 0.855455 0.864899 0.874182 0.883290 0.892207 0.900918 0.909409 0.917662 0.925662 0.933392 0.940834 0.947971 0.954787 0.961263 0.967382 0.973129 0.978485 0.983436 0.987966 0.992061 0.995708 0.998895 1.001610 1.003845 1.005592 1.006844 1.007597 1.007848 1.007597 1.006844 1.005592 1.003845 1.001610 0.998895 0.995708 0.992061 0.987966 0.983436 0.978485 0.973129 0.967382 0.961263 0.954787 0.947971 0.940834 0.933392 0.925662 0.917662 0.909409 0.900918 0.892207 0.883290 0.874182 0.864899 0.855455 0.845861 0.836133 0.826280 0.816316 0.806252 0.796096 0.785860 0.775553 0.765183 0.754758 0.744286 0.733774 0.723230 0.712658 0.702065 0.691456 0.680836 0.670211 0.659583 0.648958 0.638339 0.627729 0.617131 0.606548 0.595983 0.585439 0.574917 0.564420 0.553949 0.543507 0.533094 0.522712 0.512362 0.502045 0.491763 0.481517 0.471306 0.461133 0.450997 0.440898 0.430839 0.420818 0.410836 0.400894 0.390992 
