117 117
1.659587e+01 0 5
0.541618 0.552748 0.563844 0.574903 0.585920 0.596894 0.607819 0.618693 0.629510 0.640266 0.650958 0.661581 0.672129 0.682598 0.692983 0.703279 0.713479 0.723579 0.733572 0.743453 0.753215 0.762852 0.772358 0.781726 0.790948 0.800019 0.808931 0.817677 0.826249 0.834640 0.842843 0.850849 0.858652 0.866244 0.873616 0.880761 0.887672 0.894340 0.900758 0.906920 0.912816 0.918440 0.923786 0.928845 0.933613 0.938081 0.942245 0.946098 0.949635 0.952851 0.955741 0.958302 0.960528 0.962419 0.963969 0.965177 0.966042 0.966561 0.966734 0.966561 0.966042 0.965177 0.963969 0.962419 0.960528 0.958302 0.955741 0.952851 0.949635 0.946098 0.942245 0.938081 0.933613 0.928845 0.923786 0.918440 0.912816 0.906920 0.900758 0.894340 0.887672 0.880761 0.873616 0.866244 0.858652 0.850849 0.842843 0.834640 0.826249 0.817677 0.808931 0.800019 0.790948 0.781726 0.772358 0.762852 0.753215 0.743453 0.733572 0.723579 0.713479 0.703279 0.692983 0.682598 0.672129 0.661581 0.650958 0.640266 0.629510 0.618693 0.607819 0.596894 0.585920 0.574903 0.563844 0.552748 0.541618 
0.552358 0.563646 0.574903 0.586124 0.597307 0.608448 0.619544 0.630589 0.641581 0.652514 0.663385 0.674188 0.684919 0.695573 0.706144 0.716628 0.727018 0.737308 0.747494 0.757568 0.767524 0.777356 0.787058 0.796621 0.806040 0.815306 0.824413 0.833354 0.842119 0.850703 0.859097 0.867292 0.875282 0.883057 0.890610 0.897933 0.905018 0.911856 0.918440 0.924762 0.930814 0.936588 0.942078 0.947275 0.952172 0.956764 0.961043 0.965004 0.968641 0.971949 0.974921 0.977555 0.979847 0.981791 0.983387 0.984630 0.985519 0.986054 0.986232 0.986054 0.985519 0.984630 0.983387 0.981791 0.979847 0.977555 0.974921 0.971949 0.968641 0.965004 0.961043 0.956764 0.952172 0.947275 0.942078 0.936588 0.930814 0.924762 0.918440 0.911856 0.905018 0.897933 0.890610 0.883057 0.875282 0.867292 0.859097 0.850703 0.842119 0.833354 0.824413 0.815306 0.806040 0.796621 0.787058 0.777356 0.767524 0.757568 0.747494 0.737308 0.727018 0.716628 0.706144 0.695573 0.684919 0.674188 0.663385 0.652514 0.641581 0.630589 0.619544 0.608448 0.597307 0.586124 0.574903 0.563646 0.552358 
0.563053 0.574501 0.585920 0.597307 0.608658 0.619970 0.631238 0.642458 0.653628 0.664741 0.675794 0.686781 0.697699 0.708541 0.719303 0.729978 0.740562 0.751048 0.761431 0.771703 0.781858 0.791891 0.801793 0.811557 0.821177 0.830645 0.839954 0.849095 0.858060 0.866843 0.875433 0.883824 0.892007 0.899973 0.907713 0.915221 0.922486 0.929501 0.936257 0.942746 0.948959 0.954890 0.960528 0.965869 0.970902 0.975623 0.980023 0.984097 0.987838 0.991240 0.994299 0.997010 0.999368 1.001370 1.003013 1.004293 1.005209 1.005759 1.005942 1.005759 1.005209 1.004293 1.003013 1.001370 0.999368 0.997010 0.994299 0.991240 0.987838 0.984097 0.980023 0.975623 0.970902 0.965869 0.960528 0.954890 0.948959 0.942746 0.936257 0.929501 0.922486 0.915221 0.907713 0.899973 0.892007 0.883824 0.875433 0.866843 0.858060 0.849095 0.839954 0.830645 0.821177 0.811557 0.801793 0.791891 0.781858 0.771703 0.761431 0.751048 0.740562 0.729978 0.719303 0.708541 0.697699 0.686781 0.675794 0.664741 0.653628 0.642458 0.631238 0.619970 0.608658 0.597307 0.585920 0.574501 0.563053 
0.573699 0.585310 0.596894 0.608448 0.619970 0.631454 0.642898 0.654296 0.665646 0.676943 0.688181 0.699356 0.710464 0.721499 0.732455 0.743327 0.754109 0.764795 0.775379 0.785854 0.796214 0.806452 0.816560 0.826532 0.836359 0.846035 0.855550 0.864898 0.874070 0.883057 0.891851 0.900444 0.908826 0.916990 0.924925 0.932624 0.940076 0.947275 0.954209 0.960872 0.967253 0.973346 0.979141 0.984630 0.989806 0.994660 0.999187 1.003378 1.007228 1.010730 1.013879 1.016670 1.019099 1.021160 1.022852 1.024170 1.025114 1.025681 1.025870 1.025681 1.025114 1.024170 1.022852 1.021160 1.019099 1.016670 1.013879 1.010730 1.007228 1.003378 0.999187 0.994660 0.989806 0.984630 0.979141 0.973346 0.967253 0.960872 0.954209 0.947275 0.940076 0.932624 0.924925 0.916990 0.908826 0.900444 0.891851 0.883057 0.874070 0.864898 0.855550 0.846035 0.836359 0.826532 0.816560 0.806452 0.796214 0.785854 0.775379 0.764795 0.754109 0.743327 0.732455 0.721499 0.710464 0.699356 0.688181 0.676943 0.665646 0.654296 0.642898 0.631454 0.619970 0.608448 0.596894 0.585310 0.573699 
0.584293 0.596068 0.607819 0.619544 0.631238 0.642898 0.654520 0.666099 0.677633 0.689115 0.700543 0.711910 0.723211 0.734442 0.745597 0.756669 0.767654 0.778545 0.789336 0.800019 0.810589 0.821037 0.831357 0.841541 0.851582 0.861471 0.871200 0.880761 0.890145 0.899344 0.908349 0.917151 0.925740 0.934108 0.942245 0.950141 0.957789 0.965177 0.972298 0.979141 0.985698 0.991959 0.997916 1.003561 1.008885 1.013879 1.018538 1.022852 1.026815 1.030422 1.033665 1.036540 1.039042 1.041166 1.042909 1.044268 1.045240 1.045825 1.046019 1.045825 1.045240 1.044268 1.042909 1.041166 1.039042 1.036540 1.033665 1.030422 1.026815 1.022852 1.018538 1.013879 1.008885 1.003561 0.997916 0.991959 0.985698 0.979141 0.972298 0.965177 0.957789 0.950141 0.942245 0.934108 0.925740 0.917151 0.908349 0.899344 0.890145 0.880761 0.871200 0.861471 0.851582 0.841541 0.831357 0.821037 0.810589 0.800019 0.789336 0.778545 0.767654 0.756669 0.745597 0.734442 0.723211 0.711910 0.700543 0.689115 0.677633 0.666099 0.654520 0.642898 0.631238 0.619544 0.607819 0.596068 0.584293 
0.594831 0.606772 0.618693 0.630589 0.642458 0.654296 0.666099 0.677863 0.689583 0.701255 0.712875 0.724437 0.735936 0.747367 0.758724 0.770002 0.781195 0.792295 0.803297 0.814193 0.824978 0.835642 0.846180 0.856583 0.866843 0.876951 0.886900 0.896681 0.906285 0.915703 0.924925 0.933943 0.942746 0.951325 0.959671 0.967774 0.975623 0.983209 0.990523 0.997554 1.004293 1.010730 1.016857 1.022664 1.028142 1.033283 1.038079 1.042522 1.046604 1.050320 1.053662 1.056624 1.059203 1.061393 1.063190 1.064591 1.065593 1.066196 1.066397 1.066196 1.065593 1.064591 1.063190 1.061393 1.059203 1.056624 1.053662 1.050320 1.046604 1.042522 1.038079 1.033283 1.028142 1.022664 1.016857 1.010730 1.004293 0.997554 0.990523 0.983209 0.975623 0.967774 0.959671 0.951325 0.942746 0.933943 0.924925 0.915703 0.906285 0.896681 0.886900 0.876951 0.866843 0.856583 0.846180 0.835642 0.824978 0.814193 0.803297 0.792295 0.781195 0.770002 0.758724 0.747367 0.735936 0.724437 0.712875 0.701255 0.689583 0.677863 0.666099 0.654296 0.642458 0.630589 0.618693 0.606772 0.594831 
0.605308 0.617418 0.629510 0.641581 0.653628 0.665646 0.677633 0.689583 0.701493 0.713358 0.725173 0.736934 0.748634 0.760270 0.771834 0.783321 0.794725 0.806040 0.817258 0.828373 0.839377 0.850264 0.861025 0.871652 0.882138 0.892473 0.902648 0.912656 0.922486 0.932130 0.941577 0.950818 0.959842 0.968641 0.977204 0.985519 0.993578 1.001370 1.008885 1.016111 1.023040 1.029661 1.035964 1.041940 1.047580 1.052874 1.057813 1.062391 1.066598 1.070427 1.073872 1.076927 1.079587 1.081845 1.083699 1.085144 1.086178 1.086800 1.087007 1.086800 1.086178 1.085144 1.083699 1.081845 1.079587 1.076927 1.073872 1.070427 1.066598 1.062391 1.057813 1.052874 1.047580 1.041940 1.035964 1.029661 1.023040 1.016111 1.008885 1.001370 0.993578 0.985519 0.977204 0.968641 0.959842 0.950818 0.941577 0.932130 0.922486 0.912656 0.902648 0.892473 0.882138 0.871652 0.861025 0.850264 0.839377 0.828373 0.817258 0.806040 0.794725 0.783321 0.771834 0.760270 0.748634 0.736934 0.725173 0.713358 0.701493 0.689583 0.677633 0.665646 0.653628 0.641581 0.629510 0.617418 0.605308 
0.615721 0.628001 0.640266 0.652514 0.664741 0.676943 0.689115 0.701255 0.713358 0.725419 0.737433 0.749396 0.761301 0.773145 0.784920 0.796621 0.808242 0.819775 0.831215 0.842553 0.853784 0.864898 0.875888 0.886746 0.897464 0.908031 0.918440 0.928682 0.938745 0.948622 0.958302 0.967774 0.977028 0.986054 0.994841 1.003378 1.011655 1.019660 1.027384 1.034814 1.041940 1.048753 1.055240 1.061393 1.067201 1.072654 1.077745 1.082462 1.086800 1.090749 1.094302 1.097454 1.100198 1.102528 1.104441 1.105933 1.107000 1.107642 1.107856 1.107642 1.107000 1.105933 1.104441 1.102528 1.100198 1.097454 1.094302 1.090749 1.086800 1.082462 1.077745 1.072654 1.067201 1.061393 1.055240 1.048753 1.041940 1.034814 1.027384 1.019660 1.011655 1.003378 0.994841 0.986054 0.977028 0.967774 0.958302 0.948622 0.938745 0.928682 0.918440 0.908031 0.897464 0.886746 0.875888 0.864898 0.853784 0.842553 0.831215 0.819775 0.808242 0.796621 0.784920 0.773145 0.761301 0.749396 0.737433 0.725419 0.713358 0.701255 0.689115 0.676943 0.664741 0.652514 0.640266 0.628001 0.615721 
0.626066 0.638517 0.650958 0.663385 0.675794 0.688181 0.700543 0.712875 0.725173 0.737433 0.749650 0.761818 0.773933 0.785988 0.797978 0.809897 0.821739 0.833496 0.845163 0.856730 0.868192 0.879540 0.890765 0.901860 0.912816 0.923623 0.934273 0.944755 0.955060 0.965177 0.975097 0.984808 0.994299 1.003561 1.012581 1.021348 1.029851 1.038079 1.046019 1.053662 1.060994 1.068006 1.074686 1.081023 1.087007 1.092628 1.097875 1.102740 1.107214 1.111288 1.114955 1.118208 1.121041 1.123447 1.125422 1.126963 1.128065 1.128728 1.128949 1.128728 1.128065 1.126963 1.125422 1.123447 1.121041 1.118208 1.114955 1.111288 1.107214 1.102740 1.097875 1.092628 1.087007 1.081023 1.074686 1.068006 1.060994 1.053662 1.046019 1.038079 1.029851 1.021348 1.012581 1.003561 0.994299 0.984808 0.975097 0.965177 0.955060 0.944755 0.934273 0.923623 0.912816 0.901860 0.890765 0.879540 0.868192 0.856730 0.845163 0.833496 0.821739 0.809897 0.797978 0.785988 0.773933 0.761818 0.749650 0.737433 0.725173 0.712875 0.700543 0.688181 0.675794 0.663385 0.650958 0.638517 0.626066 
0.636337 0.648963 0.661581 0.674188 0.686781 0.699356 0.711910 0.724437 0.736934 0.749396 0.761818 0.774195 0.786523 0.798794 0.811004 0.823145 0.835213 0.847199 0.859097 0.870899 0.882597 0.894184 0.905651 0.916990 0.928190 0.939244 0.950141 0.960872 0.971425 0.981791 0.991959 1.001917 1.011655 1.021160 1.030422 1.039428 1.048166 1.056624 1.064791 1.072654 1.080202 1.087422 1.094302 1.100832 1.107000 1.112796 1.118208 1.123228 1.127845 1.132050 1.135836 1.139195 1.142121 1.144606 1.146647 1.148239 1.149378 1.150063 1.150291 1.150063 1.149378 1.148239 1.146647 1.144606 1.142121 1.139195 1.135836 1.132050 1.127845 1.123228 1.118208 1.112796 1.107000 1.100832 1.094302 1.087422 1.080202 1.072654 1.064791 1.056624 1.048166 1.039428 1.030422 1.021160 1.011655 1.001917 0.991959 0.981791 0.971425 0.960872 0.950141 0.939244 0.928190 0.916990 0.905651 0.894184 0.882597 0.870899 0.859097 0.847199 0.835213 0.823145 0.811004 0.798794 0.786523 0.774195 0.761818 0.749396 0.736934 0.724437 0.711910 0.699356 0.686781 0.674188 0.661581 0.648963 0.636337 
0.646531 0.659332 0.672129 0.684919 0.697699 0.710464 0.723211 0.735936 0.748634 0.761301 0.773933 0.786523 0.799066 0.811557 0.823990 0.836359 0.848657 0.860876 0.873011 0.885053 0.896994 0.908826 0.920541 0.932130 0.943582 0.954890 0.966042 0.977028 0.987838 0.998460 1.008885 1.019099 1.029091 1.038849 1.048361 1.057615 1.066598 1.075296 1.083699 1.091792 1.099563 1.107000 1.114091 1.120822 1.127183 1.133161 1.138746 1.143927 1.148694 1.153038 1.156949 1.160420 1.163443 1.166012 1.168121 1.169767 1.170945 1.171653 1.171889 1.171653 1.170945 1.169767 1.168121 1.166012 1.163443 1.160420 1.156949 1.153038 1.148694 1.143927 1.138746 1.133161 1.127183 1.120822 1.114091 1.107000 1.099563 1.091792 1.083699 1.075296 1.066598 1.057615 1.048361 1.038849 1.029091 1.019099 1.008885 0.998460 0.987838 0.977028 0.966042 0.954890 0.943582 0.932130 0.920541 0.908826 0.896994 0.885053 0.873011 0.860876 0.848657 0.836359 0.823990 0.811557 0.799066 0.786523 0.773933 0.761301 0.748634 0.735936 0.723211 0.710464 0.697699 0.684919 0.672129 0.659332 0.646531 
0.656642 0.669620 0.682598 0.695573 0.708541 0.721499 0.734442 0.747367 0.760270 0.773145 0.785988 0.798794 0.811557 0.824272 0.836933 0.849533 0.862066 0.874524 0.886900 0.899187 0.911377 0.923461 0.935430 0.947275 0.958986 0.970554 0.981968 0.993218 1.004293 1.015180 1.025870 1.036348 1.046604 1.056624 1.066397 1.075908 1.085144 1.094093 1.102740 1.111073 1.119078 1.126742 1.134052 1.140994 1.147556 1.153726 1.159492 1.164843 1.169767 1.174255 1.178297 1.181885 1.185011 1.187668 1.189850 1.191553 1.192771 1.193504 1.193748 1.193504 1.192771 1.191553 1.189850 1.187668 1.185011 1.181885 1.178297 1.174255 1.169767 1.164843 1.159492 1.153726 1.147556 1.140994 1.134052 1.126742 1.119078 1.111073 1.102740 1.094093 1.085144 1.075908 1.066397 1.056624 1.046604 1.036348 1.025870 1.015180 1.004293 0.993218 0.981968 0.970554 0.958986 0.947275 0.935430 0.923461 0.911377 0.899187 0.886900 0.874524 0.862066 0.849533 0.836933 0.824272 0.811557 0.798794 0.785988 0.773145 0.760270 0.747367 0.734442 0.721499 0.708541 0.695573 0.682598 0.669620 0.656642 
0.666666 0.679823 0.692983 0.706144 0.719303 0.732455 0.745597 0.758724 0.771834 0.784920 0.797978 0.811004 0.823990 0.836933 0.849825 0.862661 0.875433 0.888135 0.900758 0.913296 0.925740 0.938081 0.950310 0.962419 0.974396 0.986232 0.997916 1.009438 1.020785 1.031946 1.042909 1.053662 1.064190 1.074482 1.084524 1.094302 1.103803 1.113012 1.121915 1.130498 1.138746 1.146647 1.154186 1.161348 1.168121 1.174492 1.180448 1.185976 1.191066 1.195706 1.199886 1.203598 1.206832 1.209581 1.211839 1.213601 1.214863 1.215621 1.215874 1.215621 1.214863 1.213601 1.211839 1.209581 1.206832 1.203598 1.199886 1.195706 1.191066 1.185976 1.180448 1.174492 1.168121 1.161348 1.154186 1.146647 1.138746 1.130498 1.121915 1.113012 1.103803 1.094302 1.084524 1.074482 1.064190 1.053662 1.042909 1.031946 1.020785 1.009438 0.997916 0.986232 0.974396 0.962419 0.950310 0.938081 0.925740 0.913296 0.900758 0.888135 0.875433 0.862661 0.849825 0.836933 0.823990 0.811004 0.797978 0.784920 0.771834 0.758724 0.745597 0.732455 0.719303 0.706144 0.692983 0.679823 0.666666 
0.676598 0.689934 0.703279 0.716628 0.729978 0.743327 0.756669 0.770002 0.783321 0.796621 0.809897 0.823145 0.836359 0.849533 0.862661 0.875736 0.888753 0.901703 0.914579 0.927373 0.940076 0.952681 0.965177 0.977555 0.989806 1.001917 1.013879 1.025681 1.037309 1.048753 1.059999 1.071034 1.081845 1.092419 1.102740 1.112796 1.122571 1.132050 1.141219 1.150063 1.158566 1.166714 1.174492 1.181885 1.188880 1.195461 1.201615 1.207331 1.212594 1.217394 1.221719 1.225560 1.228908 1.231755 1.234093 1.235918 1.237225 1.238010 1.238272 1.238010 1.237225 1.235918 1.234093 1.231755 1.228908 1.225560 1.221719 1.217394 1.212594 1.207331 1.201615 1.195461 1.188880 1.181885 1.174492 1.166714 1.158566 1.150063 1.141219 1.132050 1.122571 1.112796 1.102740 1.092419 1.081845 1.071034 1.059999 1.048753 1.037309 1.025681 1.013879 1.001917 0.989806 0.977555 0.965177 0.952681 0.940076 0.927373 0.914579 0.901703 0.888753 0.875736 0.862661 0.849533 0.836359 0.823145 0.809897 0.796621 0.783321 0.770002 0.756669 0.743327 0.729978 0.716628 0.703279 0.689934 0.676598 
0.686432 0.699949 0.713479 0.727018 0.740562 0.754109 0.767654 0.781195 0.794725 0.808242 0.821739 0.835213 0.848657 0.862066 0.875433 0.888753 0.902018 0.915221 0.928354 0.941410 0.954379 0.967253 0.980023 0.992678 1.005209 1.017603 1.029851 1.041940 1.053859 1.065593 1.077132 1.088460 1.099563 1.110429 1.121041 1.131384 1.141444 1.151205 1.160652 1.169767 1.178536 1.186943 1.194971 1.202606 1.209831 1.216633 1.222997 1.228908 1.234354 1.239322 1.243800 1.247777 1.251245 1.254195 1.256618 1.258509 1.259864 1.260678 1.260949 1.260678 1.259864 1.258509 1.256618 1.254195 1.251245 1.247777 1.243800 1.239322 1.234354 1.228908 1.222997 1.216633 1.209831 1.202606 1.194971 1.186943 1.178536 1.169767 1.160652 1.151205 1.141444 1.131384 1.121041 1.110429 1.099563 1.088460 1.077132 1.065593 1.053859 1.041940 1.029851 1.017603 1.005209 0.992678 0.980023 0.967253 0.954379 0.941410 0.928354 0.915221 0.902018 0.888753 0.875433 0.862066 0.848657 0.835213 0.821739 0.808242 0.794725 0.781195 0.767654 0.754109 0.740562 0.727018 0.713479 0.699949 0.686432 
0.696163 0.709863 0.723579 0.737308 0.751048 0.764795 0.778545 0.792295 0.806040 0.819775 0.833496 0.847199 0.860876 0.874524 0.888135 0.901703 0.915221 0.928682 0.942078 0.955400 0.968641 0.981791 0.994841 1.007780 1.020597 1.033283 1.045825 1.058210 1.070427 1.082462 1.094302 1.105933 1.117339 1.128507 1.139420 1.150063 1.160420 1.170474 1.180209 1.189608 1.198654 1.207331 1.215621 1.223509 1.230977 1.238010 1.244593 1.250711 1.256348 1.261493 1.266132 1.270254 1.273848 1.276905 1.279418 1.281379 1.282784 1.283628 1.283910 1.283628 1.282784 1.281379 1.279418 1.276905 1.273848 1.270254 1.266132 1.261493 1.256348 1.250711 1.244593 1.238010 1.230977 1.223509 1.215621 1.207331 1.198654 1.189608 1.180209 1.170474 1.160420 1.150063 1.139420 1.128507 1.117339 1.105933 1.094302 1.082462 1.070427 1.058210 1.045825 1.033283 1.020597 1.007780 0.994841 0.981791 0.968641 0.955400 0.942078 0.928682 0.915221 0.901703 0.888135 0.874524 0.860876 0.847199 0.833496 0.819775 0.806040 0.792295 0.778545 0.764795 0.751048 0.737308 0.723579 0.709863 0.696163 
0.705785 0.719668 0.733572 0.747494 0.761431 0.775379 0.789336 0.803297 0.817258 0.831215 0.845163 0.859097 0.873011 0.886900 0.900758 0.914579 0.928354 0.942078 0.955741 0.969336 0.982854 0.996286 1.009622 1.022852 1.035964 1.048948 1.061792 1.074482 1.087007 1.099352 1.111504 1.123447 1.135166 1.146647 1.157873 1.168826 1.179491 1.189850 1.199886 1.209581 1.218917 1.227876 1.236441 1.244593 1.252316 1.259593 1.266406 1.272740 1.278579 1.283910 1.288718 1.292992 1.296720 1.299891 1.302498 1.304534 1.305991 1.306868 1.307160 1.306868 1.305991 1.304534 1.302498 1.299891 1.296720 1.292992 1.288718 1.283910 1.278579 1.272740 1.266406 1.259593 1.252316 1.244593 1.236441 1.227876 1.218917 1.209581 1.199886 1.189850 1.179491 1.168826 1.157873 1.146647 1.135166 1.123447 1.111504 1.099352 1.087007 1.074482 1.061792 1.048948 1.035964 1.022852 1.009622 0.996286 0.982854 0.969336 0.955741 0.942078 0.928354 0.914579 0.900758 0.886900 0.873011 0.859097 0.845163 0.831215 0.817258 0.803297 0.789336 0.775379 0.761431 0.747494 0.733572 0.719668 0.705785 
0.715294 0.729360 0.743453 0.757568 0.771703 0.785854 0.800019 0.814193 0.828373 0.842553 0.856730 0.870899 0.885053 0.899187 0.913296 0.927373 0.941410 0.955400 0.969336 0.983209 0.997010 1.010730 1.024359 1.037886 1.051301 1.064591 1.077745 1.090749 1.103590 1.116255 1.128728 1.140994 1.153038 1.164843 1.176392 1.187668 1.198654 1.209331 1.219680 1.229683 1.239322 1.248576 1.257428 1.265858 1.273848 1.281379 1.288434 1.294996 1.301049 1.306575 1.311562 1.315996 1.319865 1.323157 1.325864 1.327977 1.329491 1.330401 1.330705 1.330401 1.329491 1.327977 1.325864 1.323157 1.319865 1.315996 1.311562 1.306575 1.301049 1.294996 1.288434 1.281379 1.273848 1.265858 1.257428 1.248576 1.239322 1.229683 1.219680 1.209331 1.198654 1.187668 1.176392 1.164843 1.153038 1.140994 1.128728 1.116255 1.103590 1.090749 1.077745 1.064591 1.051301 1.037886 1.024359 1.010730 0.997010 0.983209 0.969336 0.955400 0.941410 0.927373 0.913296 0.899187 0.885053 0.870899 0.856730 0.842553 0.828373 0.814193 0.800019 0.785854 0.771703 0.757568 0.743453 0.729360 0.715294 
0.724682 0.738933 0.753215 0.767524 0.781858 0.796214 0.810589 0.824978 0.839377 0.853784 0.868192 0.882597 0.896994 0.911377 0.925740 0.940076 0.954379 0.968641 0.982854 0.997010 1.011100 1.025114 1.039042 1.052874 1.066598 1.080202 1.093674 1.107000 1.120168 1.133161 1.145966 1.158566 1.170945 1.183086 1.194971 1.206582 1.217901 1.228908 1.239584 1.249909 1.259864 1.269427 1.278579 1.287300 1.295570 1.303370 1.310679 1.317481 1.323757 1.329491 1.334666 1.339269 1.343286 1.346706 1.349518 1.351714 1.353288 1.354234 1.354549 1.354234 1.353288 1.351714 1.349518 1.346706 1.343286 1.339269 1.334666 1.329491 1.323757 1.317481 1.310679 1.303370 1.295570 1.287300 1.278579 1.269427 1.259864 1.249909 1.239584 1.228908 1.217901 1.206582 1.194971 1.183086 1.170945 1.158566 1.145966 1.133161 1.120168 1.107000 1.093674 1.080202 1.066598 1.052874 1.039042 1.025114 1.011100 0.997010 0.982854 0.968641 0.954379 0.940076 0.925740 0.911377 0.896994 0.882597 0.868192 0.853784 0.839377 0.824978 0.810589 0.796214 0.781858 0.767524 0.753215 0.738933 0.724682 
0.733945 0.748381 0.762852 0.777356 0.791891 0.806452 0.821037 0.835642 0.850264 0.864898 0.879540 0.894184 0.908826 0.923461 0.938081 0.952681 0.967253 0.981791 0.996286 1.010730 1.025114 1.039428 1.053662 1.067805 1.081845 1.095771 1.109570 1.123228 1.136730 1.150063 1.163210 1.176154 1.188880 1.201368 1.213601 1.225560 1.237225 1.248576 1.259593 1.270254 1.280538 1.290424 1.299891 1.308917 1.317481 1.325562 1.333140 1.340194 1.346706 1.352658 1.358032 1.362814 1.366988 1.370542 1.373466 1.375750 1.377386 1.378370 1.378698 1.378370 1.377386 1.375750 1.373466 1.370542 1.366988 1.362814 1.358032 1.352658 1.346706 1.340194 1.333140 1.325562 1.317481 1.308917 1.299891 1.290424 1.280538 1.270254 1.259593 1.248576 1.237225 1.225560 1.213601 1.201368 1.188880 1.176154 1.163210 1.150063 1.136730 1.123228 1.109570 1.095771 1.081845 1.067805 1.053662 1.039428 1.025114 1.010730 0.996286 0.981791 0.967253 0.952681 0.938081 0.923461 0.908826 0.894184 0.879540 0.864898 0.850264 0.835642 0.821037 0.806452 0.791891 0.777356 0.762852 0.748381 0.733945 
0.743075 0.757696 0.772358 0.787058 0.801793 0.816560 0.831357 0.846180 0.861025 0.875888 0.890765 0.905651 0.920541 0.935430 0.950310 0.965177 0.980023 0.994841 1.009622 1.024359 1.039042 1.053662 1.068207 1.082668 1.097033 1.111288 1.125422 1.139420 1.153267 1.166949 1.180448 1.193748 1.206832 1.219680 1.232274 1.244593 1.256618 1.268327 1.279698 1.290709 1.301338 1.311562 1.321359 1.330705 1.339577 1.347954 1.355814 1.363134 1.369895 1.376076 1.381661 1.386631 1.390972 1.394669 1.397710 1.400087 1.401790 1.402814 1.403156 1.402814 1.401790 1.400087 1.397710 1.394669 1.390972 1.386631 1.381661 1.376076 1.369895 1.363134 1.355814 1.347954 1.339577 1.330705 1.321359 1.311562 1.301338 1.290709 1.279698 1.268327 1.256618 1.244593 1.232274 1.219680 1.206832 1.193748 1.180448 1.166949 1.153267 1.139420 1.125422 1.111288 1.097033 1.082668 1.068207 1.053662 1.039042 1.024359 1.009622 0.994841 0.980023 0.965177 0.950310 0.935430 0.920541 0.905651 0.890765 0.875888 0.861025 0.846180 0.831357 0.816560 0.801793 0.787058 0.772358 0.757696 0.743075 
0.752067 0.766873 0.781726 0.796621 0.811557 0.826532 0.841541 0.856583 0.871652 0.886746 0.901860 0.916990 0.932130 0.947275 0.962419 0.977555 0.992678 1.007780 1.022852 1.037886 1.052874 1.067805 1.082668 1.097454 1.112149 1.126742 1.141219 1.155566 1.169767 1.183807 1.197670 1.211337 1.224790 1.238010 1.250978 1.263672 1.276070 1.288151 1.299891 1.311268 1.322257 1.332835 1.342977 1.352658 1.361854 1.370542 1.378698 1.386299 1.393322 1.399747 1.405553 1.410723 1.415240 1.419088 1.422254 1.424729 1.426503 1.427569 1.427925 1.427569 1.426503 1.424729 1.422254 1.419088 1.415240 1.410723 1.405553 1.399747 1.393322 1.386299 1.378698 1.370542 1.361854 1.352658 1.342977 1.332835 1.322257 1.311268 1.299891 1.288151 1.276070 1.263672 1.250978 1.238010 1.224790 1.211337 1.197670 1.183807 1.169767 1.155566 1.141219 1.126742 1.112149 1.097454 1.082668 1.067805 1.052874 1.037886 1.022852 1.007780 0.992678 0.977555 0.962419 0.947275 0.932130 0.916990 0.901860 0.886746 0.871652 0.856583 0.841541 0.826532 0.811557 0.796621 0.781726 0.766873 0.752067 
0.760914 0.775906 0.790948 0.806040 0.821177 0.836359 0.851582 0.866843 0.882138 0.897464 0.912816 0.928190 0.943582 0.958986 0.974396 0.989806 1.005209 1.020597 1.035964 1.051301 1.066598 1.081845 1.097033 1.112149 1.127183 1.142121 1.156949 1.171653 1.186218 1.200627 1.214863 1.228908 1.242743 1.256348 1.269702 1.282784 1.295570 1.308038 1.320163 1.331921 1.343286 1.354234 1.364737 1.374770 1.384307 1.393322 1.401790 1.409686 1.416986 1.423667 1.429708 1.435090 1.439792 1.443800 1.447100 1.449678 1.451527 1.452639 1.453010 1.452639 1.451527 1.449678 1.447100 1.443800 1.439792 1.435090 1.429708 1.423667 1.416986 1.409686 1.401790 1.393322 1.384307 1.374770 1.364737 1.354234 1.343286 1.331921 1.320163 1.308038 1.295570 1.282784 1.269702 1.256348 1.242743 1.228908 1.214863 1.200627 1.186218 1.171653 1.156949 1.142121 1.127183 1.112149 1.097033 1.081845 1.066598 1.051301 1.035964 1.020597 1.005209 0.989806 0.974396 0.958986 0.943582 0.928190 0.912816 0.897464 0.882138 0.866843 0.851582 0.836359 0.821177 0.806040 0.790948 0.775906 0.760914 
0.769610 0.784787 0.800019 0.815306 0.830645 0.846035 0.861471 0.876951 0.892473 0.908031 0.923623 0.939244 0.954890 0.970554 0.986232 1.001917 1.017603 1.033283 1.048948 1.064591 1.080202 1.095771 1.111288 1.126742 1.142121 1.157410 1.172598 1.187668 1.202606 1.217394 1.232014 1.246449 1.260678 1.274680 1.288434 1.301918 1.315107 1.327977 1.340503 1.352658 1.364416 1.375750 1.386631 1.397033 1.406928 1.416287 1.425083 1.433291 1.440883 1.447835 1.454125 1.459730 1.464630 1.468808 1.472248 1.474937 1.476865 1.478025 1.478413 1.478025 1.476865 1.474937 1.472248 1.468808 1.464630 1.459730 1.454125 1.447835 1.440883 1.433291 1.425083 1.416287 1.406928 1.397033 1.386631 1.375750 1.364416 1.352658 1.340503 1.327977 1.315107 1.301918 1.288434 1.274680 1.260678 1.246449 1.232014 1.217394 1.202606 1.187668 1.172598 1.157410 1.142121 1.126742 1.111288 1.095771 1.080202 1.064591 1.048948 1.033283 1.017603 1.001917 0.986232 0.970554 0.954890 0.939244 0.923623 0.908031 0.892473 0.876951 0.861471 0.846035 0.830645 0.815306 0.800019 0.784787 0.769610 
0.778149 0.793509 0.808931 0.824413 0.839954 0.855550 0.871200 0.886900 0.902648 0.918440 0.934273 0.950141 0.966042 0.981968 0.997916 1.013879 1.029851 1.045825 1.061792 1.077745 1.093674 1.109570 1.125422 1.141219 1.156949 1.172598 1.188153 1.203598 1.218917 1.234093 1.249109 1.263944 1.278579 1.292992 1.307160 1.321060 1.334666 1.347954 1.360897 1.373466 1.385634 1.397372 1.408650 1.419439 1.429708 1.439429 1.448572 1.457108 1.465009 1.472248 1.478800 1.484642 1.489751 1.494109 1.497698 1.500505 1.502518 1.503729 1.504133 1.503729 1.502518 1.500505 1.497698 1.494109 1.489751 1.484642 1.478800 1.472248 1.465009 1.457108 1.448572 1.439429 1.429708 1.419439 1.408650 1.397372 1.385634 1.373466 1.360897 1.347954 1.334666 1.321060 1.307160 1.292992 1.278579 1.263944 1.249109 1.234093 1.218917 1.203598 1.188153 1.172598 1.156949 1.141219 1.125422 1.109570 1.093674 1.077745 1.061792 1.045825 1.029851 1.013879 0.997916 0.981968 0.966042 0.950141 0.934273 0.918440 0.902648 0.886900 0.871200 0.855550 0.839954 0.824413 0.808931 0.793509 0.778149 
0.786523 0.802066 0.817677 0.833354 0.849095 0.864898 0.880761 0.896681 0.912656 0.928682 0.944755 0.960872 0.977028 0.993218 1.009438 1.025681 1.041940 1.058210 1.074482 1.090749 1.107000 1.123228 1.139420 1.155566 1.171653 1.187668 1.203598 1.219425 1.235136 1.250711 1.266132 1.281379 1.296432 1.311268 1.325864 1.340194 1.354234 1.367955 1.381331 1.394332 1.406928 1.419088 1.430781 1.441975 1.452639 1.462741 1.472248 1.481130 1.489357 1.496899 1.503729 1.509822 1.515153 1.519702 1.523450 1.526382 1.528485 1.529750 1.530172 1.529750 1.528485 1.526382 1.523450 1.519702 1.515153 1.509822 1.503729 1.496899 1.489357 1.481130 1.472248 1.462741 1.452639 1.441975 1.430781 1.419088 1.406928 1.394332 1.381331 1.367955 1.354234 1.340194 1.325864 1.311268 1.296432 1.281379 1.266132 1.250711 1.235136 1.219425 1.203598 1.187668 1.171653 1.155566 1.139420 1.123228 1.107000 1.090749 1.074482 1.058210 1.041940 1.025681 1.009438 0.993218 0.977028 0.960872 0.944755 0.928682 0.912656 0.896681 0.880761 0.864898 0.849095 0.833354 0.817677 0.802066 0.786523 
0.794725 0.810450 0.826249 0.842119 0.858060 0.874070 0.890145 0.906285 0.922486 0.938745 0.955060 0.971425 0.987838 1.004293 1.020785 1.037309 1.053859 1.070427 1.087007 1.103590 1.120168 1.136730 1.153267 1.169767 1.186218 1.202606 1.218917 1.235136 1.251245 1.267228 1.283065 1.298736 1.314219 1.329491 1.344528 1.359304 1.373792 1.387964 1.401790 1.415240 1.428282 1.440883 1.453010 1.464630 1.475708 1.486209 1.496100 1.505348 1.513919 1.521781 1.528906 1.535265 1.540832 1.545584 1.549500 1.552565 1.554763 1.556086 1.556528 1.556086 1.554763 1.552565 1.549500 1.545584 1.540832 1.535265 1.528906 1.521781 1.513919 1.505348 1.496100 1.486209 1.475708 1.464630 1.453010 1.440883 1.428282 1.415240 1.401790 1.387964 1.373792 1.359304 1.344528 1.329491 1.314219 1.298736 1.283065 1.267228 1.251245 1.235136 1.218917 1.202606 1.186218 1.169767 1.153267 1.136730 1.120168 1.103590 1.087007 1.070427 1.053859 1.037309 1.020785 1.004293 0.987838 0.971425 0.955060 0.938745 0.922486 0.906285 0.890145 0.874070 0.858060 0.842119 0.826249 0.810450 0.794725 
0.802749 0.818655 0.834640 0.850703 0.866843 0.883057 0.899344 0.915703 0.932130 0.948622 0.965177 0.981791 0.998460 1.015180 1.031946 1.048753 1.065593 1.082462 1.099352 1.116255 1.133161 1.150063 1.166949 1.183807 1.200627 1.217394 1.234093 1.250711 1.267228 1.283628 1.299891 1.315996 1.331921 1.347642 1.363134 1.378370 1.393322 1.407960 1.422254 1.436172 1.449678 1.462741 1.475322 1.487387 1.498900 1.509822 1.520117 1.529750 1.538684 1.546886 1.554323 1.560964 1.566780 1.571748 1.575844 1.579049 1.581350 1.582734 1.583197 1.582734 1.581350 1.579049 1.575844 1.571748 1.566780 1.560964 1.554323 1.546886 1.538684 1.529750 1.520117 1.509822 1.498900 1.487387 1.475322 1.462741 1.449678 1.436172 1.422254 1.407960 1.393322 1.378370 1.363134 1.347642 1.331921 1.315996 1.299891 1.283628 1.267228 1.250711 1.234093 1.217394 1.200627 1.183807 1.166949 1.150063 1.133161 1.116255 1.099352 1.082462 1.065593 1.048753 1.031946 1.015180 0.998460 0.981791 0.965177 0.948622 0.932130 0.915703 0.899344 0.883057 0.866843 0.850703 0.834640 0.818655 0.802749 
0.810589 0.826673 0.842843 0.859097 0.875433 0.891851 0.908349 0.924925 0.941577 0.958302 0.975097 0.991959 1.008885 1.025870 1.042909 1.059999 1.077132 1.094302 1.111504 1.128728 1.145966 1.163210 1.180448 1.197670 1.214863 1.232014 1.249109 1.266132 1.283065 1.299891 1.316590 1.333140 1.349518 1.365701 1.381661 1.397372 1.412803 1.427925 1.442705 1.457108 1.471099 1.484642 1.497698 1.510230 1.522198 1.533563 1.544284 1.554323 1.563641 1.572201 1.579968 1.586908 1.592990 1.598187 1.602473 1.605829 1.608238 1.609688 1.610172 1.609688 1.608238 1.605829 1.602473 1.598187 1.592990 1.586908 1.579968 1.572201 1.563641 1.554323 1.544284 1.533563 1.522198 1.510230 1.497698 1.484642 1.471099 1.457108 1.442705 1.427925 1.412803 1.397372 1.381661 1.365701 1.349518 1.333140 1.316590 1.299891 1.283065 1.266132 1.249109 1.232014 1.214863 1.197670 1.180448 1.163210 1.145966 1.128728 1.111504 1.094302 1.077132 1.059999 1.042909 1.025870 1.008885 0.991959 0.975097 0.958302 0.941577 0.924925 0.908349 0.891851 0.875433 0.859097 0.842843 0.826673 0.810589 
0.818236 0.834497 0.850849 0.867292 0.883824 0.900444 0.917151 0.933943 0.950818 0.967774 0.984808 1.001917 1.019099 1.036348 1.053662 1.071034 1.088460 1.105933 1.123447 1.140994 1.158566 1.176154 1.193748 1.211337 1.228908 1.246449 1.263944 1.281379 1.298736 1.315996 1.333140 1.350145 1.366988 1.383644 1.400087 1.416287 1.432214 1.447835 1.463118 1.478025 1.492521 1.506565 1.520117 1.533138 1.545584 1.557412 1.568582 1.579049 1.588773 1.597712 1.605829 1.613086 1.619450 1.624890 1.629379 1.632895 1.635419 1.636939 1.637447 1.636939 1.635419 1.632895 1.629379 1.624890 1.619450 1.613086 1.605829 1.597712 1.588773 1.579049 1.568582 1.557412 1.545584 1.533138 1.520117 1.506565 1.492521 1.478025 1.463118 1.447835 1.432214 1.416287 1.400087 1.383644 1.366988 1.350145 1.333140 1.315996 1.298736 1.281379 1.263944 1.246449 1.228908 1.211337 1.193748 1.176154 1.158566 1.140994 1.123447 1.105933 1.088460 1.071034 1.053662 1.036348 1.019099 1.001917 0.984808 0.967774 0.950818 0.933943 0.917151 0.900444 0.883824 0.867292 0.850849 0.834497 0.818236 
0.825684 0.842119 0.858652 0.875282 0.892007 0.908826 0.925740 0.942746 0.959842 0.977028 0.994299 1.011655 1.029091 1.046604 1.064190 1.081845 1.099563 1.117339 1.135166 1.153038 1.170945 1.188880 1.206832 1.224790 1.242743 1.260678 1.278579 1.296432 1.314219 1.331921 1.349518 1.366988 1.384307 1.401449 1.418386 1.435090 1.451527 1.467665 1.483469 1.498900 1.513919 1.528485 1.542555 1.556086 1.569033 1.581350 1.592990 1.603909 1.614061 1.623401 1.631888 1.639482 1.646144 1.651843 1.656548 1.660234 1.662882 1.664476 1.665009 1.664476 1.662882 1.660234 1.656548 1.651843 1.646144 1.639482 1.631888 1.623401 1.614061 1.603909 1.592990 1.581350 1.569033 1.556086 1.542555 1.528485 1.513919 1.498900 1.483469 1.467665 1.451527 1.435090 1.418386 1.401449 1.384307 1.366988 1.349518 1.331921 1.314219 1.296432 1.278579 1.260678 1.242743 1.224790 1.206832 1.188880 1.170945 1.153038 1.135166 1.117339 1.099563 1.081845 1.064190 1.046604 1.029091 1.011655 0.994299 0.977028 0.959842 0.942746 0.925740 0.908826 0.892007 0.875282 0.858652 0.842119 0.825684 
0.832925 0.849533 0.866244 0.883057 0.899973 0.916990 0.934108 0.951325 0.968641 0.986054 1.003561 1.021160 1.038849 1.056624 1.074482 1.092419 1.110429 1.128507 1.146647 1.164843 1.183086 1.201368 1.219680 1.238010 1.256348 1.274680 1.292992 1.311268 1.329491 1.347642 1.365701 1.383644 1.401449 1.419088 1.436533 1.453753 1.470716 1.487387 1.503729 1.519702 1.535265 1.550374 1.564984 1.579049 1.592520 1.605348 1.617484 1.628878 1.639482 1.649246 1.658125 1.666075 1.673055 1.679029 1.683963 1.687831 1.690610 1.692283 1.692842 1.692283 1.690610 1.687831 1.683963 1.679029 1.673055 1.666075 1.658125 1.649246 1.639482 1.628878 1.617484 1.605348 1.592520 1.579049 1.564984 1.550374 1.535265 1.519702 1.503729 1.487387 1.470716 1.453753 1.436533 1.419088 1.401449 1.383644 1.365701 1.347642 1.329491 1.311268 1.292992 1.274680 1.256348 1.238010 1.219680 1.201368 1.183086 1.164843 1.146647 1.128507 1.110429 1.092419 1.074482 1.056624 1.038849 1.021160 1.003561 0.986054 0.968641 0.951325 0.934108 0.916990 0.899973 0.883057 0.866244 0.849533 0.832925 
0.839954 0.856730 0.873616 0.890610 0.907713 0.924925 0.942245 0.959671 0.977204 0.994841 1.012581 1.030422 1.048361 1.066397 1.084524 1.102740 1.121041 1.139420 1.157873 1.176392 1.194971 1.213601 1.232274 1.250978 1.269702 1.288434 1.307160 1.325864 1.344528 1.363134 1.381661 1.400087 1.418386 1.436533 1.454497 1.472248 1.489751 1.506971 1.523868 1.540402 1.556528 1.572201 1.587374 1.601995 1.616014 1.629379 1.642035 1.653929 1.665009 1.675220 1.684514 1.692842 1.700160 1.706426 1.711604 1.715665 1.718583 1.720342 1.720929 1.720342 1.718583 1.715665 1.711604 1.706426 1.700160 1.692842 1.684514 1.675220 1.665009 1.653929 1.642035 1.629379 1.616014 1.601995 1.587374 1.572201 1.556528 1.540402 1.523868 1.506971 1.489751 1.472248 1.454497 1.436533 1.418386 1.400087 1.381661 1.363134 1.344528 1.325864 1.307160 1.288434 1.269702 1.250978 1.232274 1.213601 1.194971 1.176392 1.157873 1.139420 1.121041 1.102740 1.084524 1.066397 1.048361 1.030422 1.012581 0.994841 0.977204 0.959671 0.942245 0.924925 0.907713 0.890610 0.873616 0.856730 0.839954 
0.846762 0.863704 0.880761 0.897933 0.915221 0.932624 0.950141 0.967774 0.985519 1.003378 1.021348 1.039428 1.057615 1.075908 1.094302 1.112796 1.131384 1.150063 1.168826 1.187668 1.206582 1.225560 1.244593 1.263672 1.282784 1.301918 1.321060 1.340194 1.359304 1.378370 1.397372 1.416287 1.435090 1.453753 1.472248 1.490541 1.508598 1.526382 1.543851 1.560964 1.577673 1.593932 1.609688 1.624890 1.639482 1.653407 1.666609 1.679029 1.690610 1.701294 1.711027 1.719755 1.727430 1.734006 1.739444 1.743710 1.746777 1.748626 1.749243 1.748626 1.746777 1.743710 1.739444 1.734006 1.727430 1.719755 1.711027 1.701294 1.690610 1.679029 1.666609 1.653407 1.639482 1.624890 1.609688 1.593932 1.577673 1.560964 1.543851 1.526382 1.508598 1.490541 1.472248 1.453753 1.435090 1.416287 1.397372 1.378370 1.359304 1.340194 1.321060 1.301918 1.282784 1.263672 1.244593 1.225560 1.206582 1.187668 1.168826 1.150063 1.131384 1.112796 1.094302 1.075908 1.057615 1.039428 1.021348 1.003378 0.985519 0.967774 0.950141 0.932624 0.915221 0.897933 0.880761 0.863704 0.846762 
0.853343 0.870447 0.887672 0.905018 0.922486 0.940076 0.957789 0.975623 0.993578 1.011655 1.029851 1.048166 1.066598 1.085144 1.103803 1.122571 1.141444 1.160420 1.179491 1.198654 1.217901 1.237225 1.256618 1.276070 1.295570 1.315107 1.334666 1.354234 1.373792 1.393322 1.412803 1.432214 1.451527 1.470716 1.489751 1.508598 1.527222 1.545584 1.563641 1.581350 1.598661 1.615525 1.631888 1.647693 1.662882 1.677394 1.691167 1.704139 1.716247 1.727430 1.737625 1.746777 1.754831 1.761737 1.767450 1.771935 1.775161 1.777105 1.777755 1.777105 1.775161 1.771935 1.767450 1.761737 1.754831 1.746777 1.737625 1.727430 1.716247 1.704139 1.691167 1.677394 1.662882 1.647693 1.631888 1.615525 1.598661 1.581350 1.563641 1.545584 1.527222 1.508598 1.489751 1.470716 1.451527 1.432214 1.412803 1.393322 1.373792 1.354234 1.334666 1.315107 1.295570 1.276070 1.256618 1.237225 1.217901 1.198654 1.179491 1.160420 1.141444 1.122571 1.103803 1.085144 1.066598 1.048166 1.029851 1.011655 0.993578 0.975623 0.957789 0.940076 0.922486 0.905018 0.887672 0.870447 0.853343 
0.859689 0.876951 0.894340 0.911856 0.929501 0.947275 0.965177 0.983209 1.001370 1.019660 1.038079 1.056624 1.075296 1.094093 1.113012 1.132050 1.151205 1.170474 1.189850 1.209331 1.228908 1.248576 1.268327 1.288151 1.308038 1.327977 1.347954 1.367955 1.387964 1.407960 1.427925 1.447835 1.467665 1.487387 1.506971 1.526382 1.545584 1.564536 1.583197 1.601518 1.619450 1.636939 1.653929 1.670361 1.686170 1.701294 1.715665 1.729216 1.741878 1.753584 1.764269 1.773868 1.782323 1.789578 1.795585 1.800302 1.803696 1.805742 1.806426 1.805742 1.803696 1.800302 1.795585 1.789578 1.782323 1.773868 1.764269 1.753584 1.741878 1.729216 1.715665 1.701294 1.686170 1.670361 1.653929 1.636939 1.619450 1.601518 1.583197 1.564536 1.545584 1.526382 1.506971 1.487387 1.467665 1.447835 1.427925 1.407960 1.387964 1.367955 1.347954 1.327977 1.308038 1.288151 1.268327 1.248576 1.228908 1.209331 1.189850 1.170474 1.151205 1.132050 1.113012 1.094093 1.075296 1.056624 1.038079 1.019660 1.001370 0.983209 0.965177 0.947275 0.929501 0.911856 0.894340 0.876951 0.859689 
0.865795 0.883210 0.900758 0.918440 0.936257 0.954209 0.972298 0.990523 1.008885 1.027384 1.046019 1.064791 1.083699 1.102740 1.121915 1.141219 1.160652 1.180209 1.199886 1.219680 1.239584 1.259593 1.279698 1.299891 1.320163 1.340503 1.360897 1.381331 1.401790 1.422254 1.442705 1.463118 1.483469 1.503729 1.523868 1.543851 1.563641 1.583197 1.602473 1.621422 1.639991 1.658125 1.675763 1.692842 1.709297 1.725057 1.740052 1.754207 1.767450 1.779708 1.790907 1.800979 1.809857 1.817482 1.823799 1.828763 1.832336 1.834491 1.835211 1.834491 1.832336 1.828763 1.823799 1.817482 1.809857 1.800979 1.790907 1.779708 1.767450 1.754207 1.740052 1.725057 1.709297 1.692842 1.675763 1.658125 1.639991 1.621422 1.602473 1.583197 1.563641 1.543851 1.523868 1.503729 1.483469 1.463118 1.442705 1.422254 1.401790 1.381331 1.360897 1.340503 1.320163 1.299891 1.279698 1.259593 1.239584 1.219680 1.199886 1.180209 1.160652 1.141219 1.121915 1.102740 1.083699 1.064791 1.046019 1.027384 1.008885 0.990523 0.972298 0.954209 0.936257 0.918440 0.900758 0.883210 0.865795 
