145 145
4.508167e+01 0 5
0.647691 0.657321 0.666931 0.676517 0.686079 0.695614 0.705121 0.714597 0.724040 0.733448 0.742819 0.752151 0.761440 0.770686 0.779884 0.789033 0.798129 0.807170 0.816153 0.825074 0.833932 0.842722 0.851441 0.860087 0.868654 0.877141 0.885544 0.893857 0.902079 0.910205 0.918231 0.926153 0.933967 0.941669 0.949254 0.956719 0.964059 0.971269 0.978345 0.985283 0.992078 0.998726 1.005221 1.011560 1.017737 1.023749 1.029591 1.035257 1.040744 1.046048 1.051163 1.056085 1.060811 1.065336 1.069655 1.073766 1.077664 1.081346 1.084807 1.088046 1.091057 1.093840 1.096390 1.098705 1.100784 1.102623 1.104220 1.105575 1.106685 1.107550 1.108168 1.108540 1.108664 1.108540 1.108168 1.107550 1.106685 1.105575 1.104220 1.102623 1.100784 1.098705 1.096390 1.093840 1.091057 1.088046 1.084807 1.081346 1.077664 1.073766 1.069655 1.065336 1.060811 1.056085 1.051163 1.046048 1.040744 1.035257 1.029591 1.023749 1.017737 1.011560 1.005221 0.998726 0.992078 0.985283 0.978345 0.971269 0.964059 0.956719 0.949254 0.941669 0.933967 0.926153 0.918231 0.910205 0.902079 0.893857 0.885544 0.877141 0.868654 0.860087 0.851441 0.842722 0.833932 0.825074 0.816153 0.807170 0.798129 0.789033 0.779884 0.770686 0.761440 0.752151 0.742819 0.733448 0.724040 0.714597 0.705121 0.695614 0.686079 0.676517 0.666931 0.657321 0.647691 
0.656644 0.666383 0.676101 0.685798 0.695472 0.705121 0.714742 0.724334 0.733895 0.743423 0.752914 0.762368 0.771781 0.781150 0.790474 0.799750 0.808974 0.818145 0.827258 0.836311 0.845301 0.854225 0.863079 0.871859 0.880563 0.889187 0.897726 0.906178 0.914538 0.922802 0.930967 0.939028 0.946980 0.954821 0.962545 0.970147 0.977624 0.984971 0.992183 0.999256 1.006184 1.012964 1.019590 1.026058 1.032363 1.038500 1.044464 1.050251 1.055856 1.061274 1.066501 1.071532 1.076362 1.080988 1.085406 1.089610 1.093597 1.097364 1.100906 1.104220 1.107303 1.110151 1.112762 1.115132 1.117260 1.119143 1.120780 1.122167 1.123304 1.124190 1.124823 1.125204 1.125331 1.125204 1.124823 1.124190 1.123304 1.122167 1.120780 1.119143 1.117260 1.115132 1.112762 1.110151 1.107303 1.104220 1.100906 1.097364 1.093597 1.089610 1.085406 1.080988 1.076362 1.071532 1.066501 1.061274 1.055856 1.050251 1.044464 1.038500 1.032363 1.026058 1.019590 1.012964 1.006184 0.999256 0.992183 0.984971 0.977624 0.970147 0.962545 0.954821 0.946980 0.939028 0.930967 0.922802 0.914538 0.906178 0.897726 0.889187 0.880563 0.871859 0.863079 0.854225 0.845301 0.836311 0.827258 0.818145 0.808974 0.799750 0.790474 0.781150 0.771781 0.762368 0.752914 0.743423 0.733895 0.724334 0.714742 0.705121 0.695472 0.685798 0.676101 0.666383 0.656644 
0.665561 0.675408 0.685237 0.695046 0.704833 0.714597 0.724334 0.734045 0.743725 0.753373 0.762987 0.772564 0.782102 0.791598 0.801049 0.810454 0.819809 0.829111 0.838357 0.847544 0.856669 0.865729 0.874719 0.883638 0.892481 0.901244 0.909923 0.918516 0.927017 0.935423 0.943730 0.951933 0.960028 0.968010 0.975876 0.983620 0.991238 0.998726 1.006077 1.013288 1.020355 1.027270 1.034031 1.040632 1.047068 1.053334 1.059425 1.065336 1.071062 1.076599 1.081941 1.087084 1.092024 1.096755 1.101274 1.105575 1.109655 1.113510 1.117135 1.120528 1.123684 1.126600 1.129274 1.131702 1.133881 1.135810 1.137486 1.138908 1.140073 1.140981 1.141630 1.142019 1.142149 1.142019 1.141630 1.140981 1.140073 1.138908 1.137486 1.135810 1.133881 1.131702 1.129274 1.126600 1.123684 1.120528 1.117135 1.113510 1.109655 1.105575 1.101274 1.096755 1.092024 1.087084 1.081941 1.076599 1.071062 1.065336 1.059425 1.053334 1.047068 1.040632 1.034031 1.027270 1.020355 1.013288 1.006077 0.998726 0.991238 0.983620 0.975876 0.968010 0.960028 0.951933 0.943730 0.935423 0.927017 0.918516 0.909923 0.901244 0.892481 0.883638 0.874719 0.865729 0.856669 0.847544 0.838357 0.829111 0.819809 0.810454 0.801049 0.791598 0.782102 0.772564 0.762987 0.753373 0.743725 0.734045 0.724334 0.714597 0.704833 0.695046 0.685237 0.675408 0.665561 
0.674439 0.684396 0.694336 0.704258 0.714160 0.724040 0.733895 0.743725 0.753526 0.763296 0.773034 0.782736 0.792401 0.802025 0.811607 0.821143 0.830630 0.840066 0.849447 0.858770 0.868033 0.877231 0.886362 0.895421 0.904405 0.913311 0.922134 0.930870 0.939516 0.948067 0.956519 0.964868 0.973108 0.981237 0.989248 0.997137 1.004900 1.012532 1.020027 1.027381 1.034588 1.041644 1.048544 1.055282 1.061853 1.068251 1.074473 1.080513 1.086365 1.092024 1.097486 1.102745 1.107797 1.112637 1.117260 1.121662 1.125838 1.129784 1.133496 1.136970 1.140203 1.143190 1.145929 1.148416 1.150650 1.152626 1.154344 1.155801 1.156995 1.157925 1.158591 1.158990 1.159123 1.158990 1.158591 1.157925 1.156995 1.155801 1.154344 1.152626 1.150650 1.148416 1.145929 1.143190 1.140203 1.136970 1.133496 1.129784 1.125838 1.121662 1.117260 1.112637 1.107797 1.102745 1.097486 1.092024 1.086365 1.080513 1.074473 1.068251 1.061853 1.055282 1.048544 1.041644 1.034588 1.027381 1.020027 1.012532 1.004900 0.997137 0.989248 0.981237 0.973108 0.964868 0.956519 0.948067 0.939516 0.930870 0.922134 0.913311 0.904405 0.895421 0.886362 0.877231 0.868033 0.858770 0.849447 0.840066 0.830630 0.821143 0.811607 0.802025 0.792401 0.782736 0.773034 0.763296 0.753526 0.743725 0.733895 0.724040 0.714160 0.704258 0.694336 0.684396 0.674439 
0.683276 0.693344 0.703397 0.713433 0.723451 0.733448 0.743423 0.753373 0.763296 0.773191 0.783054 0.792883 0.802677 0.812431 0.822145 0.831814 0.841435 0.851007 0.860526 0.869988 0.879391 0.888730 0.898003 0.907206 0.916335 0.925386 0.934355 0.943239 0.952032 0.960732 0.969332 0.977830 0.986220 0.994498 1.002658 1.010697 1.018609 1.026388 1.034031 1.041532 1.048885 1.056085 1.063128 1.070007 1.076717 1.083253 1.089610 1.095782 1.101764 1.107550 1.113136 1.118515 1.123684 1.128636 1.133368 1.137874 1.142149 1.146190 1.149992 1.153551 1.156862 1.159923 1.162730 1.165279 1.167568 1.169595 1.171356 1.172849 1.174074 1.175028 1.175710 1.176119 1.176256 1.176119 1.175710 1.175028 1.174074 1.172849 1.171356 1.169595 1.167568 1.165279 1.162730 1.159923 1.156862 1.153551 1.149992 1.146190 1.142149 1.137874 1.133368 1.128636 1.123684 1.118515 1.113136 1.107550 1.101764 1.095782 1.089610 1.083253 1.076717 1.070007 1.063128 1.056085 1.048885 1.041532 1.034031 1.026388 1.018609 1.010697 1.002658 0.994498 0.986220 0.977830 0.969332 0.960732 0.952032 0.943239 0.934355 0.925386 0.916335 0.907206 0.898003 0.888730 0.879391 0.869988 0.860526 0.851007 0.841435 0.831814 0.822145 0.812431 0.802677 0.792883 0.783054 0.773191 0.763296 0.753373 0.743423 0.733448 0.723451 0.713433 0.703397 0.693344 0.683276 
0.692069 0.702250 0.712417 0.722568 0.732703 0.742819 0.752914 0.762987 0.773034 0.783054 0.793044 0.803003 0.812927 0.822813 0.832660 0.842464 0.852223 0.861933 0.871592 0.881195 0.890740 0.900224 0.909642 0.918991 0.928267 0.937467 0.946586 0.955619 0.964564 0.973415 0.982168 0.990819 0.999362 1.007793 1.016107 1.024298 1.032363 1.040295 1.048089 1.055741 1.063244 1.070593 1.077782 1.084807 1.091661 1.098339 1.104836 1.111144 1.117260 1.123178 1.128891 1.134395 1.139684 1.144754 1.149598 1.154212 1.158591 1.162730 1.166625 1.170271 1.173665 1.176803 1.179680 1.182294 1.184641 1.186719 1.188525 1.190056 1.191312 1.192291 1.192990 1.193411 1.193551 1.193411 1.192990 1.192291 1.191312 1.190056 1.188525 1.186719 1.184641 1.182294 1.179680 1.176803 1.173665 1.170271 1.166625 1.162730 1.158591 1.154212 1.149598 1.144754 1.139684 1.134395 1.128891 1.123178 1.117260 1.111144 1.104836 1.098339 1.091661 1.084807 1.077782 1.070593 1.063244 1.055741 1.048089 1.040295 1.032363 1.024298 1.016107 1.007793 0.999362 0.990819 0.982168 0.973415 0.964564 0.955619 0.946586 0.937467 0.928267 0.918991 0.909642 0.900224 0.890740 0.881195 0.871592 0.861933 0.852223 0.842464 0.832660 0.822813 0.812927 0.803003 0.793044 0.783054 0.773034 0.762987 0.752914 0.742819 0.732703 0.722568 0.712417 0.702250 0.692069 
0.700818 0.711111 0.721393 0.731662 0.741915 0.752151 0.762368 0.772564 0.782736 0.792883 0.803003 0.813092 0.823148 0.833169 0.843151 0.853093 0.862991 0.872841 0.882642 0.892389 0.902079 0.911709 0.921275 0.930774 0.940200 0.949551 0.958823 0.968010 0.977110 0.986116 0.995025 1.003832 1.012532 1.021120 1.029591 1.037940 1.046161 1.054250 1.062200 1.070007 1.077664 1.085166 1.092508 1.099683 1.106685 1.113510 1.120150 1.126600 1.132855 1.138908 1.144754 1.150387 1.155801 1.160991 1.165952 1.170678 1.175164 1.179405 1.183397 1.187135 1.190614 1.193831 1.196782 1.199462 1.201870 1.204001 1.205854 1.207426 1.208715 1.209719 1.210437 1.210868 1.211012 1.210868 1.210437 1.209719 1.208715 1.207426 1.205854 1.204001 1.201870 1.199462 1.196782 1.193831 1.190614 1.187135 1.183397 1.179405 1.175164 1.170678 1.165952 1.160991 1.155801 1.150387 1.144754 1.138908 1.132855 1.126600 1.120150 1.113510 1.106685 1.099683 1.092508 1.085166 1.077664 1.070007 1.062200 1.054250 1.046161 1.037940 1.029591 1.021120 1.012532 1.003832 0.995025 0.986116 0.977110 0.968010 0.958823 0.949551 0.940200 0.930774 0.921275 0.911709 0.902079 0.892389 0.882642 0.872841 0.862991 0.853093 0.843151 0.833169 0.823148 0.813092 0.803003 0.792883 0.782736 0.772564 0.762368 0.752151 0.741915 0.731662 0.721393 0.711111 0.700818 
0.709519 0.719927 0.730324 0.740710 0.751083 0.761440 0.771781 0.782102 0.792401 0.802677 0.812927 0.823148 0.833338 0.843495 0.853615 0.863696 0.873735 0.883729 0.893674 0.903567 0.913405 0.923184 0.932901 0.942551 0.952132 0.961637 0.971065 0.980409 0.989666 0.998832 1.007900 1.016867 1.025728 1.034477 1.043109 1.051619 1.060002 1.068251 1.076362 1.084329 1.092145 1.099805 1.107303 1.114633 1.121788 1.128764 1.135553 1.142149 1.148548 1.154741 1.160724 1.166490 1.172034 1.177350 1.182431 1.187274 1.191871 1.196219 1.200311 1.204144 1.207712 1.211012 1.214038 1.216789 1.219259 1.221447 1.223348 1.224961 1.226284 1.227315 1.228052 1.228495 1.228642 1.228495 1.228052 1.227315 1.226284 1.224961 1.223348 1.221447 1.219259 1.216789 1.214038 1.211012 1.207712 1.204144 1.200311 1.196219 1.191871 1.187274 1.182431 1.177350 1.172034 1.166490 1.160724 1.154741 1.148548 1.142149 1.135553 1.128764 1.121788 1.114633 1.107303 1.099805 1.092145 1.084329 1.076362 1.068251 1.060002 1.051619 1.043109 1.034477 1.025728 1.016867 1.007900 0.998832 0.989666 0.980409 0.971065 0.961637 0.952132 0.942551 0.932901 0.923184 0.913405 0.903567 0.893674 0.883729 0.873735 0.863696 0.853615 0.843495 0.833338 0.823148 0.812927 0.802677 0.792401 0.782102 0.771781 0.761440 0.751083 0.740710 0.730324 0.719927 0.709519 
0.718170 0.728693 0.739207 0.749712 0.760206 0.770686 0.781150 0.791598 0.802025 0.812431 0.822813 0.833169 0.843495 0.853789 0.864049 0.874272 0.884454 0.894593 0.904685 0.914727 0.924715 0.934646 0.944517 0.954322 0.964059 0.973722 0.983309 0.992814 1.002232 1.011560 1.020792 1.029923 1.038948 1.047862 1.056660 1.065336 1.073884 1.082299 1.090575 1.098705 1.106685 1.114508 1.122167 1.129657 1.136970 1.144102 1.151045 1.157792 1.164339 1.170678 1.176803 1.182707 1.188385 1.193831 1.199038 1.204001 1.208715 1.213172 1.217369 1.221301 1.224961 1.228347 1.231453 1.234276 1.236812 1.239058 1.241010 1.242666 1.244025 1.245083 1.245840 1.246295 1.246446 1.246295 1.245840 1.245083 1.244025 1.242666 1.241010 1.239058 1.236812 1.234276 1.231453 1.228347 1.224961 1.221301 1.217369 1.213172 1.208715 1.204001 1.199038 1.193831 1.188385 1.182707 1.176803 1.170678 1.164339 1.157792 1.151045 1.144102 1.136970 1.129657 1.122167 1.114508 1.106685 1.098705 1.090575 1.082299 1.073884 1.065336 1.056660 1.047862 1.038948 1.029923 1.020792 1.011560 1.002232 0.992814 0.983309 0.973722 0.964059 0.954322 0.944517 0.934646 0.924715 0.914727 0.904685 0.894593 0.884454 0.874272 0.864049 0.853789 0.843495 0.833169 0.822813 0.812431 0.802025 0.791598 0.781150 0.770686 0.760206 0.749712 0.739207 0.728693 0.718170 
0.726769 0.737408 0.748040 0.758665 0.769280 0.779884 0.790474 0.801049 0.811607 0.822145 0.832660 0.843151 0.853615 0.864049 0.874451 0.884817 0.895145 0.905431 0.915672 0.925865 0.936007 0.946092 0.956119 0.966083 0.975979 0.985803 0.995552 1.005221 1.014805 1.024298 1.033697 1.042996 1.052190 1.061274 1.070241 1.079087 1.087805 1.096390 1.104836 1.113136 1.121284 1.129274 1.137099 1.144754 1.152231 1.159523 1.166625 1.173529 1.180229 1.186719 1.192990 1.199038 1.204856 1.210437 1.215774 1.220863 1.225696 1.230268 1.234574 1.238608 1.242365 1.245840 1.249029 1.251928 1.254532 1.256838 1.258843 1.260545 1.261940 1.263028 1.263805 1.264272 1.264428 1.264272 1.263805 1.263028 1.261940 1.260545 1.258843 1.256838 1.254532 1.251928 1.249029 1.245840 1.242365 1.238608 1.234574 1.230268 1.225696 1.220863 1.215774 1.210437 1.204856 1.199038 1.192990 1.186719 1.180229 1.173529 1.166625 1.159523 1.152231 1.144754 1.137099 1.129274 1.121284 1.113136 1.104836 1.096390 1.087805 1.079087 1.070241 1.061274 1.052190 1.042996 1.033697 1.024298 1.014805 1.005221 0.995552 0.985803 0.975979 0.966083 0.956119 0.946092 0.936007 0.925865 0.915672 0.905431 0.895145 0.884817 0.874451 0.864049 0.853615 0.843151 0.832660 0.822145 0.811607 0.801049 0.790474 0.779884 0.769280 0.758665 0.748040 0.737408 0.726769 
0.735313 0.746069 0.756820 0.767566 0.778304 0.789033 0.799750 0.810454 0.821143 0.831814 0.842464 0.853093 0.863696 0.874272 0.884817 0.895329 0.905804 0.916240 0.926633 0.936980 0.947277 0.957520 0.967706 0.977830 0.987889 0.997878 1.007793 1.017629 1.027381 1.037044 1.046614 1.056085 1.065452 1.074709 1.083851 1.092871 1.101764 1.110523 1.119143 1.127617 1.135939 1.144102 1.152099 1.159923 1.167568 1.175028 1.182294 1.189360 1.196219 1.202864 1.209288 1.215485 1.221447 1.227167 1.232640 1.237859 1.242817 1.247509 1.251928 1.256068 1.259926 1.263494 1.266769 1.269746 1.272422 1.274791 1.276852 1.278600 1.280035 1.281152 1.281952 1.282432 1.282592 1.282432 1.281952 1.281152 1.280035 1.278600 1.276852 1.274791 1.272422 1.269746 1.266769 1.263494 1.259926 1.256068 1.251928 1.247509 1.242817 1.237859 1.232640 1.227167 1.221447 1.215485 1.209288 1.202864 1.196219 1.189360 1.182294 1.175028 1.167568 1.159923 1.152099 1.144102 1.135939 1.127617 1.119143 1.110523 1.101764 1.092871 1.083851 1.074709 1.065452 1.056085 1.046614 1.037044 1.027381 1.017629 1.007793 0.997878 0.987889 0.977830 0.967706 0.957520 0.947277 0.936980 0.926633 0.916240 0.905804 0.895329 0.884817 0.874272 0.863696 0.853093 0.842464 0.831814 0.821143 0.810454 0.799750 0.789033 0.778304 0.767566 0.756820 0.746069 0.735313 
0.743800 0.754673 0.765545 0.776412 0.787274 0.798129 0.808974 0.819809 0.830630 0.841435 0.852223 0.862991 0.873735 0.884454 0.895145 0.905804 0.916429 0.927017 0.937564 0.948067 0.958522 0.968925 0.979273 0.989562 0.999786 1.009943 1.020027 1.030033 1.039958 1.049795 1.059540 1.069187 1.078731 1.088166 1.097486 1.106685 1.115758 1.124697 1.133496 1.142149 1.150650 1.158990 1.167164 1.175164 1.182983 1.190614 1.198050 1.205284 1.212307 1.219114 1.225696 1.232047 1.238158 1.244025 1.249638 1.254992 1.260080 1.264896 1.269432 1.273684 1.277646 1.281312 1.284677 1.287736 1.290486 1.292921 1.295040 1.296837 1.298312 1.299461 1.300283 1.300777 1.300941 1.300777 1.300283 1.299461 1.298312 1.296837 1.295040 1.292921 1.290486 1.287736 1.284677 1.281312 1.277646 1.273684 1.269432 1.264896 1.260080 1.254992 1.249638 1.244025 1.238158 1.232047 1.225696 1.219114 1.212307 1.205284 1.198050 1.190614 1.182983 1.175164 1.167164 1.158990 1.150650 1.142149 1.133496 1.124697 1.115758 1.106685 1.097486 1.088166 1.078731 1.069187 1.059540 1.049795 1.039958 1.030033 1.020027 1.009943 0.999786 0.989562 0.979273 0.968925 0.958522 0.948067 0.937564 0.927017 0.916429 0.905804 0.895145 0.884454 0.873735 0.862991 0.852223 0.841435 0.830630 0.819809 0.808974 0.798129 0.787274 0.776412 0.765545 0.754673 0.743800 
0.752227 0.763219 0.774211 0.785201 0.796188 0.807170 0.818145 0.829111 0.840066 0.851007 0.861933 0.872841 0.883729 0.894593 0.905431 0.916240 0.927017 0.937759 0.948463 0.959124 0.969740 0.980306 0.990819 1.001274 1.011668 1.021995 1.032252 1.042433 1.052533 1.062548 1.072472 1.082299 1.092024 1.101641 1.111144 1.120528 1.129784 1.138908 1.147892 1.156730 1.165414 1.173938 1.182294 1.190475 1.198474 1.206282 1.213894 1.221301 1.228495 1.235468 1.242214 1.248725 1.254992 1.261010 1.266769 1.272264 1.277487 1.282432 1.287091 1.291459 1.295529 1.299297 1.302755 1.305900 1.308727 1.311232 1.313410 1.315259 1.316776 1.317958 1.318804 1.319312 1.319481 1.319312 1.318804 1.317958 1.316776 1.315259 1.313410 1.311232 1.308727 1.305900 1.302755 1.299297 1.295529 1.291459 1.287091 1.282432 1.277487 1.272264 1.266769 1.261010 1.254992 1.248725 1.242214 1.235468 1.228495 1.221301 1.213894 1.206282 1.198474 1.190475 1.182294 1.173938 1.165414 1.156730 1.147892 1.138908 1.129784 1.120528 1.111144 1.101641 1.092024 1.082299 1.072472 1.062548 1.052533 1.042433 1.032252 1.021995 1.011668 1.001274 0.990819 0.980306 0.969740 0.959124 0.948463 0.937759 0.927017 0.916240 0.905431 0.894593 0.883729 0.872841 0.861933 0.851007 0.840066 0.829111 0.818145 0.807170 0.796188 0.785201 0.774211 0.763219 0.752227 
0.760591 0.771702 0.782816 0.793930 0.805043 0.816153 0.827258 0.838357 0.849447 0.860526 0.871592 0.882642 0.893674 0.904685 0.915672 0.926633 0.937564 0.948463 0.959325 0.970147 0.980926 0.991658 1.002339 1.012964 1.023530 1.034031 1.044464 1.054823 1.065103 1.075299 1.085406 1.095417 1.105328 1.115132 1.124823 1.134395 1.143841 1.153154 1.162328 1.171356 1.180229 1.188942 1.197486 1.205854 1.214038 1.222031 1.229824 1.237410 1.244781 1.251928 1.258843 1.265520 1.271949 1.278123 1.284035 1.289676 1.295040 1.300118 1.304906 1.309394 1.313578 1.317451 1.321008 1.324242 1.327150 1.329727 1.331968 1.333870 1.335431 1.336648 1.337518 1.338041 1.338215 1.338041 1.337518 1.336648 1.335431 1.333870 1.331968 1.329727 1.327150 1.324242 1.321008 1.317451 1.313578 1.309394 1.304906 1.300118 1.295040 1.289676 1.284035 1.278123 1.271949 1.265520 1.258843 1.251928 1.244781 1.237410 1.229824 1.222031 1.214038 1.205854 1.197486 1.188942 1.180229 1.171356 1.162328 1.153154 1.143841 1.134395 1.124823 1.115132 1.105328 1.095417 1.085406 1.075299 1.065103 1.054823 1.044464 1.034031 1.023530 1.012964 1.002339 0.991658 0.980926 0.970147 0.959325 0.948463 0.937564 0.926633 0.915672 0.904685 0.893674 0.882642 0.871592 0.860526 0.849447 0.838357 0.827258 0.816153 0.805043 0.793930 0.782816 0.771702 0.760591 
0.768890 0.780121 0.791357 0.802595 0.813835 0.825074 0.836311 0.847544 0.858770 0.869988 0.881195 0.892389 0.903567 0.914727 0.925865 0.936980 0.948067 0.959124 0.970147 0.981133 0.992078 1.002978 1.013830 1.024628 1.035369 1.046048 1.056660 1.067200 1.077664 1.088046 1.098339 1.108540 1.118641 1.128636 1.138520 1.148285 1.157925 1.167434 1.176803 1.186025 1.195094 1.204001 1.212740 1.221301 1.229676 1.237859 1.245840 1.253611 1.261165 1.268491 1.275583 1.282432 1.289029 1.295366 1.301436 1.307229 1.312739 1.317958 1.322878 1.327493 1.331795 1.335779 1.339437 1.342765 1.345758 1.348409 1.350717 1.352675 1.354282 1.355535 1.356431 1.356969 1.357149 1.356969 1.356431 1.355535 1.354282 1.352675 1.350717 1.348409 1.345758 1.342765 1.339437 1.335779 1.331795 1.327493 1.322878 1.317958 1.312739 1.307229 1.301436 1.295366 1.289029 1.282432 1.275583 1.268491 1.261165 1.253611 1.245840 1.237859 1.229676 1.221301 1.212740 1.204001 1.195094 1.186025 1.176803 1.167434 1.157925 1.148285 1.138520 1.128636 1.118641 1.108540 1.098339 1.088046 1.077664 1.067200 1.056660 1.046048 1.035369 1.024628 1.013830 1.002978 0.992078 0.981133 0.970147 0.959124 0.948067 0.936980 0.925865 0.914727 0.903567 0.892389 0.881195 0.869988 0.858770 0.847544 0.836311 0.825074 0.813835 0.802595 0.791357 0.780121 0.768890 
0.777121 0.788473 0.799831 0.811195 0.822562 0.833932 0.845301 0.856669 0.868033 0.879391 0.890740 0.902079 0.913405 0.924715 0.936007 0.947277 0.958522 0.969740 0.980926 0.992078 1.003192 1.014263 1.025288 1.036262 1.047181 1.058041 1.068836 1.079562 1.090213 1.100784 1.111269 1.121662 1.131958 1.142149 1.152231 1.162194 1.172034 1.181743 1.191312 1.200736 1.210006 1.219114 1.228052 1.236812 1.245386 1.253765 1.261940 1.269904 1.277646 1.285159 1.292434 1.299461 1.306232 1.312739 1.318973 1.324925 1.330588 1.335952 1.341012 1.345758 1.350183 1.354282 1.358047 1.361473 1.364554 1.367284 1.369660 1.371677 1.373333 1.374623 1.375546 1.376101 1.376286 1.376101 1.375546 1.374623 1.373333 1.371677 1.369660 1.367284 1.364554 1.361473 1.358047 1.354282 1.350183 1.345758 1.341012 1.335952 1.330588 1.324925 1.318973 1.312739 1.306232 1.299461 1.292434 1.285159 1.277646 1.269904 1.261940 1.253765 1.245386 1.236812 1.228052 1.219114 1.210006 1.200736 1.191312 1.181743 1.172034 1.162194 1.152231 1.142149 1.131958 1.121662 1.111269 1.100784 1.090213 1.079562 1.068836 1.058041 1.047181 1.036262 1.025288 1.014263 1.003192 0.992078 0.980926 0.969740 0.958522 0.947277 0.936007 0.924715 0.913405 0.902079 0.890740 0.879391 0.868033 0.856669 0.845301 0.833932 0.822562 0.811195 0.799831 0.788473 0.777121 
0.785281 0.796754 0.808236 0.819726 0.831222 0.842722 0.854225 0.865729 0.877231 0.888730 0.900224 0.911709 0.923184 0.934646 0.946092 0.957520 0.968925 0.980306 0.991658 1.002978 1.014263 1.025508 1.036709 1.047862 1.058963 1.070007 1.080988 1.091903 1.102745 1.113510 1.124190 1.134781 1.145276 1.155668 1.165952 1.176119 1.186164 1.196078 1.205854 1.215485 1.224961 1.234276 1.243421 1.252386 1.261165 1.269746 1.278123 1.286285 1.294224 1.301930 1.309394 1.316607 1.323560 1.330243 1.336648 1.342765 1.348587 1.354103 1.359307 1.364191 1.368745 1.372965 1.376841 1.380369 1.383542 1.386355 1.388803 1.390882 1.392588 1.393917 1.394869 1.395441 1.395631 1.395441 1.394869 1.393917 1.392588 1.390882 1.388803 1.386355 1.383542 1.380369 1.376841 1.372965 1.368745 1.364191 1.359307 1.354103 1.348587 1.342765 1.336648 1.330243 1.323560 1.316607 1.309394 1.301930 1.294224 1.286285 1.278123 1.269746 1.261165 1.252386 1.243421 1.234276 1.224961 1.215485 1.205854 1.196078 1.186164 1.176119 1.165952 1.155668 1.145276 1.134781 1.124190 1.113510 1.102745 1.091903 1.080988 1.070007 1.058963 1.047862 1.036709 1.025508 1.014263 1.002978 0.991658 0.980306 0.968925 0.957520 0.946092 0.934646 0.923184 0.911709 0.900224 0.888730 0.877231 0.865729 0.854225 0.842722 0.831222 0.819726 0.808236 0.796754 0.785281 
0.793366 0.804961 0.816567 0.828184 0.839809 0.851441 0.863079 0.874719 0.886362 0.898003 0.909642 0.921275 0.932901 0.944517 0.956119 0.967706 0.979273 0.990819 1.002339 1.013830 1.025288 1.036709 1.048089 1.059425 1.070710 1.081941 1.093113 1.104220 1.115257 1.126219 1.137099 1.147892 1.158591 1.169189 1.179680 1.190056 1.200311 1.210437 1.220425 1.230268 1.239958 1.249486 1.258843 1.268021 1.277011 1.285802 1.294387 1.302755 1.310897 1.318804 1.326465 1.333870 1.341012 1.347878 1.354461 1.360750 1.366737 1.372413 1.377768 1.382794 1.387484 1.391829 1.395822 1.399457 1.402727 1.405626 1.408149 1.410292 1.412051 1.413422 1.414404 1.414993 1.415190 1.414993 1.414404 1.413422 1.412051 1.410292 1.408149 1.405626 1.402727 1.399457 1.395822 1.391829 1.387484 1.382794 1.377768 1.372413 1.366737 1.360750 1.354461 1.347878 1.341012 1.333870 1.326465 1.318804 1.310897 1.302755 1.294387 1.285802 1.277011 1.268021 1.258843 1.249486 1.239958 1.230268 1.220425 1.210437 1.200311 1.190056 1.179680 1.169189 1.158591 1.147892 1.137099 1.126219 1.115257 1.104220 1.093113 1.081941 1.070710 1.059425 1.048089 1.036709 1.025288 1.013830 1.002339 0.990819 0.979273 0.967706 0.956119 0.944517 0.932901 0.921275 0.909642 0.898003 0.886362 0.874719 0.863079 0.851441 0.839809 0.828184 0.816567 0.804961 0.793366 
0.801375 0.813092 0.824823 0.836567 0.848322 0.860087 0.871859 0.883638 0.895421 0.907206 0.918991 0.930774 0.942551 0.954322 0.966083 0.977830 0.989562 1.001274 1.012964 1.024628 1.036262 1.047862 1.059425 1.070945 1.082418 1.093840 1.105205 1.116509 1.127745 1.138908 1.149992 1.160991 1.171898 1.182707 1.193411 1.204001 1.214472 1.224815 1.235021 1.245083 1.254992 1.264740 1.274317 1.283714 1.292921 1.301930 1.310730 1.319312 1.327664 1.335779 1.343644 1.351250 1.358587 1.365645 1.372413 1.378881 1.385041 1.390882 1.396395 1.401571 1.406401 1.410878 1.414993 1.418740 1.422111 1.425101 1.427703 1.429914 1.431728 1.433143 1.434155 1.434764 1.434966 1.434764 1.434155 1.433143 1.431728 1.429914 1.427703 1.425101 1.422111 1.418740 1.414993 1.410878 1.406401 1.401571 1.396395 1.390882 1.385041 1.378881 1.372413 1.365645 1.358587 1.351250 1.343644 1.335779 1.327664 1.319312 1.310730 1.301930 1.292921 1.283714 1.274317 1.264740 1.254992 1.245083 1.235021 1.224815 1.214472 1.204001 1.193411 1.182707 1.171898 1.160991 1.149992 1.138908 1.127745 1.116509 1.105205 1.093840 1.082418 1.070945 1.059425 1.047862 1.036262 1.024628 1.012964 1.001274 0.989562 0.977830 0.966083 0.954322 0.942551 0.930774 0.918991 0.907206 0.895421 0.883638 0.871859 0.860087 0.848322 0.836567 0.824823 0.813092 0.801375 
0.809303 0.821143 0.832999 0.844871 0.856756 0.868654 0.880563 0.892481 0.904405 0.916335 0.928267 0.940200 0.952132 0.964059 0.975979 0.987889 0.999786 1.011668 1.023530 1.035369 1.047181 1.058963 1.070710 1.082418 1.094082 1.105698 1.117260 1.128764 1.140203 1.151571 1.162864 1.174074 1.185194 1.196219 1.207140 1.217950 1.228642 1.239208 1.249638 1.259926 1.270061 1.280035 1.289838 1.299461 1.308894 1.318127 1.327150 1.335952 1.344524 1.352854 1.360931 1.368745 1.376286 1.383542 1.390503 1.397159 1.403499 1.409512 1.415190 1.420522 1.425500 1.430115 1.434358 1.438222 1.441699 1.444783 1.447469 1.449750 1.451623 1.453083 1.454128 1.454756 1.454966 1.454756 1.454128 1.453083 1.451623 1.449750 1.447469 1.444783 1.441699 1.438222 1.434358 1.430115 1.425500 1.420522 1.415190 1.409512 1.403499 1.397159 1.390503 1.383542 1.376286 1.368745 1.360931 1.352854 1.344524 1.335952 1.327150 1.318127 1.308894 1.299461 1.289838 1.280035 1.270061 1.259926 1.249638 1.239208 1.228642 1.217950 1.207140 1.196219 1.185194 1.174074 1.162864 1.151571 1.140203 1.128764 1.117260 1.105698 1.094082 1.082418 1.070710 1.058963 1.047181 1.035369 1.023530 1.011668 0.999786 0.987889 0.975979 0.964059 0.952132 0.940200 0.928267 0.916335 0.904405 0.892481 0.880563 0.868654 0.856756 0.844871 0.832999 0.821143 0.809303 
0.817148 0.829111 0.841093 0.853093 0.865109 0.877141 0.889187 0.901244 0.913311 0.925386 0.937467 0.949551 0.961637 0.973722 0.985803 0.997878 1.009943 1.021995 1.034031 1.046048 1.058041 1.070007 1.081941 1.093840 1.105698 1.117511 1.129274 1.140981 1.152626 1.164205 1.175710 1.187135 1.198474 1.209719 1.220863 1.231898 1.242817 1.253611 1.264272 1.274791 1.285159 1.295366 1.305403 1.315259 1.324925 1.334390 1.343644 1.352675 1.361473 1.370027 1.378324 1.386355 1.394108 1.401571 1.408733 1.415583 1.422111 1.428305 1.434155 1.439651 1.444783 1.449542 1.453919 1.457906 1.461494 1.464678 1.467450 1.469806 1.471739 1.473248 1.474327 1.474976 1.475192 1.474976 1.474327 1.473248 1.471739 1.469806 1.467450 1.464678 1.461494 1.457906 1.453919 1.449542 1.444783 1.439651 1.434155 1.428305 1.422111 1.415583 1.408733 1.401571 1.394108 1.386355 1.378324 1.370027 1.361473 1.352675 1.343644 1.334390 1.324925 1.315259 1.305403 1.295366 1.285159 1.274791 1.264272 1.253611 1.242817 1.231898 1.220863 1.209719 1.198474 1.187135 1.175710 1.164205 1.152626 1.140981 1.129274 1.117511 1.105698 1.093840 1.081941 1.070007 1.058041 1.046048 1.034031 1.021995 1.009943 0.997878 0.985803 0.973722 0.961637 0.949551 0.937467 0.925386 0.913311 0.901244 0.889187 0.877141 0.865109 0.853093 0.841093 0.829111 0.817148 
0.824907 0.836993 0.849100 0.861229 0.873377 0.885544 0.897726 0.909923 0.922134 0.934355 0.946586 0.958823 0.971065 0.983309 0.995552 1.007793 1.020027 1.032252 1.044464 1.056660 1.068836 1.080988 1.093113 1.105205 1.117260 1.129274 1.141240 1.153154 1.165011 1.176803 1.188525 1.200170 1.211731 1.223202 1.234574 1.245840 1.256992 1.268021 1.278919 1.289676 1.300283 1.310730 1.321008 1.331105 1.341012 1.350717 1.360209 1.369477 1.378510 1.387296 1.395822 1.404078 1.412051 1.419730 1.427102 1.434155 1.440879 1.447262 1.453292 1.458959 1.464252 1.469162 1.473679 1.477795 1.481500 1.484788 1.487652 1.490085 1.492083 1.493642 1.494758 1.495428 1.495652 1.495428 1.494758 1.493642 1.492083 1.490085 1.487652 1.484788 1.481500 1.477795 1.473679 1.469162 1.464252 1.458959 1.453292 1.447262 1.440879 1.434155 1.427102 1.419730 1.412051 1.404078 1.395822 1.387296 1.378510 1.369477 1.360209 1.350717 1.341012 1.331105 1.321008 1.310730 1.300283 1.289676 1.278919 1.268021 1.256992 1.245840 1.234574 1.223202 1.211731 1.200170 1.188525 1.176803 1.165011 1.153154 1.141240 1.129274 1.117260 1.105205 1.093113 1.080988 1.068836 1.056660 1.044464 1.032252 1.020027 1.007793 0.995552 0.983309 0.971065 0.958823 0.946586 0.934355 0.922134 0.909923 0.897726 0.885544 0.873377 0.861229 0.849100 0.836993 0.824907 
0.832575 0.844785 0.857019 0.869277 0.881557 0.893857 0.906178 0.918516 0.930870 0.943239 0.955619 0.968010 0.980409 0.992814 1.005221 1.017629 1.030033 1.042433 1.054823 1.067200 1.079562 1.091903 1.104220 1.116509 1.128764 1.140981 1.153154 1.165279 1.177350 1.189360 1.201303 1.213172 1.224961 1.236663 1.248268 1.259771 1.271161 1.282432 1.293572 1.304574 1.315428 1.326122 1.336648 1.346994 1.357149 1.367102 1.376841 1.386355 1.395631 1.404658 1.413422 1.421912 1.430115 1.438018 1.445608 1.452874 1.459803 1.466382 1.472601 1.478447 1.483910 1.488978 1.493642 1.497892 1.501720 1.505118 1.508078 1.510593 1.512659 1.514270 1.515424 1.516117 1.516349 1.516117 1.515424 1.514270 1.512659 1.510593 1.508078 1.505118 1.501720 1.497892 1.493642 1.488978 1.483910 1.478447 1.472601 1.466382 1.459803 1.452874 1.445608 1.438018 1.430115 1.421912 1.413422 1.404658 1.395631 1.386355 1.376841 1.367102 1.357149 1.346994 1.336648 1.326122 1.315428 1.304574 1.293572 1.282432 1.271161 1.259771 1.248268 1.236663 1.224961 1.213172 1.201303 1.189360 1.177350 1.165279 1.153154 1.140981 1.128764 1.116509 1.104220 1.091903 1.079562 1.067200 1.054823 1.042433 1.030033 1.017629 1.005221 0.992814 0.980409 0.968010 0.955619 0.943239 0.930870 0.918516 0.906178 0.893857 0.881557 0.869277 0.857019 0.844785 0.832575 
0.840151 0.852484 0.864844 0.877231 0.889643 0.902079 0.914538 0.927017 0.939516 0.952032 0.964564 0.977110 0.989666 1.002232 1.014805 1.027381 1.039958 1.052533 1.065103 1.077664 1.090213 1.102745 1.115257 1.127745 1.140203 1.152626 1.165011 1.177350 1.189638 1.201870 1.214038 1.226137 1.238158 1.250095 1.261940 1.273684 1.285320 1.296837 1.308228 1.319481 1.330588 1.341537 1.352319 1.362921 1.373333 1.383542 1.393537 1.403306 1.412834 1.422111 1.431123 1.439856 1.448297 1.456434 1.464252 1.471739 1.478882 1.485668 1.492083 1.498117 1.503757 1.508991 1.513810 1.518202 1.522159 1.525671 1.528732 1.531334 1.533470 1.535138 1.536331 1.537049 1.537288 1.537049 1.536331 1.535138 1.533470 1.531334 1.528732 1.525671 1.522159 1.518202 1.513810 1.508991 1.503757 1.498117 1.492083 1.485668 1.478882 1.471739 1.464252 1.456434 1.448297 1.439856 1.431123 1.422111 1.412834 1.403306 1.393537 1.383542 1.373333 1.362921 1.352319 1.341537 1.330588 1.319481 1.308228 1.296837 1.285320 1.273684 1.261940 1.250095 1.238158 1.226137 1.214038 1.201870 1.189638 1.177350 1.165011 1.152626 1.140203 1.127745 1.115257 1.102745 1.090213 1.077664 1.065103 1.052533 1.039958 1.027381 1.014805 1.002232 0.989666 0.977110 0.964564 0.952032 0.939516 0.927017 0.914538 0.902079 0.889643 0.877231 0.864844 0.852484 0.840151 
0.847630 0.860087 0.872573 0.885089 0.897634 0.910205 0.922802 0.935423 0.948067 0.960732 0.973415 0.986116 0.998832 1.011560 1.024298 1.037044 1.049795 1.062548 1.075299 1.088046 1.100784 1.113510 1.126219 1.138908 1.151571 1.164205 1.176803 1.189360 1.201870 1.214327 1.226726 1.239058 1.251316 1.263494 1.275583 1.287575 1.299461 1.311232 1.322878 1.334390 1.345758 1.356969 1.368014 1.378881 1.389558 1.400033 1.410292 1.420324 1.430115 1.439651 1.448919 1.457906 1.466596 1.474976 1.483032 1.490751 1.498117 1.505118 1.511740 1.517970 1.523795 1.529204 1.534184 1.538726 1.542818 1.546452 1.549618 1.552311 1.554523 1.556249 1.557484 1.558227 1.558475 1.558227 1.557484 1.556249 1.554523 1.552311 1.549618 1.546452 1.542818 1.538726 1.534184 1.529204 1.523795 1.517970 1.511740 1.505118 1.498117 1.490751 1.483032 1.474976 1.466596 1.457906 1.448919 1.439651 1.430115 1.420324 1.410292 1.400033 1.389558 1.378881 1.368014 1.356969 1.345758 1.334390 1.322878 1.311232 1.299461 1.287575 1.275583 1.263494 1.251316 1.239058 1.226726 1.214327 1.201870 1.189360 1.176803 1.164205 1.151571 1.138908 1.126219 1.113510 1.100784 1.088046 1.075299 1.062548 1.049795 1.037044 1.024298 1.011560 0.998832 0.986116 0.973415 0.960732 0.948067 0.935423 0.922802 0.910205 0.897634 0.885089 0.872573 0.860087 0.847630 
0.855010 0.867589 0.880202 0.892848 0.905524 0.918231 0.930967 0.943730 0.956519 0.969332 0.982168 0.995025 1.007900 1.020792 1.033697 1.046614 1.059540 1.072472 1.085406 1.098339 1.111269 1.124190 1.137099 1.149992 1.162864 1.175710 1.188525 1.201303 1.214038 1.226726 1.239358 1.251928 1.264428 1.276852 1.289190 1.301436 1.313578 1.325609 1.337518 1.349296 1.360931 1.372413 1.383729 1.394869 1.405820 1.416568 1.427102 1.437406 1.447469 1.457274 1.466809 1.476059 1.485008 1.493642 1.501946 1.509906 1.517506 1.524733 1.531571 1.538006 1.544027 1.549618 1.554769 1.559467 1.563701 1.567462 1.570741 1.573529 1.575820 1.577607 1.578888 1.579657 1.579914 1.579657 1.578888 1.577607 1.575820 1.573529 1.570741 1.567462 1.563701 1.559467 1.554769 1.549618 1.544027 1.538006 1.531571 1.524733 1.517506 1.509906 1.501946 1.493642 1.485008 1.476059 1.466809 1.457274 1.447469 1.437406 1.427102 1.416568 1.405820 1.394869 1.383729 1.372413 1.360931 1.349296 1.337518 1.325609 1.313578 1.301436 1.289190 1.276852 1.264428 1.251928 1.239358 1.226726 1.214038 1.201303 1.188525 1.175710 1.162864 1.149992 1.137099 1.124190 1.111269 1.098339 1.085406 1.072472 1.059540 1.046614 1.033697 1.020792 1.007900 0.995025 0.982168 0.969332 0.956519 0.943730 0.930967 0.918231 0.905524 0.892848 0.880202 0.867589 0.855010 
0.862286 0.874988 0.887727 0.900502 0.913311 0.926153 0.939028 0.951933 0.964868 0.977830 0.990819 1.003832 1.016867 1.029923 1.042996 1.056085 1.069187 1.082299 1.095417 1.108540 1.121662 1.134781 1.147892 1.160991 1.174074 1.187135 1.200170 1.213172 1.226137 1.239058 1.251928 1.264740 1.277487 1.290162 1.302755 1.315259 1.327664 1.339962 1.352140 1.364191 1.376101 1.387860 1.399457 1.410878 1.422111 1.433143 1.443959 1.454547 1.464891 1.474976 1.484788 1.494311 1.503530 1.512429 1.520992 1.529204 1.537049 1.544511 1.551575 1.558227 1.564452 1.570235 1.575565 1.580427 1.584812 1.588707 1.592103 1.594992 1.597366 1.599219 1.600546 1.601343 1.601609 1.601343 1.600546 1.599219 1.597366 1.594992 1.592103 1.588707 1.584812 1.580427 1.575565 1.570235 1.564452 1.558227 1.551575 1.544511 1.537049 1.529204 1.520992 1.512429 1.503530 1.494311 1.484788 1.474976 1.464891 1.454547 1.443959 1.433143 1.422111 1.410878 1.399457 1.387860 1.376101 1.364191 1.352140 1.339962 1.327664 1.315259 1.302755 1.290162 1.277487 1.264740 1.251928 1.239058 1.226137 1.213172 1.200170 1.187135 1.174074 1.160991 1.147892 1.134781 1.121662 1.108540 1.095417 1.082299 1.069187 1.056085 1.042996 1.029923 1.016867 1.003832 0.990819 0.977830 0.964868 0.951933 0.939028 0.926153 0.913311 0.900502 0.887727 0.874988 0.862286 
0.869454 0.882280 0.895145 0.908048 0.920989 0.933967 0.946980 0.960028 0.973108 0.986220 0.999362 1.012532 1.025728 1.038948 1.052190 1.065452 1.078731 1.092024 1.105328 1.118641 1.131958 1.145276 1.158591 1.171898 1.185194 1.198474 1.211731 1.224961 1.238158 1.251316 1.264428 1.277487 1.290486 1.303416 1.316270 1.329038 1.341712 1.354282 1.366737 1.379067 1.391260 1.403306 1.415190 1.426901 1.438426 1.449750 1.460859 1.471739 1.482375 1.492751 1.502851 1.512659 1.522159 1.531334 1.540167 1.548642 1.556743 1.564452 1.571753 1.578631 1.585071 1.591056 1.596573 1.601609 1.606151 1.610188 1.613708 1.616703 1.619165 1.621087 1.622463 1.623291 1.623567 1.623291 1.622463 1.621087 1.619165 1.616703 1.613708 1.610188 1.606151 1.601609 1.596573 1.591056 1.585071 1.578631 1.571753 1.564452 1.556743 1.548642 1.540167 1.531334 1.522159 1.512659 1.502851 1.492751 1.482375 1.471739 1.460859 1.449750 1.438426 1.426901 1.415190 1.403306 1.391260 1.379067 1.366737 1.354282 1.341712 1.329038 1.316270 1.303416 1.290486 1.277487 1.264428 1.251316 1.238158 1.224961 1.211731 1.198474 1.185194 1.171898 1.158591 1.145276 1.131958 1.118641 1.105328 1.092024 1.078731 1.065452 1.052190 1.038948 1.025728 1.012532 0.999362 0.986220 0.973108 0.960028 0.946980 0.933967 0.920989 0.908048 0.895145 0.882280 0.869454 
0.876513 0.889461 0.902451 0.915483 0.928556 0.941669 0.954821 0.968010 0.981237 0.994498 1.007793 1.021120 1.034477 1.047862 1.061274 1.074709 1.088166 1.101641 1.115132 1.128636 1.142149 1.155668 1.169189 1.182707 1.196219 1.209719 1.223202 1.236663 1.250095 1.263494 1.276852 1.290162 1.303416 1.316607 1.329727 1.342765 1.355714 1.368563 1.381301 1.393917 1.406401 1.418740 1.430921 1.442931 1.454756 1.466382 1.477795 1.488978 1.499916 1.510593 1.520992 1.531097 1.540889 1.550351 1.559467 1.568217 1.576585 1.584553 1.592103 1.599219 1.605883 1.612081 1.617796 1.623015 1.627723 1.631908 1.635559 1.638667 1.641221 1.643215 1.644644 1.645503 1.645789 1.645503 1.644644 1.643215 1.641221 1.638667 1.635559 1.631908 1.627723 1.623015 1.617796 1.612081 1.605883 1.599219 1.592103 1.584553 1.576585 1.568217 1.559467 1.550351 1.540889 1.531097 1.520992 1.510593 1.499916 1.488978 1.477795 1.466382 1.454756 1.442931 1.430921 1.418740 1.406401 1.393917 1.381301 1.368563 1.355714 1.342765 1.329727 1.316607 1.303416 1.290162 1.276852 1.263494 1.250095 1.236663 1.223202 1.209719 1.196219 1.182707 1.169189 1.155668 1.142149 1.128636 1.115132 1.101641 1.088166 1.074709 1.061274 1.047862 1.034477 1.021120 1.007793 0.994498 0.981237 0.968010 0.954821 0.941669 0.928556 0.915483 0.902451 0.889461 0.876513 
0.883457 0.896527 0.909642 0.922802 0.936007 0.949254 0.962545 0.975876 0.989248 1.002658 1.016107 1.029591 1.043109 1.056660 1.070241 1.083851 1.097486 1.111144 1.124823 1.138520 1.152231 1.165952 1.179680 1.193411 1.207140 1.220863 1.234574 1.248268 1.261940 1.275583 1.289190 1.302755 1.316270 1.329727 1.343117 1.356431 1.369660 1.382794 1.395822 1.408733 1.421515 1.434155 1.446641 1.458959 1.471094 1.483032 1.494758 1.506255 1.517506 1.528496 1.539206 1.549618 1.559715 1.569478 1.578888 1.587926 1.596573 1.604812 1.612623 1.619988 1.626889 1.633310 1.639233 1.644644 1.649527 1.653870 1.657659 1.660885 1.663537 1.665608 1.667092 1.667984 1.668282 1.667984 1.667092 1.665608 1.663537 1.660885 1.657659 1.653870 1.649527 1.644644 1.639233 1.633310 1.626889 1.619988 1.612623 1.604812 1.596573 1.587926 1.578888 1.569478 1.559715 1.549618 1.539206 1.528496 1.517506 1.506255 1.494758 1.483032 1.471094 1.458959 1.446641 1.434155 1.421515 1.408733 1.395822 1.382794 1.369660 1.356431 1.343117 1.329727 1.316270 1.302755 1.289190 1.275583 1.261940 1.248268 1.234574 1.220863 1.207140 1.193411 1.179680 1.165952 1.152231 1.138520 1.124823 1.111144 1.097486 1.083851 1.070241 1.056660 1.043109 1.029591 1.016107 1.002658 0.989248 0.975876 0.962545 0.949254 0.936007 0.922802 0.909642 0.896527 0.883457 
