93 93
7.046931e+00 0 5
0.448500 0.461705 0.474856 0.487946 0.500969 0.513916 0.526780 0.539553 0.552227 0.564792 0.577241 0.589562 0.601747 0.613784 0.625662 0.637372 0.648901 0.660237 0.671368 0.682281 0.692964 0.703404 0.713585 0.723497 0.733123 0.742451 0.751466 0.760154 0.768501 0.776494 0.784117 0.791359 0.798204 0.804641 0.810658 0.816241 0.821380 0.826063 0.830282 0.834028 0.837290 0.840064 0.842342 0.844119 0.845391 0.846156 0.846411 0.846156 0.845391 0.844119 0.842342 0.840064 0.837290 0.834028 0.830282 0.826063 0.821380 0.816241 0.810658 0.804641 0.798204 0.791359 0.784117 0.776494 0.768501 0.760154 0.751466 0.742451 0.733123 0.723497 0.713585 0.703404 0.692964 0.682281 0.671368 0.660237 0.648901 0.637372 0.625662 0.613784 0.601747 0.589562 0.577241 0.564792 0.552227 0.539553 0.526780 0.513916 0.500969 0.487946 0.474856 0.461705 0.448500 
0.461412 0.474856 0.488250 0.501587 0.514861 0.528063 0.541186 0.554222 0.567163 0.579999 0.592720 0.605318 0.617782 0.630100 0.642263 0.654258 0.666073 0.677697 0.689116 0.700317 0.711287 0.722011 0.732477 0.742669 0.752573 0.762175 0.771459 0.780410 0.789014 0.797256 0.805121 0.812594 0.819662 0.826311 0.832527 0.838298 0.843611 0.848455 0.852819 0.856694 0.860071 0.862942 0.865300 0.867140 0.868458 0.869250 0.869514 0.869250 0.868458 0.867140 0.865300 0.862942 0.860071 0.856694 0.852819 0.848455 0.843611 0.838298 0.832527 0.826311 0.819662 0.812594 0.805121 0.797256 0.789014 0.780410 0.771459 0.762175 0.752573 0.742669 0.732477 0.722011 0.711287 0.700317 0.689116 0.677697 0.666073 0.654258 0.642263 0.630100 0.617782 0.605318 0.592720 0.579999 0.567163 0.554222 0.541186 0.528063 0.514861 0.501587 0.488250 0.474856 0.461412 
0.474260 0.487946 0.501587 0.515176 0.528705 0.542168 0.555556 0.568861 0.582074 0.595187 0.608188 0.621070 0.633820 0.646428 0.658882 0.671171 0.683282 0.695203 0.706919 0.718418 0.729685 0.740706 0.751466 0.761950 0.772143 0.782029 0.791593 0.800819 0.809691 0.818194 0.826311 0.834028 0.841328 0.848199 0.854625 0.860592 0.866088 0.871101 0.875618 0.879630 0.883127 0.886101 0.888544 0.890450 0.891816 0.892636 0.892910 0.892636 0.891816 0.890450 0.888544 0.886101 0.883127 0.879630 0.875618 0.871101 0.866088 0.860592 0.854625 0.848199 0.841328 0.834028 0.826311 0.818194 0.809691 0.800819 0.791593 0.782029 0.772143 0.761950 0.751466 0.740706 0.729685 0.718418 0.706919 0.695203 0.683282 0.671171 0.658882 0.646428 0.633820 0.621070 0.608188 0.595187 0.582074 0.568861 0.555556 0.542168 0.528705 0.515176 0.501587 0.487946 0.474260 
0.487036 0.500969 0.514861 0.528705 0.542496 0.556224 0.569882 0.583461 0.596954 0.610349 0.623638 0.636810 0.649854 0.662760 0.675515 0.688106 0.700522 0.712749 0.724772 0.736579 0.748154 0.759482 0.770547 0.781335 0.791828 0.802011 0.811867 0.821380 0.830532 0.839306 0.847688 0.855659 0.863204 0.870307 0.876953 0.883127 0.888816 0.894006 0.898684 0.902841 0.906464 0.909546 0.912078 0.914055 0.915470 0.916321 0.916605 0.916321 0.915470 0.914055 0.912078 0.909546 0.906464 0.902841 0.898684 0.894006 0.888816 0.883127 0.876953 0.870307 0.863204 0.855659 0.847688 0.839306 0.830532 0.821380 0.811867 0.802011 0.791828 0.781335 0.770547 0.759482 0.748154 0.736579 0.724772 0.712749 0.700522 0.688106 0.675515 0.662760 0.649854 0.636810 0.623638 0.610349 0.596954 0.583461 0.569882 0.556224 0.542496 0.528705 0.514861 0.500969 0.487036 
0.499733 0.513916 0.528063 0.542168 0.556224 0.570222 0.584156 0.598016 0.611793 0.625478 0.639061 0.652531 0.665878 0.679089 0.692152 0.705056 0.717785 0.730328 0.742669 0.754794 0.766688 0.778334 0.789717 0.800819 0.811625 0.822117 0.832277 0.842088 0.851533 0.860592 0.869250 0.877488 0.885289 0.892636 0.899514 0.905905 0.911797 0.917173 0.922021 0.926330 0.930087 0.933283 0.935909 0.937960 0.939428 0.940311 0.940606 0.940311 0.939428 0.937960 0.935909 0.933283 0.930087 0.926330 0.922021 0.917173 0.911797 0.905905 0.899514 0.892636 0.885289 0.877488 0.869250 0.860592 0.851533 0.842088 0.832277 0.822117 0.811625 0.800819 0.789717 0.778334 0.766688 0.754794 0.742669 0.730328 0.717785 0.705056 0.692152 0.679089 0.665878 0.652531 0.639061 0.625478 0.611793 0.598016 0.584156 0.570222 0.556224 0.542168 0.528063 0.513916 0.499733 
0.512343 0.526780 0.541186 0.555556 0.569882 0.584156 0.598370 0.612516 0.626585 0.640566 0.654450 0.668225 0.681882 0.695406 0.708787 0.722011 0.735065 0.747933 0.760603 0.773057 0.785280 0.797256 0.808968 0.820398 0.831528 0.842342 0.852819 0.862942 0.872692 0.882049 0.890996 0.899514 0.907583 0.915187 0.922308 0.928928 0.935033 0.940606 0.945633 0.950102 0.954000 0.957316 0.960043 0.962171 0.963696 0.964612 0.964918 0.964612 0.963696 0.962171 0.960043 0.957316 0.954000 0.950102 0.945633 0.940606 0.935033 0.928928 0.922308 0.915187 0.907583 0.899514 0.890996 0.882049 0.872692 0.862942 0.852819 0.842342 0.831528 0.820398 0.808968 0.797256 0.785280 0.773057 0.760603 0.747933 0.735065 0.722011 0.708787 0.695406 0.681882 0.668225 0.654450 0.640566 0.626585 0.612516 0.598370 0.584156 0.569882 0.555556 0.541186 0.526780 0.512343 
0.524859 0.539553 0.554222 0.568861 0.583461 0.598016 0.612516 0.626954 0.641320 0.655603 0.669795 0.683883 0.697857 0.711704 0.725411 0.738965 0.752352 0.765557 0.778564 0.791359 0.803923 0.816241 0.828294 0.840064 0.851533 0.862681 0.873489 0.883937 0.894006 0.903675 0.912925 0.921735 0.930087 0.937960 0.945336 0.952198 0.958527 0.964307 0.969523 0.974161 0.978207 0.981652 0.984483 0.986694 0.988279 0.989231 0.989549 0.989231 0.988279 0.986694 0.984483 0.981652 0.978207 0.974161 0.969523 0.964307 0.958527 0.952198 0.945336 0.937960 0.930087 0.921735 0.912925 0.903675 0.894006 0.883937 0.873489 0.862681 0.851533 0.840064 0.828294 0.816241 0.803923 0.791359 0.778564 0.765557 0.752352 0.738965 0.725411 0.711704 0.697857 0.683883 0.669795 0.655603 0.641320 0.626954 0.612516 0.598016 0.583461 0.568861 0.554222 0.539553 0.524859 
0.537273 0.552227 0.567163 0.582074 0.596954 0.611793 0.626585 0.641320 0.655988 0.670581 0.685087 0.699496 0.713795 0.727972 0.742014 0.755907 0.769637 0.783189 0.796545 0.809691 0.822609 0.835281 0.847688 0.859811 0.871631 0.883127 0.894280 0.905068 0.915470 0.925466 0.935033 0.944150 0.952798 0.960954 0.968599 0.975714 0.982280 0.988279 0.993694 0.998510 1.002714 1.006293 1.009236 1.011535 1.013182 1.014172 1.014503 1.014172 1.013182 1.011535 1.009236 1.006293 1.002714 0.998510 0.993694 0.988279 0.982280 0.975714 0.968599 0.960954 0.952798 0.944150 0.935033 0.925466 0.915470 0.905068 0.894280 0.883127 0.871631 0.859811 0.847688 0.835281 0.822609 0.809691 0.796545 0.783189 0.769637 0.755907 0.742014 0.727972 0.713795 0.699496 0.685087 0.670581 0.655988 0.641320 0.626585 0.611793 0.596954 0.582074 0.567163 0.552227 0.537273 
0.549575 0.564792 0.579999 0.595187 0.610349 0.625478 0.640566 0.655603 0.670581 0.685489 0.700317 0.715053 0.729685 0.744200 0.758586 0.772828 0.786911 0.800819 0.814537 0.828046 0.841328 0.854366 0.867140 0.879630 0.891816 0.903675 0.915187 0.926330 0.937080 0.947417 0.957316 0.966756 0.975714 0.984168 0.992096 0.999478 1.006293 1.012523 1.018148 1.023154 1.027524 1.031246 1.034307 1.036698 1.038412 1.039442 1.039786 1.039442 1.038412 1.036698 1.034307 1.031246 1.027524 1.023154 1.018148 1.012523 1.006293 0.999478 0.992096 0.984168 0.975714 0.966756 0.957316 0.947417 0.937080 0.926330 0.915187 0.903675 0.891816 0.879630 0.867140 0.854366 0.841328 0.828046 0.814537 0.800819 0.786911 0.772828 0.758586 0.744200 0.729685 0.715053 0.700317 0.685489 0.670581 0.655603 0.640566 0.625478 0.610349 0.595187 0.579999 0.564792 0.549575 
0.561756 0.577241 0.592720 0.608188 0.623638 0.639061 0.654450 0.669795 0.685087 0.700317 0.715472 0.730543 0.745516 0.760378 0.775117 0.789717 0.804162 0.818438 0.832527 0.846411 0.860071 0.873489 0.886643 0.899514 0.912078 0.924316 0.936202 0.947715 0.958829 0.969523 0.979771 0.989549 0.998833 1.007600 1.015826 1.023489 1.030567 1.037040 1.042889 1.048094 1.052640 1.056513 1.059699 1.062188 1.063972 1.065045 1.065403 1.065045 1.063972 1.062188 1.059699 1.056513 1.052640 1.048094 1.042889 1.037040 1.030567 1.023489 1.015826 1.007600 0.998833 0.989549 0.979771 0.969523 0.958829 0.947715 0.936202 0.924316 0.912078 0.899514 0.886643 0.873489 0.860071 0.846411 0.832527 0.818438 0.804162 0.789717 0.775117 0.760378 0.745516 0.730543 0.715472 0.700317 0.685087 0.669795 0.654450 0.639061 0.623638 0.608188 0.592720 0.577241 0.561756 
0.573808 0.589562 0.605318 0.621070 0.636810 0.652531 0.668225 0.683883 0.699496 0.715053 0.730543 0.745955 0.761276 0.776494 0.791593 0.806561 0.821380 0.836034 0.850505 0.864776 0.878826 0.892636 0.906185 0.919450 0.932409 0.945040 0.957316 0.969215 0.980710 0.991777 1.002390 1.012523 1.022150 1.031246 1.039786 1.047746 1.055102 1.061832 1.067915 1.073332 1.078064 1.082097 1.085415 1.088009 1.089868 1.090986 1.091359 1.090986 1.089868 1.088009 1.085415 1.082097 1.078064 1.073332 1.067915 1.061832 1.055102 1.047746 1.039786 1.031246 1.022150 1.012523 1.002390 0.991777 0.980710 0.969215 0.957316 0.945040 0.932409 0.919450 0.906185 0.892636 0.878826 0.864776 0.850505 0.836034 0.821380 0.806561 0.791593 0.776494 0.761276 0.745955 0.730543 0.715053 0.699496 0.683883 0.668225 0.652531 0.636810 0.621070 0.605318 0.589562 0.573808 
0.585721 0.601747 0.617782 0.633820 0.649854 0.665878 0.681882 0.697857 0.713795 0.729685 0.745516 0.761276 0.776953 0.792534 0.808004 0.823348 0.838550 0.853592 0.868458 0.883127 0.897581 0.911797 0.925753 0.939428 0.952798 0.965837 0.978520 0.990821 1.002714 1.014172 1.025167 1.035672 1.045659 1.055102 1.063972 1.072245 1.079894 1.086896 1.093228 1.098869 1.103799 1.108001 1.111460 1.114164 1.116102 1.117268 1.117657 1.117268 1.116102 1.114164 1.111460 1.108001 1.103799 1.098869 1.093228 1.086896 1.079894 1.072245 1.063972 1.055102 1.045659 1.035672 1.025167 1.014172 1.002714 0.990821 0.978520 0.965837 0.952798 0.939428 0.925753 0.911797 0.897581 0.883127 0.868458 0.853592 0.838550 0.823348 0.808004 0.792534 0.776953 0.761276 0.745516 0.729685 0.713795 0.697857 0.681882 0.665878 0.649854 0.633820 0.617782 0.601747 0.585721 
0.597484 0.613784 0.630100 0.646428 0.662760 0.679089 0.695406 0.711704 0.727972 0.744200 0.760378 0.776494 0.792534 0.808486 0.824334 0.840064 0.855659 0.871101 0.886372 0.901452 0.916321 0.930957 0.945336 0.959436 0.973230 0.986694 0.999801 1.012523 1.024831 1.036698 1.048094 1.058989 1.069355 1.079162 1.088380 1.096983 1.104942 1.112231 1.118826 1.124704 1.129843 1.134226 1.137834 1.140655 1.142678 1.143895 1.144301 1.143895 1.142678 1.140655 1.137834 1.134226 1.129843 1.124704 1.118826 1.112231 1.104942 1.096983 1.088380 1.079162 1.069355 1.058989 1.048094 1.036698 1.024831 1.012523 0.999801 0.986694 0.973230 0.959436 0.945336 0.930957 0.916321 0.901452 0.886372 0.871101 0.855659 0.840064 0.824334 0.808486 0.792534 0.776494 0.760378 0.744200 0.727972 0.711704 0.695406 0.679089 0.662760 0.646428 0.630100 0.613784 0.597484 
0.609088 0.625662 0.642263 0.658882 0.675515 0.692152 0.708787 0.725411 0.742014 0.758586 0.775117 0.791593 0.808004 0.824334 0.840569 0.856694 0.872692 0.888544 0.904232 0.919735 0.935033 0.950102 0.964918 0.979458 0.993694 1.007600 1.021147 1.034307 1.047049 1.059344 1.071159 1.082465 1.093228 1.103418 1.113004 1.121954 1.130241 1.137834 1.144708 1.150837 1.156198 1.160771 1.164538 1.167484 1.169597 1.170868 1.171293 1.170868 1.169597 1.167484 1.164538 1.160771 1.156198 1.150837 1.144708 1.137834 1.130241 1.121954 1.113004 1.103418 1.093228 1.082465 1.071159 1.059344 1.047049 1.034307 1.021147 1.007600 0.993694 0.979458 0.964918 0.950102 0.935033 0.919735 0.904232 0.888544 0.872692 0.856694 0.840569 0.824334 0.808004 0.791593 0.775117 0.758586 0.742014 0.725411 0.708787 0.692152 0.675515 0.658882 0.642263 0.625662 0.609088 
0.620521 0.637372 0.654258 0.671171 0.688106 0.705056 0.722011 0.738965 0.755907 0.772828 0.789717 0.806561 0.823348 0.840064 0.856694 0.873223 0.889633 0.905905 0.922021 0.937960 0.953699 0.969215 0.984483 0.999478 1.014172 1.028537 1.042543 1.056160 1.069355 1.082097 1.094352 1.106087 1.117268 1.127862 1.137834 1.147152 1.155784 1.163699 1.170868 1.177264 1.182861 1.187637 1.191572 1.194651 1.196859 1.198188 1.198632 1.198188 1.196859 1.194651 1.191572 1.187637 1.182861 1.177264 1.170868 1.163699 1.155784 1.147152 1.137834 1.127862 1.117268 1.106087 1.094352 1.082097 1.069355 1.056160 1.042543 1.028537 1.014172 0.999478 0.984483 0.969215 0.953699 0.937960 0.922021 0.905905 0.889633 0.873223 0.856694 0.840064 0.823348 0.806561 0.789717 0.772828 0.755907 0.738965 0.722011 0.705056 0.688106 0.671171 0.654258 0.637372 0.620521 
0.631772 0.648901 0.666073 0.683282 0.700522 0.717785 0.735065 0.752352 0.769637 0.786911 0.804162 0.821380 0.838550 0.855659 0.872692 0.889633 0.906464 0.923167 0.939723 0.956108 0.972302 0.988279 1.004013 1.019479 1.034648 1.049489 1.063972 1.078064 1.091732 1.104942 1.117657 1.129843 1.141464 1.152482 1.162861 1.172567 1.181565 1.189820 1.197302 1.203980 1.209827 1.214819 1.218934 1.222153 1.224463 1.225854 1.226318 1.225854 1.224463 1.222153 1.218934 1.214819 1.209827 1.203980 1.197302 1.189820 1.181565 1.172567 1.162861 1.152482 1.141464 1.129843 1.117657 1.104942 1.091732 1.078064 1.063972 1.049489 1.034648 1.019479 1.004013 0.988279 0.972302 0.956108 0.939723 0.923167 0.906464 0.889633 0.872692 0.855659 0.838550 0.821380 0.804162 0.786911 0.769637 0.752352 0.735065 0.717785 0.700522 0.683282 0.666073 0.648901 0.631772 
0.642829 0.660237 0.677697 0.695203 0.712749 0.730328 0.747933 0.765557 0.783189 0.800819 0.818438 0.836034 0.853592 0.871101 0.888544 0.905905 0.923167 0.940311 0.957316 0.974161 0.990821 1.007273 1.023489 1.039442 1.055102 1.070437 1.085415 1.100003 1.114164 1.127862 1.141059 1.153718 1.165799 1.177264 1.188073 1.198188 1.207572 1.216187 1.224001 1.230979 1.237092 1.242313 1.246618 1.249988 1.252406 1.253862 1.254348 1.253862 1.252406 1.249988 1.246618 1.242313 1.237092 1.230979 1.224001 1.216187 1.207572 1.198188 1.188073 1.177264 1.165799 1.153718 1.141059 1.127862 1.114164 1.100003 1.085415 1.070437 1.055102 1.039442 1.023489 1.007273 0.990821 0.974161 0.957316 0.940311 0.923167 0.905905 0.888544 0.871101 0.853592 0.836034 0.818438 0.800819 0.783189 0.765557 0.747933 0.730328 0.712749 0.695203 0.677697 0.660237 0.642829 
0.653682 0.671368 0.689116 0.706919 0.724772 0.742669 0.760603 0.778564 0.796545 0.814537 0.832527 0.850505 0.868458 0.886372 0.904232 0.922021 0.939723 0.957316 0.974782 0.992096 1.009236 1.026176 1.042889 1.059344 1.075512 1.091359 1.106852 1.121954 1.136629 1.150837 1.164538 1.177693 1.190258 1.202192 1.213454 1.224001 1.233792 1.242789 1.250954 1.258250 1.264646 1.270110 1.274618 1.278148 1.280682 1.282208 1.282717 1.282208 1.280682 1.278148 1.274618 1.270110 1.264646 1.258250 1.250954 1.242789 1.233792 1.224001 1.213454 1.202192 1.190258 1.177693 1.164538 1.150837 1.136629 1.121954 1.106852 1.091359 1.075512 1.059344 1.042889 1.026176 1.009236 0.992096 0.974782 0.957316 0.939723 0.922021 0.904232 0.886372 0.868458 0.850505 0.832527 0.814537 0.796545 0.778564 0.760603 0.742669 0.724772 0.706919 0.689116 0.671368 0.653682 
0.664317 0.682281 0.700317 0.718418 0.736579 0.754794 0.773057 0.791359 0.809691 0.828046 0.846411 0.864776 0.883127 0.901452 0.919735 0.937960 0.956108 0.974161 0.992096 1.009892 1.027524 1.044966 1.062188 1.079162 1.095854 1.112231 1.128258 1.143895 1.159104 1.173845 1.188073 1.201746 1.214819 1.227247 1.238985 1.249988 1.260211 1.269611 1.278148 1.285782 1.292478 1.298202 1.302926 1.306626 1.309283 1.310883 1.311417 1.310883 1.309283 1.306626 1.302926 1.298202 1.292478 1.285782 1.278148 1.269611 1.260211 1.249988 1.238985 1.227247 1.214819 1.201746 1.188073 1.173845 1.159104 1.143895 1.128258 1.112231 1.095854 1.079162 1.062188 1.044966 1.027524 1.009892 0.992096 0.974161 0.956108 0.937960 0.919735 0.901452 0.883127 0.864776 0.846411 0.828046 0.809691 0.791359 0.773057 0.754794 0.736579 0.718418 0.700317 0.682281 0.664317 
0.674723 0.692964 0.711287 0.729685 0.748154 0.766688 0.785280 0.803923 0.822609 0.841328 0.860071 0.878826 0.897581 0.916321 0.935033 0.953699 0.972302 0.990821 1.009236 1.027524 1.045659 1.063615 1.081362 1.098869 1.116102 1.133027 1.149606 1.165799 1.181565 1.196859 1.211638 1.225854 1.239459 1.252406 1.264646 1.276129 1.286808 1.296635 1.305567 1.313559 1.320573 1.326573 1.331527 1.335409 1.338197 1.339877 1.340437 1.339877 1.338197 1.335409 1.331527 1.326573 1.320573 1.313559 1.305567 1.296635 1.286808 1.276129 1.264646 1.252406 1.239459 1.225854 1.211638 1.196859 1.181565 1.165799 1.149606 1.133027 1.116102 1.098869 1.081362 1.063615 1.045659 1.027524 1.009236 0.990821 0.972302 0.953699 0.935033 0.916321 0.897581 0.878826 0.860071 0.841328 0.822609 0.803923 0.785280 0.766688 0.748154 0.729685 0.711287 0.692964 0.674723 
0.684886 0.703404 0.722011 0.740706 0.759482 0.778334 0.797256 0.816241 0.835281 0.854366 0.873489 0.892636 0.911797 0.930957 0.950102 0.969215 0.988279 1.007273 1.026176 1.044966 1.063615 1.082097 1.100381 1.118436 1.136228 1.153718 1.170868 1.187637 1.203980 1.219852 1.235204 1.249988 1.264151 1.277643 1.290410 1.302399 1.313559 1.323838 1.333188 1.341561 1.348913 1.355207 1.360406 1.364481 1.367409 1.369173 1.369763 1.369173 1.367409 1.364481 1.360406 1.355207 1.348913 1.341561 1.333188 1.323838 1.313559 1.302399 1.290410 1.277643 1.264151 1.249988 1.235204 1.219852 1.203980 1.187637 1.170868 1.153718 1.136228 1.118436 1.100381 1.082097 1.063615 1.044966 1.026176 1.007273 0.988279 0.969215 0.950102 0.930957 0.911797 0.892636 0.873489 0.854366 0.835281 0.816241 0.797256 0.778334 0.759482 0.740706 0.722011 0.703404 0.684886 
0.694795 0.713585 0.732477 0.751466 0.770547 0.789717 0.808968 0.828294 0.847688 0.867140 0.886643 0.906185 0.925753 0.945336 0.964918 0.984483 1.004013 1.023489 1.042889 1.062188 1.081362 1.100381 1.119217 1.137834 1.156198 1.174271 1.192011 1.209375 1.226318 1.242789 1.258740 1.274116 1.288863 1.302926 1.316247 1.328770 1.340437 1.351194 1.360986 1.369763 1.377475 1.384080 1.389540 1.393822 1.396899 1.398754 1.399373 1.398754 1.396899 1.393822 1.389540 1.384080 1.377475 1.369763 1.360986 1.351194 1.340437 1.328770 1.316247 1.302926 1.288863 1.274116 1.258740 1.242789 1.226318 1.209375 1.192011 1.174271 1.156198 1.137834 1.119217 1.100381 1.081362 1.062188 1.042889 1.023489 1.004013 0.984483 0.964918 0.945336 0.925753 0.906185 0.886643 0.867140 0.847688 0.828294 0.808968 0.789717 0.770547 0.751466 0.732477 0.713585 0.694795 
0.704436 0.723497 0.742669 0.761950 0.781335 0.800819 0.820398 0.840064 0.859811 0.879630 0.899514 0.919450 0.939428 0.959436 0.979458 0.999478 1.019479 1.039442 1.059344 1.079162 1.098869 1.118436 1.137834 1.157027 1.175979 1.194651 1.212999 1.230979 1.248541 1.265635 1.282208 1.298202 1.313559 1.328220 1.342123 1.355207 1.367409 1.378671 1.388931 1.398135 1.406229 1.413166 1.418904 1.423405 1.426642 1.428592 1.429244 1.428592 1.426642 1.423405 1.418904 1.413166 1.406229 1.398135 1.388931 1.378671 1.367409 1.355207 1.342123 1.328220 1.313559 1.298202 1.282208 1.265635 1.248541 1.230979 1.212999 1.194651 1.175979 1.157027 1.137834 1.118436 1.098869 1.079162 1.059344 1.039442 1.019479 0.999478 0.979458 0.959436 0.939428 0.919450 0.899514 0.879630 0.859811 0.840064 0.820398 0.800819 0.781335 0.761950 0.742669 0.723497 0.704436 
0.713795 0.733123 0.752573 0.772143 0.791828 0.811625 0.831528 0.851533 0.871631 0.891816 0.912078 0.932409 0.952798 0.973230 0.993694 1.014172 1.034648 1.055102 1.075512 1.095854 1.116102 1.136228 1.156198 1.175979 1.195533 1.214819 1.233792 1.252406 1.270610 1.288349 1.305567 1.322204 1.338197 1.353484 1.367997 1.381670 1.394436 1.406229 1.416985 1.426642 1.435141 1.442431 1.448463 1.453199 1.456605 1.458658 1.459344 1.458658 1.456605 1.453199 1.448463 1.442431 1.435141 1.426642 1.416985 1.406229 1.394436 1.381670 1.367997 1.353484 1.338197 1.322204 1.305567 1.288349 1.270610 1.252406 1.233792 1.214819 1.195533 1.175979 1.156198 1.136228 1.116102 1.095854 1.075512 1.055102 1.034648 1.014172 0.993694 0.973230 0.952798 0.932409 0.912078 0.891816 0.871631 0.851533 0.831528 0.811625 0.791828 0.772143 0.752573 0.733123 0.713795 
0.722860 0.742451 0.762175 0.782029 0.802011 0.822117 0.842342 0.862681 0.883127 0.903675 0.924316 0.945040 0.965837 0.986694 1.007600 1.028537 1.049489 1.070437 1.091359 1.112231 1.133027 1.153718 1.174271 1.194651 1.214819 1.234733 1.254348 1.273614 1.292478 1.310883 1.328770 1.346075 1.362731 1.378671 1.393822 1.408113 1.421472 1.433826 1.445104 1.455240 1.464169 1.471832 1.478178 1.483163 1.486749 1.488912 1.489634 1.488912 1.486749 1.483163 1.478178 1.471832 1.464169 1.455240 1.445104 1.433826 1.421472 1.408113 1.393822 1.378671 1.362731 1.346075 1.328770 1.310883 1.292478 1.273614 1.254348 1.234733 1.214819 1.194651 1.174271 1.153718 1.133027 1.112231 1.091359 1.070437 1.049489 1.028537 1.007600 0.986694 0.965837 0.945040 0.924316 0.903675 0.883127 0.862681 0.842342 0.822117 0.802011 0.782029 0.762175 0.742451 0.722860 
0.731617 0.751466 0.771459 0.791593 0.811867 0.832277 0.852819 0.873489 0.894280 0.915187 0.936202 0.957316 0.978520 0.999801 1.021147 1.042543 1.063972 1.085415 1.106852 1.128258 1.149606 1.170868 1.192011 1.212999 1.233792 1.254348 1.274618 1.294553 1.314096 1.333188 1.351766 1.369763 1.387107 1.403727 1.419545 1.434483 1.448463 1.461407 1.473237 1.483878 1.493261 1.501321 1.508000 1.513249 1.517027 1.519306 1.520068 1.519306 1.517027 1.513249 1.508000 1.501321 1.493261 1.483878 1.473237 1.461407 1.448463 1.434483 1.419545 1.403727 1.387107 1.369763 1.351766 1.333188 1.314096 1.294553 1.274618 1.254348 1.233792 1.212999 1.192011 1.170868 1.149606 1.128258 1.106852 1.085415 1.063972 1.042543 1.021147 0.999801 0.978520 0.957316 0.936202 0.915187 0.894280 0.873489 0.852819 0.832277 0.811867 0.791593 0.771459 0.751466 0.731617 
0.740052 0.760154 0.780410 0.800819 0.821380 0.842088 0.862942 0.883937 0.905068 0.926330 0.947715 0.969215 0.990821 1.012523 1.034307 1.056160 1.078064 1.100003 1.121954 1.143895 1.165799 1.187637 1.209375 1.230979 1.252406 1.273614 1.294553 1.315170 1.335409 1.355207 1.374497 1.393208 1.411266 1.428592 1.445104 1.460718 1.475349 1.488912 1.501321 1.512496 1.522359 1.530839 1.537870 1.543399 1.547382 1.549784 1.550588 1.549784 1.547382 1.543399 1.537870 1.530839 1.522359 1.512496 1.501321 1.488912 1.475349 1.460718 1.445104 1.428592 1.411266 1.393208 1.374497 1.355207 1.335409 1.315170 1.294553 1.273614 1.252406 1.230979 1.209375 1.187637 1.165799 1.143895 1.121954 1.100003 1.078064 1.056160 1.034307 1.012523 0.990821 0.969215 0.947715 0.926330 0.905068 0.883937 0.862942 0.842088 0.821380 0.800819 0.780410 0.760154 0.740052 
0.748154 0.768501 0.789014 0.809691 0.830532 0.851533 0.872692 0.894006 0.915470 0.937080 0.958829 0.980710 1.002714 1.024831 1.047049 1.069355 1.091732 1.114164 1.136629 1.159104 1.181565 1.203980 1.226318 1.248541 1.270610 1.292478 1.314096 1.335409 1.356358 1.376878 1.396899 1.416347 1.435141 1.453199 1.470431 1.486749 1.502060 1.516270 1.529288 1.541023 1.551392 1.560314 1.567719 1.573545 1.577743 1.580277 1.581124 1.580277 1.577743 1.573545 1.567719 1.560314 1.551392 1.541023 1.529288 1.516270 1.502060 1.486749 1.470431 1.453199 1.435141 1.416347 1.396899 1.376878 1.356358 1.335409 1.314096 1.292478 1.270610 1.248541 1.226318 1.203980 1.181565 1.159104 1.136629 1.114164 1.091732 1.069355 1.047049 1.024831 1.002714 0.980710 0.958829 0.937080 0.915470 0.894006 0.872692 0.851533 0.830532 0.809691 0.789014 0.768501 0.748154 
0.755907 0.776494 0.797256 0.818194 0.839306 0.860592 0.882049 0.903675 0.925466 0.947417 0.969523 0.991777 1.014172 1.036698 1.059344 1.082097 1.104942 1.127862 1.150837 1.173845 1.196859 1.219852 1.242789 1.265635 1.288349 1.310883 1.333188 1.355207 1.376878 1.398135 1.418904 1.439106 1.458658 1.477470 1.495448 1.512496 1.528514 1.543399 1.557053 1.569377 1.580277 1.589665 1.597463 1.603603 1.608030 1.610703 1.611596 1.610703 1.608030 1.603603 1.597463 1.589665 1.580277 1.569377 1.557053 1.543399 1.528514 1.512496 1.495448 1.477470 1.458658 1.439106 1.418904 1.398135 1.376878 1.355207 1.333188 1.310883 1.288349 1.265635 1.242789 1.219852 1.196859 1.173845 1.150837 1.127862 1.104942 1.082097 1.059344 1.036698 1.014172 0.991777 0.969523 0.947417 0.925466 0.903675 0.882049 0.860592 0.839306 0.818194 0.797256 0.776494 0.755907 
0.763300 0.784117 0.805121 0.826311 0.847688 0.869250 0.890996 0.912925 0.935033 0.957316 0.979771 1.002390 1.025167 1.048094 1.071159 1.094352 1.117657 1.141059 1.164538 1.188073 1.211638 1.235204 1.258740 1.282208 1.305567 1.328770 1.351766 1.374497 1.396899 1.418904 1.440434 1.461407 1.481734 1.501321 1.520068 1.537870 1.554620 1.570208 1.584525 1.597463 1.608919 1.618797 1.627008 1.633478 1.638145 1.640964 1.641907 1.640964 1.638145 1.633478 1.627008 1.618797 1.608919 1.597463 1.584525 1.570208 1.554620 1.537870 1.520068 1.501321 1.481734 1.461407 1.440434 1.418904 1.396899 1.374497 1.351766 1.328770 1.305567 1.282208 1.258740 1.235204 1.211638 1.188073 1.164538 1.141059 1.117657 1.094352 1.071159 1.048094 1.025167 1.002390 0.979771 0.957316 0.935033 0.912925 0.890996 0.869250 0.847688 0.826311 0.805121 0.784117 0.763300 
0.770320 0.791359 0.812594 0.834028 0.855659 0.877488 0.899514 0.921735 0.944150 0.966756 0.989549 1.012523 1.035672 1.058989 1.082465 1.106087 1.129843 1.153718 1.177693 1.201746 1.225854 1.249988 1.274116 1.298202 1.322204 1.346075 1.369763 1.393208 1.416347 1.439106 1.461407 1.483163 1.504280 1.524659 1.544194 1.562772 1.580277 1.596592 1.611596 1.625173 1.637209 1.647597 1.656241 1.663057 1.667977 1.670949 1.671944 1.670949 1.667977 1.663057 1.656241 1.647597 1.637209 1.625173 1.611596 1.596592 1.580277 1.562772 1.544194 1.524659 1.504280 1.483163 1.461407 1.439106 1.416347 1.393208 1.369763 1.346075 1.322204 1.298202 1.274116 1.249988 1.225854 1.201746 1.177693 1.153718 1.129843 1.106087 1.082465 1.058989 1.035672 1.012523 0.989549 0.966756 0.944150 0.921735 0.899514 0.877488 0.855659 0.834028 0.812594 0.791359 0.770320 
0.776953 0.798204 0.819662 0.841328 0.863204 0.885289 0.907583 0.930087 0.952798 0.975714 0.998833 1.022150 1.045659 1.069355 1.093228 1.117268 1.141464 1.165799 1.190258 1.214819 1.239459 1.264151 1.288863 1.313559 1.338197 1.362731 1.387107 1.411266 1.435141 1.458658 1.481734 1.504280 1.526198 1.547382 1.567719 1.587090 1.605370 1.622432 1.638145 1.652383 1.665020 1.675939 1.685033 1.692210 1.697393 1.700526 1.701575 1.700526 1.697393 1.692210 1.685033 1.675939 1.665020 1.652383 1.638145 1.622432 1.605370 1.587090 1.567719 1.547382 1.526198 1.504280 1.481734 1.458658 1.435141 1.411266 1.387107 1.362731 1.338197 1.313559 1.288863 1.264151 1.239459 1.214819 1.190258 1.165799 1.141464 1.117268 1.093228 1.069355 1.045659 1.022150 0.998833 0.975714 0.952798 0.930087 0.907583 0.885289 0.863204 0.841328 0.819662 0.798204 0.776953 
0.783189 0.804641 0.826311 0.848199 0.870307 0.892636 0.915187 0.937960 0.960954 0.984168 1.007600 1.031246 1.055102 1.079162 1.103418 1.127862 1.152482 1.177264 1.202192 1.227247 1.252406 1.277643 1.302926 1.328220 1.353484 1.378671 1.403727 1.428592 1.453199 1.477470 1.501321 1.524659 1.547382 1.569377 1.590527 1.610703 1.629772 1.647597 1.664037 1.678954 1.692210 1.703677 1.713238 1.720789 1.726245 1.729545 1.730650 1.729545 1.726245 1.720789 1.713238 1.703677 1.692210 1.678954 1.664037 1.647597 1.629772 1.610703 1.590527 1.569377 1.547382 1.524659 1.501321 1.477470 1.453199 1.428592 1.403727 1.378671 1.353484 1.328220 1.302926 1.277643 1.252406 1.227247 1.202192 1.177264 1.152482 1.127862 1.103418 1.079162 1.055102 1.031246 1.007600 0.984168 0.960954 0.937960 0.915187 0.892636 0.870307 0.848199 0.826311 0.804641 0.783189 
0.789014 0.810658 0.832527 0.854625 0.876953 0.899514 0.922308 0.945336 0.968599 0.992096 1.015826 1.039786 1.063972 1.088380 1.113004 1.137834 1.162861 1.188073 1.213454 1.238985 1.264646 1.290410 1.316247 1.342123 1.367997 1.393822 1.419545 1.445104 1.470431 1.495448 1.520068 1.544194 1.567719 1.590527 1.612491 1.633478 1.653345 1.671944 1.689123 1.704731 1.718621 1.730650 1.740689 1.748624 1.754363 1.757835 1.758997 1.757835 1.754363 1.748624 1.740689 1.730650 1.718621 1.704731 1.689123 1.671944 1.653345 1.633478 1.612491 1.590527 1.567719 1.544194 1.520068 1.495448 1.470431 1.445104 1.419545 1.393822 1.367997 1.342123 1.316247 1.290410 1.264646 1.238985 1.213454 1.188073 1.162861 1.137834 1.113004 1.088380 1.063972 1.039786 1.015826 0.992096 0.968599 0.945336 0.922308 0.899514 0.876953 0.854625 0.832527 0.810658 0.789014 
0.794419 0.816241 0.838298 0.860592 0.883127 0.905905 0.928928 0.952198 0.975714 0.999478 1.023489 1.047746 1.072245 1.096983 1.121954 1.147152 1.172567 1.198188 1.224001 1.249988 1.276129 1.302399 1.328770 1.355207 1.381670 1.408113 1.434483 1.460718 1.486749 1.512496 1.537870 1.562772 1.587090 1.610703 1.633478 1.655274 1.675939 1.695314 1.713238 1.729545 1.744076 1.756675 1.767201 1.775529 1.781555 1.785203 1.786424 1.785203 1.781555 1.775529 1.767201 1.756675 1.744076 1.729545 1.713238 1.695314 1.675939 1.655274 1.633478 1.610703 1.587090 1.562772 1.537870 1.512496 1.486749 1.460718 1.434483 1.408113 1.381670 1.355207 1.328770 1.302399 1.276129 1.249988 1.224001 1.198188 1.172567 1.147152 1.121954 1.096983 1.072245 1.047746 1.023489 0.999478 0.975714 0.952198 0.928928 0.905905 0.883127 0.860592 0.838298 0.816241 0.794419 
0.799392 0.821380 0.843611 0.866088 0.888816 0.911797 0.935033 0.958527 0.982280 1.006293 1.030567 1.055102 1.079894 1.104942 1.130241 1.155784 1.181565 1.207572 1.233792 1.260211 1.286808 1.313559 1.340437 1.367409 1.394436 1.421472 1.448463 1.475349 1.502060 1.528514 1.554620 1.580277 1.605370 1.629772 1.653345 1.675939 1.697393 1.717540 1.736205 1.753211 1.768383 1.781555 1.792571 1.801294 1.807611 1.811436 1.812717 1.811436 1.807611 1.801294 1.792571 1.781555 1.768383 1.753211 1.736205 1.717540 1.697393 1.675939 1.653345 1.629772 1.605370 1.580277 1.554620 1.528514 1.502060 1.475349 1.448463 1.421472 1.394436 1.367409 1.340437 1.313559 1.286808 1.260211 1.233792 1.207572 1.181565 1.155784 1.130241 1.104942 1.079894 1.055102 1.030567 1.006293 0.982280 0.958527 0.935033 0.911797 0.888816 0.866088 0.843611 0.821380 0.799392 
0.803923 0.826063 0.848455 0.871101 0.894006 0.917173 0.940606 0.964307 0.988279 1.012523 1.037040 1.061832 1.086896 1.112231 1.137834 1.163699 1.189820 1.216187 1.242789 1.269611 1.296635 1.323838 1.351194 1.378671 1.406229 1.433826 1.461407 1.488912 1.516270 1.543399 1.570208 1.596592 1.622432 1.647597 1.671944 1.695314 1.717540 1.738442 1.757835 1.775529 1.791336 1.805076 1.816578 1.825694 1.832300 1.836302 1.837643 1.836302 1.832300 1.825694 1.816578 1.805076 1.791336 1.775529 1.757835 1.738442 1.717540 1.695314 1.671944 1.647597 1.622432 1.596592 1.570208 1.543399 1.516270 1.488912 1.461407 1.433826 1.406229 1.378671 1.351194 1.323838 1.296635 1.269611 1.242789 1.216187 1.189820 1.163699 1.137834 1.112231 1.086896 1.061832 1.037040 1.012523 0.988279 0.964307 0.940606 0.917173 0.894006 0.871101 0.848455 0.826063 0.803923 
0.808004 0.830282 0.852819 0.875618 0.898684 0.922021 0.945633 0.969523 0.993694 1.018148 1.042889 1.067915 1.093228 1.118826 1.144708 1.170868 1.197302 1.224001 1.250954 1.278148 1.305567 1.333188 1.360986 1.388931 1.416985 1.445104 1.473237 1.501321 1.529288 1.557053 1.584525 1.611596 1.638145 1.664037 1.689123 1.713238 1.736205 1.757835 1.777932 1.796293 1.812717 1.827009 1.838986 1.848487 1.855376 1.859552 1.860951 1.859552 1.855376 1.848487 1.838986 1.827009 1.812717 1.796293 1.777932 1.757835 1.736205 1.713238 1.689123 1.664037 1.638145 1.611596 1.584525 1.557053 1.529288 1.501321 1.473237 1.445104 1.416985 1.388931 1.360986 1.333188 1.305567 1.278148 1.250954 1.224001 1.197302 1.170868 1.144708 1.118826 1.093228 1.067915 1.042889 1.018148 0.993694 0.969523 0.945633 0.922021 0.898684 0.875618 0.852819 0.830282 0.808004 
0.811625 0.834028 0.856694 0.879630 0.902841 0.926330 0.950102 0.974161 0.998510 1.023154 1.048094 1.073332 1.098869 1.124704 1.150837 1.177264 1.203980 1.230979 1.258250 1.285782 1.313559 1.341561 1.369763 1.398135 1.426642 1.455240 1.483878 1.512496 1.541023 1.569377 1.597463 1.625173 1.652383 1.678954 1.704731 1.729545 1.753211 1.775529 1.796293 1.815288 1.832300 1.847120 1.859552 1.869421 1.876582 1.880925 1.882380 1.880925 1.876582 1.869421 1.859552 1.847120 1.832300 1.815288 1.796293 1.775529 1.753211 1.729545 1.704731 1.678954 1.652383 1.625173 1.597463 1.569377 1.541023 1.512496 1.483878 1.455240 1.426642 1.398135 1.369763 1.341561 1.313559 1.285782 1.258250 1.230979 1.203980 1.177264 1.150837 1.124704 1.098869 1.073332 1.048094 1.023154 0.998510 0.974161 0.950102 0.926330 0.902841 0.879630 0.856694 0.834028 0.811625 
0.814780 0.837290 0.860071 0.883127 0.906464 0.930087 0.954000 0.978207 1.002714 1.027524 1.052640 1.078064 1.103799 1.129843 1.156198 1.182861 1.209827 1.237092 1.264646 1.292478 1.320573 1.348913 1.377475 1.406229 1.435141 1.464169 1.493261 1.522359 1.551392 1.580277 1.608919 1.637209 1.665020 1.692210 1.718621 1.744076 1.768383 1.791336 1.812717 1.832300 1.849858 1.865170 1.878026 1.888240 1.895655 1.900154 1.901662 1.900154 1.895655 1.888240 1.878026 1.865170 1.849858 1.832300 1.812717 1.791336 1.768383 1.744076 1.718621 1.692210 1.665020 1.637209 1.608919 1.580277 1.551392 1.522359 1.493261 1.464169 1.435141 1.406229 1.377475 1.348913 1.320573 1.292478 1.264646 1.237092 1.209827 1.182861 1.156198 1.129843 1.103799 1.078064 1.052640 1.027524 1.002714 0.978207 0.954000 0.930087 0.906464 0.883127 0.860071 0.837290 0.814780 
0.817461 0.840064 0.862942 0.886101 0.909546 0.933283 0.957316 0.981652 1.006293 1.031246 1.056513 1.082097 1.108001 1.134226 1.160771 1.187637 1.214819 1.242313 1.270110 1.298202 1.326573 1.355207 1.384080 1.413166 1.442431 1.471832 1.501321 1.530839 1.560314 1.589665 1.618797 1.647597 1.675939 1.703677 1.730650 1.756675 1.781555 1.805076 1.827009 1.847120 1.865170 1.880925 1.894164 1.904690 1.912336 1.916976 1.918532 1.916976 1.912336 1.904690 1.894164 1.880925 1.865170 1.847120 1.827009 1.805076 1.781555 1.756675 1.730650 1.703677 1.675939 1.647597 1.618797 1.589665 1.560314 1.530839 1.501321 1.471832 1.442431 1.413166 1.384080 1.355207 1.326573 1.298202 1.270110 1.242313 1.214819 1.187637 1.160771 1.134226 1.108001 1.082097 1.056513 1.031246 1.006293 0.981652 0.957316 0.933283 0.909546 0.886101 0.862942 0.840064 0.817461 
0.819662 0.842342 0.865300 0.888544 0.912078 0.935909 0.960043 0.984483 1.009236 1.034307 1.059699 1.085415 1.111460 1.137834 1.164538 1.191572 1.218934 1.246618 1.274618 1.302926 1.331527 1.360406 1.389540 1.418904 1.448463 1.478178 1.508000 1.537870 1.567719 1.597463 1.627008 1.656241 1.685033 1.713238 1.740689 1.767201 1.792571 1.816578 1.838986 1.859552 1.878026 1.894164 1.907736 1.918532 1.926378 1.931141 1.932738 1.931141 1.926378 1.918532 1.907736 1.894164 1.878026 1.859552 1.838986 1.816578 1.792571 1.767201 1.740689 1.713238 1.685033 1.656241 1.627008 1.597463 1.567719 1.537870 1.508000 1.478178 1.448463 1.418904 1.389540 1.360406 1.331527 1.302926 1.274618 1.246618 1.218934 1.191572 1.164538 1.137834 1.111460 1.085415 1.059699 1.034307 1.009236 0.984483 0.960043 0.935909 0.912078 0.888544 0.865300 0.842342 0.819662 
0.821380 0.844119 0.867140 0.890450 0.914055 0.937960 0.962171 0.986694 1.011535 1.036698 1.062188 1.088009 1.114164 1.140655 1.167484 1.194651 1.222153 1.249988 1.278148 1.306626 1.335409 1.364481 1.393822 1.423405 1.453199 1.483163 1.513249 1.543399 1.573545 1.603603 1.633478 1.663057 1.692210 1.720789 1.748624 1.775529 1.801294 1.825694 1.848487 1.869421 1.888240 1.904690 1.918532 1.929549 1.937559 1.942422 1.944053 1.942422 1.937559 1.929549 1.918532 1.904690 1.888240 1.869421 1.848487 1.825694 1.801294 1.775529 1.748624 1.720789 1.692210 1.663057 1.633478 1.603603 1.573545 1.543399 1.513249 1.483163 1.453199 1.423405 1.393822 1.364481 1.335409 1.306626 1.278148 1.249988 1.222153 1.194651 1.167484 1.140655 1.114164 1.088009 1.062188 1.036698 1.011535 0.986694 0.962171 0.937960 0.914055 0.890450 0.867140 0.844119 0.821380 
0.822609 0.845391 0.868458 0.891816 0.915470 0.939428 0.963696 0.988279 1.013182 1.038412 1.063972 1.089868 1.116102 1.142678 1.169597 1.196859 1.224463 1.252406 1.280682 1.309283 1.338197 1.367409 1.396899 1.426642 1.456605 1.486749 1.517027 1.547382 1.577743 1.608030 1.638145 1.667977 1.697393 1.726245 1.754363 1.781555 1.807611 1.832300 1.855376 1.876582 1.895655 1.912336 1.926378 1.937559 1.945689 1.950628 1.952284 1.950628 1.945689 1.937559 1.926378 1.912336 1.895655 1.876582 1.855376 1.832300 1.807611 1.781555 1.754363 1.726245 1.697393 1.667977 1.638145 1.608030 1.577743 1.547382 1.517027 1.486749 1.456605 1.426642 1.396899 1.367409 1.338197 1.309283 1.280682 1.252406 1.224463 1.196859 1.169597 1.142678 1.116102 1.089868 1.063972 1.038412 1.013182 0.988279 0.963696 0.939428 0.915470 0.891816 0.868458 0.845391 0.822609 
0.823348 0.846156 0.869250 0.892636 0.916321 0.940311 0.964612 0.989231 1.014172 1.039442 1.065045 1.090986 1.117268 1.143895 1.170868 1.198188 1.225854 1.253862 1.282208 1.310883 1.339877 1.369173 1.398754 1.428592 1.458658 1.488912 1.519306 1.549784 1.580277 1.610703 1.640964 1.670949 1.700526 1.729545 1.757835 1.785203 1.811436 1.836302 1.859552 1.880925 1.900154 1.916976 1.931141 1.942422 1.950628 1.955612 1.957283 1.955612 1.950628 1.942422 1.931141 1.916976 1.900154 1.880925 1.859552 1.836302 1.811436 1.785203 1.757835 1.729545 1.700526 1.670949 1.640964 1.610703 1.580277 1.549784 1.519306 1.488912 1.458658 1.428592 1.398754 1.369173 1.339877 1.310883 1.282208 1.253862 1.225854 1.198188 1.170868 1.143895 1.117268 1.090986 1.065045 1.039442 1.014172 0.989231 0.964612 0.940311 0.916321 0.892636 0.869250 0.846156 0.823348 
0.823594 0.846411 0.869514 0.892910 0.916605 0.940606 0.964918 0.989549 1.014503 1.039786 1.065403 1.091359 1.117657 1.144301 1.171293 1.198632 1.226318 1.254348 1.282717 1.311417 1.340437 1.369763 1.399373 1.429244 1.459344 1.489634 1.520068 1.550588 1.581124 1.611596 1.641907 1.671944 1.701575 1.730650 1.758997 1.786424 1.812717 1.837643 1.860951 1.882380 1.901662 1.918532 1.932738 1.944053 1.952284 1.957283 1.958960 1.957283 1.952284 1.944053 1.932738 1.918532 1.901662 1.882380 1.860951 1.837643 1.812717 1.786424 1.758997 1.730650 1.701575 1.671944 1.641907 1.611596 1.581124 1.550588 1.520068 1.489634 1.459344 1.429244 1.399373 1.369763 1.340437 1.311417 1.282717 1.254348 1.226318 1.198632 1.171293 1.144301 1.117657 1.091359 1.065403 1.039786 1.014503 0.989549 0.964918 0.940606 0.916605 0.892910 0.869514 0.846411 0.823594 
0.823594 0.846411 0.869514 0.892910 0.916605 0.940606 0.964918 0.989549 1.014503 1.039786 1.065403 1.091359 1.117657 1.144301 1.171293 1.198632 1.226318 1.254348 1.282717 1.311417 1.340437 1.369762 1.399373 1.429244 1.459344 1.489634 1.520068 1.550587 1.581124 1.611596 1.641907 1.671943 1.701575 1.730650 1.758997 1.786424 1.812717 1.837642 1.860951 1.882380 1.901662 1.918532 1.932738 1.944053 1.952284 1.957283 1.958960 1.957283 1.952284 1.944053 1.932738 1.918532 1.901662 1.882380 1.860951 1.837642 1.812717 1.786424 1.758997 1.730650 1.701575 1.671943 1.641907 1.611596 1.581124 1.550587 1.520068 1.489634 1.459344 1.429244 1.399373 1.369762 1.340437 1.311417 1.282717 1.254348 1.226318 1.198632 1.171293 1.144301 1.117657 1.091359 1.065403 1.039786 1.014503 0.989549 0.964918 0.940606 0.916605 0.892910 0.869514 0.846411 0.823594 
