97 97
8.128305e+00 0 5
0.462178 0.474948 0.487667 0.500331 0.512932 0.525465 0.537922 0.550298 0.562583 0.574772 0.586855 0.598824 0.610671 0.622386 0.633961 0.645385 0.656649 0.667742 0.678653 0.689371 0.699886 0.710185 0.720258 0.730091 0.739673 0.748991 0.758034 0.766788 0.775241 0.783380 0.791193 0.798668 0.805792 0.812554 0.818942 0.824944 0.830550 0.835749 0.840531 0.844888 0.848810 0.852290 0.855321 0.857896 0.860011 0.861660 0.862841 0.863550 0.863786 0.863550 0.862841 0.861660 0.860011 0.857896 0.855321 0.852290 0.848810 0.844888 0.840531 0.835749 0.830550 0.824944 0.818942 0.812554 0.805792 0.798668 0.791193 0.783380 0.775241 0.766788 0.758034 0.748991 0.739673 0.730091 0.720258 0.710185 0.699886 0.689371 0.678653 0.667742 0.656649 0.645385 0.633961 0.622386 0.610671 0.598824 0.586855 0.574772 0.562583 0.550298 0.537922 0.525465 0.512932 0.500331 0.487667 0.474948 0.462178 
0.474677 0.487667 0.500612 0.513504 0.526337 0.539106 0.551803 0.564421 0.576953 0.589391 0.601727 0.613952 0.626056 0.638032 0.649869 0.661557 0.673086 0.684446 0.695624 0.706610 0.717392 0.727958 0.738296 0.748393 0.758236 0.767813 0.777110 0.786115 0.794814 0.803193 0.811240 0.818942 0.826285 0.833257 0.839846 0.846039 0.851825 0.857193 0.862132 0.866632 0.870685 0.874282 0.877415 0.880077 0.882264 0.883969 0.885190 0.885924 0.886169 0.885924 0.885190 0.883969 0.882264 0.880077 0.877415 0.874282 0.870685 0.866632 0.862132 0.857193 0.851825 0.846039 0.839846 0.833257 0.826285 0.818942 0.811240 0.803193 0.794814 0.786115 0.777110 0.767813 0.758236 0.748393 0.738296 0.727958 0.717392 0.706610 0.695624 0.684446 0.673086 0.661557 0.649869 0.638032 0.626056 0.613952 0.601727 0.589391 0.576953 0.564421 0.551803 0.539106 0.526337 0.513504 0.500612 0.487667 0.474677 
0.487116 0.500331 0.513504 0.526628 0.539699 0.552708 0.565649 0.578516 0.591300 0.603993 0.616587 0.629073 0.641443 0.653685 0.665792 0.677752 0.689554 0.701188 0.712642 0.723905 0.734963 0.745805 0.756418 0.766788 0.776902 0.786748 0.796310 0.805575 0.814530 0.823160 0.831451 0.839389 0.846961 0.854153 0.860953 0.867346 0.873321 0.878866 0.883969 0.888621 0.892811 0.896530 0.899771 0.902525 0.904787 0.906552 0.907816 0.908575 0.908828 0.908575 0.907816 0.906552 0.904787 0.902525 0.899771 0.896530 0.892811 0.888621 0.883969 0.878866 0.873321 0.867346 0.860953 0.854153 0.846961 0.839389 0.831451 0.823160 0.814530 0.805575 0.796310 0.786748 0.776902 0.766788 0.756418 0.745805 0.734963 0.723905 0.712642 0.701188 0.689554 0.677752 0.665792 0.653685 0.641443 0.629073 0.616587 0.603993 0.591300 0.578516 0.565649 0.552708 0.539699 0.526628 0.513504 0.500331 0.487116 
0.499489 0.512932 0.526337 0.539699 0.553010 0.566264 0.579455 0.592575 0.605616 0.618570 0.631429 0.644183 0.656824 0.669341 0.681724 0.693963 0.706047 0.717964 0.729703 0.741250 0.752594 0.763721 0.774619 0.785272 0.795668 0.805792 0.815630 0.825167 0.834388 0.843279 0.851825 0.860011 0.867822 0.875244 0.882264 0.888867 0.895040 0.900771 0.906047 0.910858 0.915192 0.919040 0.922394 0.925245 0.927587 0.929414 0.930722 0.931509 0.931771 0.931509 0.930722 0.929414 0.927587 0.925245 0.922394 0.919040 0.915192 0.910858 0.906047 0.900771 0.895040 0.888867 0.882264 0.875244 0.867822 0.860011 0.851825 0.843279 0.834388 0.825167 0.815630 0.805792 0.795668 0.785272 0.774619 0.763721 0.752594 0.741250 0.729703 0.717964 0.706047 0.693963 0.681724 0.669341 0.656824 0.644183 0.631429 0.618570 0.605616 0.592575 0.579455 0.566264 0.553010 0.539699 0.526337 0.512932 0.499489 
0.511790 0.525465 0.539106 0.552708 0.566264 0.579768 0.593213 0.606591 0.619895 0.633116 0.646245 0.659274 0.672193 0.684991 0.697659 0.710185 0.722559 0.734767 0.746799 0.758641 0.770280 0.781702 0.792895 0.803842 0.814530 0.824944 0.835068 0.844888 0.854387 0.863550 0.872361 0.880805 0.888867 0.896530 0.903781 0.910604 0.916985 0.922911 0.928369 0.933347 0.937833 0.941817 0.945289 0.948242 0.950668 0.952561 0.953917 0.954731 0.955003 0.954731 0.953917 0.952561 0.950668 0.948242 0.945289 0.941817 0.937833 0.933347 0.928369 0.922911 0.916985 0.910604 0.903781 0.896530 0.888867 0.880805 0.872361 0.863550 0.854387 0.844888 0.835068 0.824944 0.814530 0.803842 0.792895 0.781702 0.770280 0.758641 0.746799 0.734767 0.722559 0.710185 0.697659 0.684991 0.672193 0.659274 0.646245 0.633116 0.619895 0.606591 0.593213 0.579768 0.566264 0.552708 0.539106 0.525465 0.511790 
0.524013 0.537922 0.551803 0.565649 0.579455 0.593213 0.606917 0.620559 0.634130 0.647624 0.661030 0.674339 0.687543 0.700630 0.713590 0.726411 0.739082 0.751591 0.763925 0.776071 0.788015 0.799743 0.811240 0.822492 0.833483 0.844198 0.854620 0.864734 0.874522 0.883969 0.893058 0.901773 0.910096 0.918012 0.925505 0.932558 0.939158 0.945289 0.950938 0.956091 0.960737 0.964864 0.968462 0.971522 0.974037 0.975999 0.977405 0.978249 0.978531 0.978249 0.977405 0.975999 0.974037 0.971522 0.968462 0.964864 0.960737 0.956091 0.950938 0.945289 0.939158 0.932558 0.925505 0.918012 0.910096 0.901773 0.893058 0.883969 0.874522 0.864734 0.854620 0.844198 0.833483 0.822492 0.811240 0.799743 0.788015 0.776071 0.763925 0.751591 0.739082 0.726411 0.713590 0.700630 0.687543 0.674339 0.661030 0.647624 0.634130 0.620559 0.606917 0.593213 0.579455 0.565649 0.551803 0.537922 0.524013 
0.536151 0.550298 0.564421 0.578516 0.592575 0.606591 0.620559 0.634469 0.648314 0.662085 0.675774 0.689371 0.702866 0.716249 0.729509 0.742633 0.755611 0.768429 0.781074 0.793534 0.805792 0.817836 0.829650 0.841217 0.852523 0.863550 0.874282 0.884702 0.894792 0.904536 0.913914 0.922911 0.931509 0.939689 0.947435 0.954731 0.961560 0.967907 0.973757 0.979095 0.983909 0.988187 0.991917 0.995090 0.997698 0.999734 1.001192 1.002069 1.002361 1.002069 1.001192 0.999734 0.997698 0.995090 0.991917 0.988187 0.983909 0.979095 0.973757 0.967907 0.961560 0.954731 0.947435 0.939689 0.931509 0.922911 0.913914 0.904536 0.894792 0.884702 0.874282 0.863550 0.852523 0.841217 0.829650 0.817836 0.805792 0.793534 0.781074 0.768429 0.755611 0.742633 0.729509 0.716249 0.702866 0.689371 0.675774 0.662085 0.648314 0.634469 0.620559 0.606591 0.592575 0.578516 0.564421 0.550298 0.536151 
0.548195 0.562583 0.576953 0.591300 0.605616 0.619895 0.634130 0.648314 0.662437 0.676493 0.690471 0.704361 0.718155 0.731841 0.745408 0.758843 0.772136 0.785272 0.798239 0.811021 0.823605 0.835976 0.848116 0.860011 0.871642 0.882994 0.894049 0.904787 0.915192 0.925245 0.934927 0.944219 0.953103 0.961560 0.969573 0.977123 0.984193 0.990767 0.996828 1.002361 1.007353 1.011789 1.015659 1.018952 1.021659 1.023772 1.025286 1.026196 1.026499 1.026196 1.025286 1.023772 1.021659 1.018952 1.015659 1.011789 1.007353 1.002361 0.996828 0.990767 0.984193 0.977123 0.969573 0.961560 0.953103 0.944219 0.934927 0.925245 0.915192 0.904787 0.894049 0.882994 0.871642 0.860011 0.848116 0.835976 0.823605 0.811021 0.798239 0.785272 0.772136 0.758843 0.745408 0.731841 0.718155 0.704361 0.690471 0.676493 0.662437 0.648314 0.634130 0.619895 0.605616 0.591300 0.576953 0.562583 0.548195 
0.560140 0.574772 0.589391 0.603993 0.618570 0.633116 0.647624 0.662085 0.676493 0.690837 0.705110 0.719301 0.733400 0.747396 0.761278 0.775033 0.788649 0.802113 0.815410 0.828526 0.841446 0.854153 0.866632 0.878866 0.890836 0.902525 0.913914 0.924985 0.935718 0.946093 0.956091 0.965693 0.974877 0.983625 0.991917 0.999734 1.007058 1.013870 1.020154 1.025892 1.031071 1.035675 1.039693 1.043112 1.045923 1.048118 1.049691 1.050636 1.050952 1.050636 1.049691 1.048118 1.045923 1.043112 1.039693 1.035675 1.031071 1.025892 1.020154 1.013870 1.007058 0.999734 0.991917 0.983625 0.974877 0.965693 0.956091 0.946093 0.935718 0.924985 0.913914 0.902525 0.890836 0.878866 0.866632 0.854153 0.841446 0.828526 0.815410 0.802113 0.788649 0.775033 0.761278 0.747396 0.733400 0.719301 0.705110 0.690837 0.676493 0.662085 0.647624 0.633116 0.618570 0.603993 0.589391 0.574772 0.560140 
0.571976 0.586855 0.601727 0.616587 0.631429 0.646245 0.661030 0.675774 0.690471 0.705110 0.719684 0.734181 0.748592 0.762906 0.777110 0.791193 0.805142 0.818942 0.832579 0.846039 0.859305 0.872361 0.885190 0.897775 0.910096 0.922135 0.933873 0.945289 0.956364 0.967076 0.977405 0.987329 0.996828 1.005881 1.014466 1.022564 1.030154 1.037217 1.043736 1.049691 1.055067 1.059849 1.064022 1.067575 1.070496 1.072778 1.074413 1.075396 1.075724 1.075396 1.074413 1.072778 1.070496 1.067575 1.064022 1.059849 1.055067 1.049691 1.043736 1.037217 1.030154 1.022564 1.014466 1.005881 0.996828 0.987329 0.977405 0.967076 0.956364 0.945289 0.933873 0.922135 0.910096 0.897775 0.885190 0.872361 0.859305 0.846039 0.832579 0.818942 0.805142 0.791193 0.777110 0.762906 0.748592 0.734181 0.719684 0.705110 0.690471 0.675774 0.661030 0.646245 0.631429 0.616587 0.601727 0.586855 0.571976 
0.583697 0.598824 0.613952 0.629073 0.644183 0.659274 0.674339 0.689371 0.704361 0.719301 0.734181 0.748991 0.763721 0.778360 0.792895 0.807313 0.821603 0.835749 0.849736 0.863550 0.877173 0.890590 0.903781 0.916729 0.929414 0.941817 0.953917 0.965693 0.977123 0.988187 0.998861 1.009124 1.018952 1.028324 1.037217 1.045610 1.053481 1.060809 1.067575 1.073759 1.079343 1.084312 1.088650 1.092344 1.095383 1.097756 1.099457 1.100480 1.100821 1.100480 1.099457 1.097756 1.095383 1.092344 1.088650 1.084312 1.079343 1.073759 1.067575 1.060809 1.053481 1.045610 1.037217 1.028324 1.018952 1.009124 0.998861 0.988187 0.977123 0.965693 0.953917 0.941817 0.929414 0.916729 0.903781 0.890590 0.877173 0.863550 0.849736 0.835749 0.821603 0.807313 0.792895 0.778360 0.763721 0.748991 0.734181 0.719301 0.704361 0.689371 0.674339 0.659274 0.644183 0.629073 0.613952 0.598824 0.583697 
0.595292 0.610671 0.626056 0.641443 0.656824 0.672193 0.687543 0.702866 0.718155 0.733400 0.748592 0.763721 0.778777 0.793747 0.808620 0.823383 0.838022 0.852523 0.866870 0.881048 0.895040 0.908828 0.922394 0.935718 0.948780 0.961560 0.974037 0.986187 0.997989 1.009419 1.020454 1.031071 1.041245 1.050952 1.060169 1.068872 1.077038 1.084645 1.091671 1.098096 1.103901 1.109068 1.113580 1.117424 1.120587 1.123057 1.124828 1.125893 1.126249 1.125893 1.124828 1.123057 1.120587 1.117424 1.113580 1.109068 1.103901 1.098096 1.091671 1.084645 1.077038 1.068872 1.060169 1.050952 1.041245 1.031071 1.020454 1.009419 0.997989 0.986187 0.974037 0.961560 0.948780 0.935718 0.922394 0.908828 0.895040 0.881048 0.866870 0.852523 0.838022 0.823383 0.808620 0.793747 0.778777 0.763721 0.748592 0.733400 0.718155 0.702866 0.687543 0.672193 0.656824 0.641443 0.626056 0.610671 0.595292 
0.606754 0.622386 0.638032 0.653685 0.669341 0.684991 0.700630 0.716249 0.731841 0.747396 0.762906 0.778360 0.793747 0.809056 0.824274 0.839389 0.854387 0.869252 0.883969 0.898523 0.912894 0.927066 0.941018 0.954731 0.968184 0.981356 0.994223 1.006763 1.018952 1.030765 1.042178 1.053164 1.063700 1.073759 1.083315 1.092344 1.100821 1.108722 1.116024 1.122704 1.128742 1.134118 1.138815 1.142818 1.146111 1.148685 1.150530 1.151640 1.152010 1.151640 1.150530 1.148685 1.146111 1.142818 1.138815 1.134118 1.128742 1.122704 1.116024 1.108722 1.100821 1.092344 1.083315 1.073759 1.063700 1.053164 1.042178 1.030765 1.018952 1.006763 0.994223 0.981356 0.968184 0.954731 0.941018 0.927066 0.912894 0.898523 0.883969 0.869252 0.854387 0.839389 0.824274 0.809056 0.793747 0.778360 0.762906 0.747396 0.731841 0.716249 0.700630 0.684991 0.669341 0.653685 0.638032 0.622386 0.606754 
0.618074 0.633961 0.649869 0.665792 0.681724 0.697659 0.713590 0.729509 0.745408 0.761278 0.777110 0.792895 0.808620 0.824274 0.839846 0.855321 0.870685 0.885924 0.901021 0.915960 0.930722 0.945289 0.959641 0.973757 0.987615 1.001192 1.014466 1.027411 1.040003 1.052215 1.064022 1.075396 1.086310 1.096738 1.106651 1.116024 1.124828 1.133039 1.140631 1.147581 1.153865 1.159463 1.164356 1.168526 1.171959 1.174643 1.176567 1.177724 1.178110 1.177724 1.176567 1.174643 1.171959 1.168526 1.164356 1.159463 1.153865 1.147581 1.140631 1.133039 1.124828 1.116024 1.106651 1.096738 1.086310 1.075396 1.064022 1.052215 1.040003 1.027411 1.014466 1.001192 0.987615 0.973757 0.959641 0.945289 0.930722 0.915960 0.901021 0.885924 0.870685 0.855321 0.839846 0.824274 0.808620 0.792895 0.777110 0.761278 0.745408 0.729509 0.713590 0.697659 0.681724 0.665792 0.649869 0.633961 0.618074 
0.629241 0.645385 0.661557 0.677752 0.693963 0.710185 0.726411 0.742633 0.758843 0.775033 0.791193 0.807313 0.823383 0.839389 0.855321 0.871164 0.886904 0.902525 0.918012 0.933347 0.948511 0.963485 0.978249 0.992781 1.007058 1.021056 1.034752 1.048118 1.061130 1.073759 1.085977 1.097756 1.109068 1.119882 1.130171 1.139904 1.149054 1.157592 1.165491 1.172725 1.179270 1.185103 1.190203 1.194552 1.198133 1.200932 1.202940 1.204148 1.204551 1.204148 1.202940 1.200932 1.198133 1.194552 1.190203 1.185103 1.179270 1.172725 1.165491 1.157592 1.149054 1.139904 1.130171 1.119882 1.109068 1.097756 1.085977 1.073759 1.061130 1.048118 1.034752 1.021056 1.007058 0.992781 0.978249 0.963485 0.948511 0.933347 0.918012 0.902525 0.886904 0.871164 0.855321 0.839389 0.823383 0.807313 0.791193 0.775033 0.758843 0.742633 0.726411 0.710185 0.693963 0.677752 0.661557 0.645385 0.629241 
0.640247 0.656649 0.673086 0.689554 0.706047 0.722559 0.739082 0.755611 0.772136 0.788649 0.805142 0.821603 0.838022 0.854387 0.870685 0.886904 0.903027 0.919040 0.934927 0.950668 0.966245 0.981639 0.996828 1.011789 1.026499 1.040934 1.055067 1.068872 1.082320 1.095383 1.108031 1.120234 1.131962 1.143183 1.153865 1.163978 1.173491 1.182374 1.190597 1.198133 1.204954 1.211036 1.216356 1.220894 1.224632 1.227555 1.229652 1.230913 1.231334 1.230913 1.229652 1.227555 1.224632 1.220894 1.216356 1.211036 1.204954 1.198133 1.190597 1.182374 1.173491 1.163978 1.153865 1.143183 1.131962 1.120234 1.108031 1.095383 1.082320 1.068872 1.055067 1.040934 1.026499 1.011789 0.996828 0.981639 0.966245 0.950668 0.934927 0.919040 0.903027 0.886904 0.870685 0.854387 0.838022 0.821603 0.805142 0.788649 0.772136 0.755611 0.739082 0.722559 0.706047 0.689554 0.673086 0.656649 0.640247 
0.651081 0.667742 0.684446 0.701188 0.717964 0.734767 0.751591 0.768429 0.785272 0.802113 0.818942 0.835749 0.852523 0.869252 0.885924 0.902525 0.919040 0.935454 0.951749 0.967907 0.983909 0.999734 1.015361 1.030765 1.045923 1.060809 1.075396 1.089655 1.103558 1.117074 1.130171 1.142818 1.154981 1.166627 1.177724 1.188237 1.198133 1.207380 1.215945 1.223799 1.230913 1.237259 1.242813 1.247551 1.251456 1.254511 1.256702 1.258020 1.258461 1.258020 1.256702 1.254511 1.251456 1.247551 1.242813 1.237259 1.230913 1.223799 1.215945 1.207380 1.198133 1.188237 1.177724 1.166627 1.154981 1.142818 1.130171 1.117074 1.103558 1.089655 1.075396 1.060809 1.045923 1.030765 1.015361 0.999734 0.983909 0.967907 0.951749 0.935454 0.919040 0.902525 0.885924 0.869252 0.852523 0.835749 0.818942 0.802113 0.785272 0.768429 0.751591 0.734767 0.717964 0.701188 0.684446 0.667742 0.651081 
0.661733 0.678653 0.695624 0.712642 0.729703 0.746799 0.763925 0.781074 0.798239 0.815410 0.832579 0.849736 0.866870 0.883969 0.901021 0.918012 0.934927 0.951749 0.968462 0.985047 1.001484 1.017753 1.033830 1.049691 1.065311 1.080664 1.095721 1.110453 1.124828 1.138815 1.152381 1.165491 1.178110 1.190203 1.201735 1.212668 1.222968 1.232599 1.241527 1.249718 1.257141 1.263767 1.269568 1.274521 1.278603 1.281797 1.284089 1.285469 1.285929 1.285469 1.284089 1.281797 1.278603 1.274521 1.269568 1.263767 1.257141 1.249718 1.241527 1.232599 1.222968 1.212668 1.201735 1.190203 1.178110 1.165491 1.152381 1.138815 1.124828 1.110453 1.095721 1.080664 1.065311 1.049691 1.033830 1.017753 1.001484 0.985047 0.968462 0.951749 0.934927 0.918012 0.901021 0.883969 0.866870 0.849736 0.832579 0.815410 0.798239 0.781074 0.763925 0.746799 0.729703 0.712642 0.695624 0.678653 0.661733 
0.672193 0.689371 0.706610 0.723905 0.741250 0.758641 0.776071 0.793534 0.811021 0.828526 0.846039 0.863550 0.881048 0.898523 0.915960 0.933347 0.950668 0.967907 0.985047 1.002069 1.018952 1.035675 1.052215 1.068547 1.084645 1.100480 1.116024 1.131245 1.146111 1.160589 1.174643 1.188237 1.201333 1.213895 1.225883 1.237259 1.247984 1.258020 1.267331 1.275879 1.283630 1.290553 1.296618 1.301797 1.306068 1.309411 1.311810 1.313255 1.313737 1.313255 1.311810 1.309411 1.306068 1.301797 1.296618 1.290553 1.283630 1.275879 1.267331 1.258020 1.247984 1.237259 1.225883 1.213895 1.201333 1.188237 1.174643 1.160589 1.146111 1.131245 1.116024 1.100480 1.084645 1.068547 1.052215 1.035675 1.018952 1.002069 0.985047 0.967907 0.950668 0.933347 0.915960 0.898523 0.881048 0.863550 0.846039 0.828526 0.811021 0.793534 0.776071 0.758641 0.741250 0.723905 0.706610 0.689371 0.672193 
0.682449 0.699886 0.717392 0.734963 0.752594 0.770280 0.788015 0.805792 0.823605 0.841446 0.859305 0.877173 0.895040 0.912894 0.930722 0.948511 0.966245 0.983909 1.001484 1.018952 1.036292 1.053481 1.070496 1.087312 1.103901 1.120234 1.136282 1.152010 1.167386 1.182374 1.196937 1.211036 1.224632 1.237684 1.250152 1.261993 1.273166 1.283630 1.293345 1.302270 1.310370 1.317608 1.323952 1.329373 1.333845 1.337346 1.339860 1.341373 1.341878 1.341373 1.339860 1.337346 1.333845 1.329373 1.323952 1.317608 1.310370 1.302270 1.293345 1.283630 1.273166 1.261993 1.250152 1.237684 1.224632 1.211036 1.196937 1.182374 1.167386 1.152010 1.136282 1.120234 1.103901 1.087312 1.070496 1.053481 1.036292 1.018952 1.001484 0.983909 0.966245 0.948511 0.930722 0.912894 0.895040 0.877173 0.859305 0.841446 0.823605 0.805792 0.788015 0.770280 0.752594 0.734963 0.717392 0.699886 0.682449 
0.692491 0.710185 0.727958 0.745805 0.763721 0.781702 0.799743 0.817836 0.835976 0.854153 0.872361 0.890590 0.908828 0.927066 0.945289 0.963485 0.981639 0.999734 1.017753 1.035675 1.053481 1.071147 1.088650 1.105963 1.123057 1.139904 1.156471 1.172725 1.188630 1.204148 1.219240 1.233866 1.247984 1.261550 1.274521 1.286851 1.298496 1.309411 1.319553 1.328878 1.337346 1.344919 1.351560 1.357237 1.361923 1.365593 1.368229 1.369816 1.370346 1.369816 1.368229 1.365593 1.361923 1.357237 1.351560 1.344919 1.337346 1.328878 1.319553 1.309411 1.298496 1.286851 1.274521 1.261550 1.247984 1.233866 1.219240 1.204148 1.188630 1.172725 1.156471 1.139904 1.123057 1.105963 1.088650 1.071147 1.053481 1.035675 1.017753 0.999734 0.981639 0.963485 0.945289 0.927066 0.908828 0.890590 0.872361 0.854153 0.835976 0.817836 0.799743 0.781702 0.763721 0.745805 0.727958 0.710185 0.692491 
0.702307 0.720258 0.738296 0.756418 0.774619 0.792895 0.811240 0.829650 0.848116 0.866632 0.885190 0.903781 0.922394 0.941018 0.959641 0.978249 0.996828 1.015361 1.033830 1.052215 1.070496 1.088650 1.106651 1.124474 1.142088 1.159463 1.176567 1.193363 1.209815 1.225883 1.241527 1.256702 1.271365 1.285469 1.298967 1.311810 1.323952 1.335343 1.345936 1.355684 1.364542 1.372470 1.379427 1.385377 1.390291 1.394141 1.396906 1.398571 1.399128 1.398571 1.396906 1.394141 1.390291 1.385377 1.379427 1.372470 1.364542 1.355684 1.345936 1.335343 1.323952 1.311810 1.298967 1.285469 1.271365 1.256702 1.241527 1.225883 1.209815 1.193363 1.176567 1.159463 1.142088 1.124474 1.106651 1.088650 1.070496 1.052215 1.033830 1.015361 0.996828 0.978249 0.959641 0.941018 0.922394 0.903781 0.885190 0.866632 0.848116 0.829650 0.811240 0.792895 0.774619 0.756418 0.738296 0.720258 0.702307 
0.711885 0.730091 0.748393 0.766788 0.785272 0.803842 0.822492 0.841217 0.860011 0.878866 0.897775 0.916729 0.935718 0.954731 0.973757 0.992781 1.011789 1.030765 1.049691 1.068547 1.087312 1.105963 1.124474 1.142818 1.160965 1.178883 1.196539 1.213895 1.230913 1.247551 1.263767 1.279514 1.294745 1.309411 1.323462 1.336845 1.349509 1.361401 1.372470 1.382665 1.391938 1.400241 1.407533 1.413775 1.418930 1.422972 1.425876 1.427625 1.428209 1.427625 1.425876 1.422972 1.418930 1.413775 1.407533 1.400241 1.391938 1.382665 1.372470 1.361401 1.349509 1.336845 1.323462 1.309411 1.294745 1.279514 1.263767 1.247551 1.230913 1.213895 1.196539 1.178883 1.160965 1.142818 1.124474 1.105963 1.087312 1.068547 1.049691 1.030765 1.011789 0.992781 0.973757 0.954731 0.935718 0.916729 0.897775 0.878866 0.860011 0.841217 0.822492 0.803842 0.785272 0.766788 0.748393 0.730091 0.711885 
0.721216 0.739673 0.758236 0.776902 0.795668 0.814530 0.833483 0.852523 0.871642 0.890836 0.910096 0.929414 0.948780 0.968184 0.987615 1.007058 1.026499 1.045923 1.065311 1.084645 1.103901 1.123057 1.142088 1.160965 1.179657 1.198133 1.216356 1.234289 1.251892 1.269120 1.285929 1.302270 1.318093 1.333346 1.347975 1.361923 1.375136 1.387556 1.399128 1.409795 1.419506 1.428209 1.435857 1.442407 1.447821 1.452067 1.455118 1.456957 1.457571 1.456957 1.455118 1.452067 1.447821 1.442407 1.435857 1.428209 1.419506 1.409795 1.399128 1.387556 1.375136 1.361923 1.347975 1.333346 1.318093 1.302270 1.285929 1.269120 1.251892 1.234289 1.216356 1.198133 1.179657 1.160965 1.142088 1.123057 1.103901 1.084645 1.065311 1.045923 1.026499 1.007058 0.987615 0.968184 0.948780 0.929414 0.910096 0.890836 0.871642 0.852523 0.833483 0.814530 0.795668 0.776902 0.758236 0.739673 0.721216 
0.730285 0.748991 0.767813 0.786748 0.805792 0.824944 0.844198 0.863550 0.882994 0.902525 0.922135 0.941817 0.961560 0.981356 1.001192 1.021056 1.040934 1.060809 1.080664 1.100480 1.120234 1.139904 1.159463 1.178883 1.198133 1.217179 1.235985 1.254511 1.272715 1.290553 1.307976 1.324934 1.341373 1.357237 1.372470 1.387011 1.400799 1.413775 1.425876 1.437043 1.447217 1.456343 1.464369 1.471248 1.476936 1.481399 1.484608 1.486542 1.487188 1.486542 1.484608 1.481399 1.476936 1.471248 1.464369 1.456343 1.447217 1.437043 1.425876 1.413775 1.400799 1.387011 1.372470 1.357237 1.341373 1.324934 1.307976 1.290553 1.272715 1.254511 1.235985 1.217179 1.198133 1.178883 1.159463 1.139904 1.120234 1.100480 1.080664 1.060809 1.040934 1.021056 1.001192 0.981356 0.961560 0.941817 0.922135 0.902525 0.882994 0.863550 0.844198 0.824944 0.805792 0.786748 0.767813 0.748991 0.730285 
0.739082 0.758034 0.777110 0.796310 0.815630 0.835068 0.854620 0.874282 0.894049 0.913914 0.933873 0.953917 0.974037 0.994223 1.014466 1.034752 1.055067 1.075396 1.095721 1.116024 1.136282 1.156471 1.176567 1.196539 1.216356 1.235985 1.255386 1.274521 1.293345 1.311810 1.329868 1.347464 1.364542 1.381044 1.396906 1.412066 1.426458 1.440017 1.452676 1.464369 1.475034 1.484608 1.493035 1.500262 1.506242 1.510937 1.514314 1.516349 1.517029 1.516349 1.514314 1.510937 1.506242 1.500262 1.493035 1.484608 1.475034 1.464369 1.452676 1.440017 1.426458 1.412066 1.396906 1.381044 1.364542 1.347464 1.329868 1.311810 1.293345 1.274521 1.255386 1.235985 1.216356 1.196539 1.176567 1.156471 1.136282 1.116024 1.095721 1.075396 1.055067 1.034752 1.014466 0.994223 0.974037 0.953917 0.933873 0.913914 0.894049 0.874282 0.854620 0.835068 0.815630 0.796310 0.777110 0.758034 0.739082 
0.747595 0.766788 0.786115 0.805575 0.825167 0.844888 0.864734 0.884702 0.904787 0.924985 0.945289 0.965693 0.986187 1.006763 1.027411 1.048118 1.068872 1.089655 1.110453 1.131245 1.152010 1.172725 1.193363 1.213895 1.234289 1.254511 1.274521 1.294278 1.313737 1.332848 1.351560 1.369816 1.387556 1.404718 1.421237 1.437043 1.452067 1.466237 1.479482 1.491731 1.502912 1.512961 1.521812 1.529409 1.535700 1.540640 1.544196 1.546339 1.547056 1.546339 1.544196 1.540640 1.535700 1.529409 1.521812 1.512961 1.502912 1.491731 1.479482 1.466237 1.452067 1.437043 1.421237 1.404718 1.387556 1.369816 1.351560 1.332848 1.313737 1.294278 1.274521 1.254511 1.234289 1.213895 1.193363 1.172725 1.152010 1.131245 1.110453 1.089655 1.068872 1.048118 1.027411 1.006763 0.986187 0.965693 0.945289 0.924985 0.904787 0.884702 0.864734 0.844888 0.825167 0.805575 0.786115 0.766788 0.747595 
0.755812 0.775241 0.794814 0.814530 0.834388 0.854387 0.874522 0.894792 0.915192 0.935718 0.956364 0.977123 0.997989 1.018952 1.040003 1.061130 1.082320 1.103558 1.124828 1.146111 1.167386 1.188630 1.209815 1.230913 1.251892 1.272715 1.293345 1.313737 1.333845 1.353618 1.373002 1.391938 1.410362 1.428209 1.445409 1.461888 1.477572 1.492382 1.506242 1.519074 1.530801 1.541350 1.550651 1.558640 1.565260 1.570462 1.574207 1.576466 1.577221 1.576466 1.574207 1.570462 1.565260 1.558640 1.550651 1.541350 1.530801 1.519074 1.506242 1.492382 1.477572 1.461888 1.445409 1.428209 1.410362 1.391938 1.373002 1.353618 1.333845 1.313737 1.293345 1.272715 1.251892 1.230913 1.209815 1.188630 1.167386 1.146111 1.124828 1.103558 1.082320 1.061130 1.040003 1.018952 0.997989 0.977123 0.956364 0.935718 0.915192 0.894792 0.874522 0.854387 0.834388 0.814530 0.794814 0.775241 0.755812 
0.763721 0.783380 0.803193 0.823160 0.843279 0.863550 0.883969 0.904536 0.925245 0.946093 0.967076 0.988187 1.009419 1.030765 1.052215 1.073759 1.095383 1.117074 1.138815 1.160589 1.182374 1.204148 1.225883 1.247551 1.269120 1.290553 1.311810 1.332848 1.353618 1.374068 1.394141 1.413775 1.432904 1.451458 1.469364 1.486542 1.502912 1.518392 1.532895 1.546339 1.558640 1.569716 1.579491 1.587895 1.594864 1.600344 1.604290 1.606671 1.607467 1.606671 1.604290 1.600344 1.594864 1.587895 1.579491 1.569716 1.558640 1.546339 1.532895 1.518392 1.502912 1.486542 1.469364 1.451458 1.432904 1.413775 1.394141 1.374068 1.353618 1.332848 1.311810 1.290553 1.269120 1.247551 1.225883 1.204148 1.182374 1.160589 1.138815 1.117074 1.095383 1.073759 1.052215 1.030765 1.009419 0.988187 0.967076 0.946093 0.925245 0.904536 0.883969 0.863550 0.843279 0.823160 0.803193 0.783380 0.763721 
0.771310 0.791193 0.811240 0.831451 0.851825 0.872361 0.893058 0.913914 0.934927 0.956091 0.977405 0.998861 1.020454 1.042178 1.064022 1.085977 1.108031 1.130171 1.152381 1.174643 1.196937 1.219240 1.241527 1.263767 1.285929 1.307976 1.329868 1.351560 1.373002 1.394141 1.414916 1.435265 1.455118 1.474401 1.493035 1.510937 1.528020 1.544196 1.559371 1.573456 1.586358 1.597989 1.608264 1.617106 1.624443 1.630217 1.634377 1.636887 1.637727 1.636887 1.634377 1.630217 1.624443 1.617106 1.608264 1.597989 1.586358 1.573456 1.559371 1.544196 1.528020 1.510937 1.493035 1.474401 1.455118 1.435265 1.414916 1.394141 1.373002 1.351560 1.329868 1.307976 1.285929 1.263767 1.241527 1.219240 1.196937 1.174643 1.152381 1.130171 1.108031 1.085977 1.064022 1.042178 1.020454 0.998861 0.977405 0.956091 0.934927 0.913914 0.893058 0.872361 0.851825 0.831451 0.811240 0.791193 0.771310 
0.778568 0.798668 0.818942 0.839389 0.860011 0.880805 0.901773 0.922911 0.944219 0.965693 0.987329 1.009124 1.031071 1.053164 1.075396 1.097756 1.120234 1.142818 1.165491 1.188237 1.211036 1.233866 1.256702 1.279514 1.302270 1.324934 1.347464 1.369816 1.391938 1.413775 1.435265 1.456343 1.476936 1.496966 1.516349 1.534997 1.552818 1.569716 1.585591 1.600344 1.613875 1.626087 1.636887 1.646190 1.653916 1.660000 1.664386 1.667033 1.667919 1.667033 1.664386 1.660000 1.653916 1.646190 1.636887 1.626087 1.613875 1.600344 1.585591 1.569716 1.552818 1.534997 1.516349 1.496966 1.476936 1.456343 1.435265 1.413775 1.391938 1.369816 1.347464 1.324934 1.302270 1.279514 1.256702 1.233866 1.211036 1.188237 1.165491 1.142818 1.120234 1.097756 1.075396 1.053164 1.031071 1.009124 0.987329 0.965693 0.944219 0.922911 0.901773 0.880805 0.860011 0.839389 0.818942 0.798668 0.778568 
0.785483 0.805792 0.826285 0.846961 0.867822 0.888867 0.910096 0.931509 0.953103 0.974877 0.996828 1.018952 1.041245 1.063700 1.086310 1.109068 1.131962 1.154981 1.178110 1.201333 1.224632 1.247984 1.271365 1.294745 1.318093 1.341373 1.364542 1.387556 1.410362 1.432904 1.455118 1.476936 1.498282 1.519074 1.539224 1.558640 1.577221 1.594864 1.611463 1.626910 1.641097 1.653916 1.665267 1.675053 1.683188 1.689597 1.694221 1.697013 1.697947 1.697013 1.694221 1.689597 1.683188 1.675053 1.665267 1.653916 1.641097 1.626910 1.611463 1.594864 1.577221 1.558640 1.539224 1.519074 1.498282 1.476936 1.455118 1.432904 1.410362 1.387556 1.364542 1.341373 1.318093 1.294745 1.271365 1.247984 1.224632 1.201333 1.178110 1.154981 1.131962 1.109068 1.086310 1.063700 1.041245 1.018952 0.996828 0.974877 0.953103 0.931509 0.910096 0.888867 0.867822 0.846961 0.826285 0.805792 0.785483 
0.792043 0.812554 0.833257 0.854153 0.875244 0.896530 0.918012 0.939689 0.961560 0.983625 1.005881 1.028324 1.050952 1.073759 1.096738 1.119882 1.143183 1.166627 1.190203 1.213895 1.237684 1.261550 1.285469 1.309411 1.333346 1.357237 1.381044 1.404718 1.428209 1.451458 1.474401 1.496966 1.519074 1.540640 1.561572 1.581771 1.601131 1.619541 1.636887 1.653053 1.667919 1.681370 1.693293 1.703584 1.712146 1.718898 1.723771 1.726715 1.727700 1.726715 1.723771 1.718898 1.712146 1.703584 1.693293 1.681370 1.667919 1.653053 1.636887 1.619541 1.601131 1.581771 1.561572 1.540640 1.519074 1.496966 1.474401 1.451458 1.428209 1.404718 1.381044 1.357237 1.333346 1.309411 1.285469 1.261550 1.237684 1.213895 1.190203 1.166627 1.143183 1.119882 1.096738 1.073759 1.050952 1.028324 1.005881 0.983625 0.961560 0.939689 0.918012 0.896530 0.875244 0.854153 0.833257 0.812554 0.792043 
0.798239 0.818942 0.839846 0.860953 0.882264 0.903781 0.925505 0.947435 0.969573 0.991917 1.014466 1.037217 1.060169 1.083315 1.106651 1.130171 1.153865 1.177724 1.201735 1.225883 1.250152 1.274521 1.298967 1.323462 1.347975 1.372470 1.396906 1.421237 1.445409 1.469364 1.493035 1.516349 1.539224 1.561572 1.583296 1.604290 1.624443 1.643638 1.661750 1.678654 1.694221 1.708325 1.720842 1.731657 1.740665 1.747773 1.752906 1.756009 1.757048 1.756009 1.752906 1.747773 1.740665 1.731657 1.720842 1.708325 1.694221 1.678654 1.661750 1.643638 1.624443 1.604290 1.583296 1.561572 1.539224 1.516349 1.493035 1.469364 1.445409 1.421237 1.396906 1.372470 1.347975 1.323462 1.298967 1.274521 1.250152 1.225883 1.201735 1.177724 1.153865 1.130171 1.106651 1.083315 1.060169 1.037217 1.014466 0.991917 0.969573 0.947435 0.925505 0.903781 0.882264 0.860953 0.839846 0.818942 0.798239 
0.804058 0.824944 0.846039 0.867346 0.888867 0.910604 0.932558 0.954731 0.977123 0.999734 1.022564 1.045610 1.068872 1.092344 1.116024 1.139904 1.163978 1.188237 1.212668 1.237259 1.261993 1.286851 1.311810 1.336845 1.361923 1.387011 1.412066 1.437043 1.461888 1.486542 1.510937 1.534997 1.558640 1.581771 1.604290 1.626087 1.647043 1.667033 1.685926 1.703584 1.719869 1.734644 1.747773 1.759130 1.768598 1.776075 1.781479 1.784747 1.785840 1.784747 1.781479 1.776075 1.768598 1.759130 1.747773 1.734644 1.719869 1.703584 1.685926 1.667033 1.647043 1.626087 1.604290 1.581771 1.558640 1.534997 1.510937 1.486542 1.461888 1.437043 1.412066 1.387011 1.361923 1.336845 1.311810 1.286851 1.261993 1.237259 1.212668 1.188237 1.163978 1.139904 1.116024 1.092344 1.068872 1.045610 1.022564 0.999734 0.977123 0.954731 0.932558 0.910604 0.888867 0.867346 0.846039 0.824944 0.804058 
0.809492 0.830550 0.851825 0.873321 0.895040 0.916985 0.939158 0.961560 0.984193 1.007058 1.030154 1.053481 1.077038 1.100821 1.124828 1.149054 1.173491 1.198133 1.222968 1.247984 1.273166 1.298496 1.323952 1.349509 1.375136 1.400799 1.426458 1.452067 1.477572 1.502912 1.528020 1.552818 1.577221 1.601131 1.624443 1.647043 1.668806 1.689597 1.709278 1.727700 1.744716 1.760174 1.773929 1.785840 1.795781 1.803639 1.809321 1.812758 1.813909 1.812758 1.809321 1.803639 1.795781 1.785840 1.773929 1.760174 1.744716 1.727700 1.709278 1.689597 1.668806 1.647043 1.624443 1.601131 1.577221 1.552818 1.528020 1.502912 1.477572 1.452067 1.426458 1.400799 1.375136 1.349509 1.323952 1.298496 1.273166 1.247984 1.222968 1.198133 1.173491 1.149054 1.124828 1.100821 1.077038 1.053481 1.030154 1.007058 0.984193 0.961560 0.939158 0.916985 0.895040 0.873321 0.851825 0.830550 0.809492 
0.814530 0.835749 0.857193 0.878866 0.900771 0.922911 0.945289 0.967907 0.990767 1.013870 1.037217 1.060809 1.084645 1.108722 1.133039 1.157592 1.182374 1.207380 1.232599 1.258020 1.283630 1.309411 1.335343 1.361401 1.387556 1.413775 1.440017 1.466237 1.492382 1.518392 1.544196 1.569716 1.594864 1.619541 1.643638 1.667033 1.689597 1.711188 1.731657 1.750847 1.768598 1.784747 1.799135 1.811610 1.822031 1.830276 1.836242 1.839853 1.841062 1.839853 1.836242 1.830276 1.822031 1.811610 1.799135 1.784747 1.768598 1.750847 1.731657 1.711188 1.689597 1.667033 1.643638 1.619541 1.594864 1.569716 1.544196 1.518392 1.492382 1.466237 1.440017 1.413775 1.387556 1.361401 1.335343 1.309411 1.283630 1.258020 1.232599 1.207380 1.182374 1.157592 1.133039 1.108722 1.084645 1.060809 1.037217 1.013870 0.990767 0.967907 0.945289 0.922911 0.900771 0.878866 0.857193 0.835749 0.814530 
0.819163 0.840531 0.862132 0.883969 0.906047 0.928369 0.950938 0.973757 0.996828 1.020154 1.043736 1.067575 1.091671 1.116024 1.140631 1.165491 1.190597 1.215945 1.241527 1.267331 1.293345 1.319553 1.345936 1.372470 1.399128 1.425876 1.452676 1.479482 1.506242 1.532895 1.559371 1.585591 1.611463 1.636887 1.661750 1.685926 1.709278 1.731657 1.752906 1.772858 1.791341 1.808179 1.823202 1.836242 1.847147 1.855782 1.862035 1.865821 1.867089 1.865821 1.862035 1.855782 1.847147 1.836242 1.823202 1.808179 1.791341 1.772858 1.752906 1.731657 1.709278 1.685926 1.661750 1.636887 1.611463 1.585591 1.559371 1.532895 1.506242 1.479482 1.452676 1.425876 1.399128 1.372470 1.345936 1.319553 1.293345 1.267331 1.241527 1.215945 1.190597 1.165491 1.140631 1.116024 1.091671 1.067575 1.043736 1.020154 0.996828 0.973757 0.950938 0.928369 0.906047 0.883969 0.862132 0.840531 0.819163 
0.823383 0.844888 0.866632 0.888621 0.910858 0.933347 0.956091 0.979095 1.002361 1.025892 1.049691 1.073759 1.098096 1.122704 1.147581 1.172725 1.198133 1.223799 1.249718 1.275879 1.302270 1.328878 1.355684 1.382665 1.409795 1.437043 1.464369 1.491731 1.519074 1.546339 1.573456 1.600344 1.626910 1.653053 1.678654 1.703584 1.727700 1.750847 1.772858 1.793556 1.812758 1.830276 1.845925 1.859525 1.870911 1.879934 1.886472 1.890433 1.891760 1.890433 1.886472 1.879934 1.870911 1.859525 1.845925 1.830276 1.812758 1.793556 1.772858 1.750847 1.727700 1.703584 1.678654 1.653053 1.626910 1.600344 1.573456 1.546339 1.519074 1.491731 1.464369 1.437043 1.409795 1.382665 1.355684 1.328878 1.302270 1.275879 1.249718 1.223799 1.198133 1.172725 1.147581 1.122704 1.098096 1.073759 1.049691 1.025892 1.002361 0.979095 0.956091 0.933347 0.910858 0.888621 0.866632 0.844888 0.823383 
0.827181 0.848810 0.870685 0.892811 0.915192 0.937833 0.960737 0.983909 1.007353 1.031071 1.055067 1.079343 1.103901 1.128742 1.153865 1.179270 1.204954 1.230913 1.257141 1.283630 1.310370 1.337346 1.364542 1.391938 1.419506 1.447217 1.475034 1.502912 1.530801 1.558640 1.586358 1.613875 1.641097 1.667919 1.694221 1.719869 1.744716 1.768598 1.791341 1.812758 1.832655 1.850831 1.867089 1.881235 1.893090 1.902492 1.909310 1.913442 1.914826 1.913442 1.909310 1.902492 1.893090 1.881235 1.867089 1.850831 1.832655 1.812758 1.791341 1.768598 1.744716 1.719869 1.694221 1.667919 1.641097 1.613875 1.586358 1.558640 1.530801 1.502912 1.475034 1.447217 1.419506 1.391938 1.364542 1.337346 1.310370 1.283630 1.257141 1.230913 1.204954 1.179270 1.153865 1.128742 1.103901 1.079343 1.055067 1.031071 1.007353 0.983909 0.960737 0.937833 0.915192 0.892811 0.870685 0.848810 0.827181 
0.830550 0.852290 0.874282 0.896530 0.919040 0.941817 0.964864 0.988187 1.011789 1.035675 1.059849 1.084312 1.109068 1.134118 1.159463 1.185103 1.211036 1.237259 1.263767 1.290553 1.317608 1.344919 1.372470 1.400241 1.428209 1.456343 1.484608 1.512961 1.541350 1.569716 1.597989 1.626087 1.653916 1.681370 1.708325 1.734644 1.760174 1.784747 1.808179 1.830276 1.850831 1.869634 1.886472 1.901139 1.913442 1.923208 1.930294 1.934591 1.936030 1.934591 1.930294 1.923208 1.913442 1.901139 1.886472 1.869634 1.850831 1.830276 1.808179 1.784747 1.760174 1.734644 1.708325 1.681370 1.653916 1.626087 1.597989 1.569716 1.541350 1.512961 1.484608 1.456343 1.428209 1.400241 1.372470 1.344919 1.317608 1.290553 1.263767 1.237259 1.211036 1.185103 1.159463 1.134118 1.109068 1.084312 1.059849 1.035675 1.011789 0.988187 0.964864 0.941817 0.919040 0.896530 0.874282 0.852290 0.830550 
0.833483 0.855321 0.877415 0.899771 0.922394 0.945289 0.968462 0.991917 1.015659 1.039693 1.064022 1.088650 1.113580 1.138815 1.164356 1.190203 1.216356 1.242813 1.269568 1.296618 1.323952 1.351560 1.379427 1.407533 1.435857 1.464369 1.493035 1.521812 1.550651 1.579491 1.608264 1.636887 1.665267 1.693293 1.720842 1.747773 1.773929 1.799135 1.823202 1.845925 1.867089 1.886472 1.903849 1.919001 1.931722 1.941829 1.949166 1.953616 1.955108 1.953616 1.949166 1.941829 1.931722 1.919001 1.903849 1.886472 1.867089 1.845925 1.823202 1.799135 1.773929 1.747773 1.720842 1.693293 1.665267 1.636887 1.608264 1.579491 1.550651 1.521812 1.493035 1.464369 1.435857 1.407533 1.379427 1.351560 1.323952 1.296618 1.269568 1.242813 1.216356 1.190203 1.164356 1.138815 1.113580 1.088650 1.064022 1.039693 1.015659 0.991917 0.968462 0.945289 0.922394 0.899771 0.877415 0.855321 0.833483 
0.835976 0.857896 0.880077 0.902525 0.925245 0.948242 0.971522 0.995090 1.018952 1.043112 1.067575 1.092344 1.117424 1.142818 1.168526 1.194552 1.220894 1.247551 1.274521 1.301797 1.329373 1.357237 1.385377 1.413775 1.442407 1.471248 1.500262 1.529409 1.558640 1.587895 1.617106 1.646190 1.675053 1.703584 1.731657 1.759130 1.785840 1.811610 1.836242 1.859525 1.881235 1.901139 1.919001 1.934591 1.947690 1.958104 1.965669 1.970259 1.971798 1.970259 1.965669 1.958104 1.947690 1.934591 1.919001 1.901139 1.881235 1.859525 1.836242 1.811610 1.785840 1.759130 1.731657 1.703584 1.675053 1.646190 1.617106 1.587895 1.558640 1.529409 1.500262 1.471248 1.442407 1.413775 1.385377 1.357237 1.329373 1.301797 1.274521 1.247551 1.220894 1.194552 1.168526 1.142818 1.117424 1.092344 1.067575 1.043112 1.018952 0.995090 0.971522 0.948242 0.925245 0.902525 0.880077 0.857896 0.835976 
0.838022 0.860011 0.882264 0.904787 0.927587 0.950668 0.974037 0.997698 1.021659 1.045923 1.070496 1.095383 1.120587 1.146111 1.171959 1.198133 1.224632 1.251456 1.278603 1.306068 1.333845 1.361923 1.390291 1.418930 1.447821 1.476936 1.506242 1.535700 1.565260 1.594864 1.624443 1.653916 1.683188 1.712146 1.740665 1.768598 1.795781 1.822031 1.847147 1.870911 1.893090 1.913442 1.931722 1.947690 1.961117 1.971798 1.979560 1.984272 1.985852 1.984272 1.979560 1.971798 1.961117 1.947690 1.931722 1.913442 1.893090 1.870911 1.847147 1.822031 1.795781 1.768598 1.740665 1.712146 1.683188 1.653916 1.624443 1.594864 1.565260 1.535700 1.506242 1.476936 1.447821 1.418930 1.390291 1.361923 1.333845 1.306068 1.278603 1.251456 1.224632 1.198133 1.171959 1.146111 1.120587 1.095383 1.070496 1.045923 1.021659 0.997698 0.974037 0.950668 0.927587 0.904787 0.882264 0.860011 0.838022 
0.839617 0.861660 0.883969 0.906552 0.929414 0.952561 0.975999 0.999734 1.023772 1.048118 1.072778 1.097756 1.123057 1.148685 1.174643 1.200932 1.227555 1.254511 1.281797 1.309411 1.337346 1.365593 1.394141 1.422972 1.452067 1.481399 1.510937 1.540640 1.570462 1.600344 1.630217 1.660000 1.689597 1.718898 1.747773 1.776075 1.803639 1.830276 1.855782 1.879934 1.902492 1.923208 1.941829 1.958104 1.971798 1.982696 1.990619 1.995430 1.997044 1.995430 1.990619 1.982696 1.971798 1.958104 1.941829 1.923208 1.902492 1.879934 1.855782 1.830276 1.803639 1.776075 1.747773 1.718898 1.689597 1.660000 1.630217 1.600344 1.570462 1.540640 1.510937 1.481399 1.452067 1.422972 1.394141 1.365593 1.337346 1.309411 1.281797 1.254511 1.227555 1.200932 1.174643 1.148685 1.123057 1.097756 1.072778 1.048118 1.023772 0.999734 0.975999 0.952561 0.929414 0.906552 0.883969 0.861660 0.839617 
