145 145
5.997911e+01 0 5
0.744393 0.754017 0.763621 0.773203 0.782762 0.792296 0.801802 0.811279 0.820725 0.830137 0.839514 0.848852 0.858150 0.867405 0.876614 0.885775 0.894885 0.903942 0.912941 0.921881 0.930758 0.939569 0.948311 0.956980 0.965573 0.974087 0.982517 0.990860 0.999112 1.007270 1.015328 1.023284 1.031133 1.038871 1.046493 1.053996 1.061374 1.068623 1.075740 1.082718 1.089554 1.096243 1.102780 1.109161 1.115380 1.121434 1.127318 1.133026 1.138554 1.143898 1.149054 1.154016 1.158780 1.163343 1.167699 1.171845 1.175777 1.179492 1.182985 1.186253 1.189293 1.192101 1.194675 1.197013 1.199111 1.200968 1.202581 1.203949 1.205070 1.205944 1.206568 1.206943 1.207068 1.206943 1.206568 1.205944 1.205070 1.203949 1.202581 1.200968 1.199111 1.197013 1.194675 1.192101 1.189293 1.186253 1.182985 1.179492 1.175777 1.171845 1.167699 1.163343 1.158780 1.154016 1.149054 1.143898 1.138554 1.133026 1.127318 1.121434 1.115380 1.109161 1.102780 1.096243 1.089554 1.082718 1.075740 1.068623 1.061374 1.053996 1.046493 1.038871 1.031133 1.023284 1.015328 1.007270 0.999112 0.990860 0.982517 0.974087 0.965573 0.956980 0.948311 0.939569 0.930758 0.921881 0.912941 0.903942 0.894885 0.885775 0.876614 0.867405 0.858150 0.848852 0.839514 0.830137 0.820725 0.811279 0.801802 0.792296 0.782762 0.773203 0.763621 0.754017 0.744393 
0.753205 0.762936 0.772649 0.782341 0.792012 0.801658 0.811279 0.820872 0.830436 0.839967 0.849463 0.858923 0.868344 0.877723 0.887058 0.896347 0.905585 0.914771 0.923901 0.932973 0.941983 0.950928 0.959804 0.968609 0.977339 0.985989 0.994557 1.003039 1.011430 1.019727 1.027925 1.036021 1.044010 1.051887 1.059649 1.067291 1.074807 1.082195 1.089448 1.096563 1.103534 1.110357 1.117026 1.123538 1.129886 1.136067 1.142075 1.147905 1.153553 1.159013 1.164282 1.169355 1.174226 1.178891 1.183347 1.187589 1.191612 1.195413 1.198988 1.202333 1.205445 1.208320 1.210956 1.213350 1.215499 1.217401 1.219053 1.220455 1.221604 1.222498 1.223138 1.223522 1.223651 1.223522 1.223138 1.222498 1.221604 1.220455 1.219053 1.217401 1.215499 1.213350 1.210956 1.208320 1.205445 1.202333 1.198988 1.195413 1.191612 1.187589 1.183347 1.178891 1.174226 1.169355 1.164282 1.159013 1.153553 1.147905 1.142075 1.136067 1.129886 1.123538 1.117026 1.110357 1.103534 1.096563 1.089448 1.082195 1.074807 1.067291 1.059649 1.051887 1.044010 1.036021 1.027925 1.019727 1.011430 1.003039 0.994557 0.985989 0.977339 0.968609 0.959804 0.950928 0.941983 0.932973 0.923901 0.914771 0.905585 0.896347 0.887058 0.877723 0.868344 0.858923 0.849463 0.839967 0.830436 0.820872 0.811279 0.801658 0.792012 0.782341 0.772649 0.762936 0.753205 
0.761978 0.771817 0.781640 0.791444 0.801227 0.810988 0.820725 0.830436 0.840118 0.849769 0.859388 0.868971 0.878517 0.888022 0.897485 0.906902 0.916271 0.925588 0.934852 0.944057 0.953203 0.962284 0.971298 0.980241 0.989110 0.997901 1.006610 1.015233 1.023766 1.032206 1.040547 1.048786 1.056918 1.064938 1.072843 1.080628 1.088287 1.095816 1.103211 1.110466 1.117576 1.124536 1.131342 1.137988 1.144469 1.150781 1.156917 1.162873 1.168645 1.174226 1.179612 1.184798 1.189780 1.194553 1.199111 1.203451 1.207569 1.211460 1.215119 1.218544 1.221731 1.224676 1.227377 1.229829 1.232031 1.233979 1.235673 1.237109 1.238286 1.239203 1.239859 1.240253 1.240384 1.240253 1.239859 1.239203 1.238286 1.237109 1.235673 1.233979 1.232031 1.229829 1.227377 1.224676 1.221731 1.218544 1.215119 1.211460 1.207569 1.203451 1.199111 1.194553 1.189780 1.184798 1.179612 1.174226 1.168645 1.162873 1.156917 1.150781 1.144469 1.137988 1.131342 1.124536 1.117576 1.110466 1.103211 1.095816 1.088287 1.080628 1.072843 1.064938 1.056918 1.048786 1.040547 1.032206 1.023766 1.015233 1.006610 0.997901 0.989110 0.980241 0.971298 0.962284 0.953203 0.944057 0.934852 0.925588 0.916271 0.906902 0.897485 0.888022 0.878517 0.868971 0.859388 0.849769 0.840118 0.830436 0.820725 0.810988 0.801227 0.791444 0.781640 0.771817 0.761978 
0.770710 0.780659 0.790592 0.800509 0.810406 0.820283 0.830137 0.839967 0.849769 0.859543 0.869285 0.878993 0.888666 0.898299 0.907892 0.917440 0.926941 0.936392 0.945791 0.955133 0.964416 0.973636 0.982790 0.991875 1.000886 1.009820 1.018673 1.027440 1.036119 1.044704 1.053192 1.061577 1.069856 1.078024 1.086075 1.094006 1.101812 1.109487 1.117026 1.124425 1.131679 1.138781 1.145727 1.152512 1.159130 1.165576 1.171845 1.177932 1.183831 1.189536 1.195044 1.200348 1.205445 1.210328 1.214993 1.219435 1.223651 1.227634 1.231382 1.234891 1.238155 1.241173 1.243939 1.246452 1.248709 1.250706 1.252442 1.253914 1.255121 1.256061 1.256734 1.257138 1.257272 1.257138 1.256734 1.256061 1.255121 1.253914 1.252442 1.250706 1.248709 1.246452 1.243939 1.241173 1.238155 1.234891 1.231382 1.227634 1.223651 1.219435 1.214993 1.210328 1.205445 1.200348 1.195044 1.189536 1.183831 1.177932 1.171845 1.165576 1.159130 1.152512 1.145727 1.138781 1.131679 1.124425 1.117026 1.109487 1.101812 1.094006 1.086075 1.078024 1.069856 1.061577 1.053192 1.044704 1.036119 1.027440 1.018673 1.009820 1.000886 0.991875 0.982790 0.973636 0.964416 0.955133 0.945791 0.936392 0.926941 0.917440 0.907892 0.898299 0.888666 0.878993 0.869285 0.859543 0.849769 0.839967 0.830137 0.820283 0.810406 0.800509 0.790592 0.780659 0.770710 
0.779400 0.789459 0.799504 0.809534 0.819547 0.829541 0.839514 0.849463 0.859388 0.869285 0.879152 0.888988 0.898788 0.908552 0.918276 0.927957 0.937593 0.947180 0.956716 0.966197 0.975621 0.984983 0.994279 1.003508 1.012664 1.021744 1.030744 1.039659 1.048486 1.057221 1.065858 1.074393 1.082823 1.091141 1.099343 1.107425 1.115380 1.123205 1.130894 1.138441 1.145842 1.153090 1.160181 1.167109 1.173868 1.180454 1.186860 1.193081 1.199111 1.204946 1.210579 1.216006 1.221220 1.226218 1.230994 1.235542 1.239859 1.243939 1.247779 1.251373 1.254719 1.257811 1.260647 1.263223 1.265537 1.267585 1.269365 1.270875 1.272112 1.273077 1.273766 1.274181 1.274319 1.274181 1.273766 1.273077 1.272112 1.270875 1.269365 1.267585 1.265537 1.263223 1.260647 1.257811 1.254719 1.251373 1.247779 1.243939 1.239859 1.235542 1.230994 1.226218 1.221220 1.216006 1.210579 1.204946 1.199111 1.193081 1.186860 1.180454 1.173868 1.167109 1.160181 1.153090 1.145842 1.138441 1.130894 1.123205 1.115380 1.107425 1.099343 1.091141 1.082823 1.074393 1.065858 1.057221 1.048486 1.039659 1.030744 1.021744 1.012664 1.003508 0.994279 0.984983 0.975621 0.966197 0.956716 0.947180 0.937593 0.927957 0.918276 0.908552 0.898788 0.888988 0.879152 0.869285 0.859388 0.849463 0.839514 0.829541 0.819547 0.809534 0.799504 0.789459 0.779400 
0.788044 0.798215 0.808373 0.818518 0.828647 0.838759 0.848852 0.858923 0.868971 0.878993 0.888988 0.898951 0.908882 0.918778 0.928635 0.938452 0.948224 0.957950 0.967626 0.977248 0.986814 0.996320 1.005763 1.015138 1.024442 1.033671 1.042821 1.051887 1.060866 1.069753 1.078544 1.087233 1.095816 1.104289 1.112646 1.120882 1.128992 1.136970 1.144812 1.152512 1.160064 1.167463 1.174703 1.181778 1.188684 1.195413 1.201960 1.208320 1.214487 1.220455 1.226218 1.231771 1.237109 1.242225 1.247115 1.251774 1.256196 1.260377 1.264311 1.267995 1.271424 1.274595 1.277503 1.280145 1.282518 1.284618 1.286444 1.287993 1.289263 1.290253 1.290960 1.291385 1.291527 1.291385 1.290960 1.290253 1.289263 1.287993 1.286444 1.284618 1.282518 1.280145 1.277503 1.274595 1.271424 1.267995 1.264311 1.260377 1.256196 1.251774 1.247115 1.242225 1.237109 1.231771 1.226218 1.220455 1.214487 1.208320 1.201960 1.195413 1.188684 1.181778 1.174703 1.167463 1.160064 1.152512 1.144812 1.136970 1.128992 1.120882 1.112646 1.104289 1.095816 1.087233 1.078544 1.069753 1.060866 1.051887 1.042821 1.033671 1.024442 1.015138 1.005763 0.996320 0.986814 0.977248 0.967626 0.957950 0.948224 0.938452 0.928635 0.918778 0.908882 0.898951 0.888988 0.878993 0.868971 0.858923 0.848852 0.838759 0.828647 0.818518 0.808373 0.798215 0.788044 
0.796642 0.806924 0.817197 0.827458 0.837705 0.847936 0.858150 0.868344 0.878517 0.888666 0.898788 0.908882 0.918945 0.928974 0.938967 0.948921 0.958832 0.968699 0.978517 0.988283 0.997994 1.007647 1.017237 1.026762 1.036217 1.045598 1.054901 1.064122 1.073256 1.082300 1.091247 1.100094 1.108835 1.117466 1.125981 1.134376 1.142644 1.150781 1.158780 1.166637 1.174345 1.181899 1.189293 1.196520 1.203576 1.210453 1.217147 1.223651 1.229958 1.236064 1.241962 1.247646 1.253111 1.258350 1.263359 1.268132 1.272663 1.276948 1.280981 1.284759 1.288275 1.291527 1.294510 1.297220 1.299655 1.301810 1.303684 1.305274 1.306577 1.307593 1.308319 1.308755 1.308901 1.308755 1.308319 1.307593 1.306577 1.305274 1.303684 1.301810 1.299655 1.297220 1.294510 1.291527 1.288275 1.284759 1.280981 1.276948 1.272663 1.268132 1.263359 1.258350 1.253111 1.247646 1.241962 1.236064 1.229958 1.223651 1.217147 1.210453 1.203576 1.196520 1.189293 1.181899 1.174345 1.166637 1.158780 1.150781 1.142644 1.134376 1.125981 1.117466 1.108835 1.100094 1.091247 1.082300 1.073256 1.064122 1.054901 1.045598 1.036217 1.026762 1.017237 1.007647 0.997994 0.988283 0.978517 0.968699 0.958832 0.948921 0.938967 0.928974 0.918945 0.908882 0.898788 0.888666 0.878517 0.868344 0.858150 0.847936 0.837705 0.827458 0.817197 0.806924 0.796642 
0.805189 0.815585 0.825973 0.836351 0.846716 0.857068 0.867405 0.877723 0.888022 0.898299 0.908552 0.918778 0.928974 0.939139 0.949269 0.959362 0.969415 0.979424 0.989386 0.999299 1.009158 1.018960 1.028702 1.038379 1.047987 1.057524 1.066983 1.076362 1.085655 1.094858 1.103965 1.112973 1.121877 1.130670 1.139348 1.147905 1.156336 1.164635 1.172797 1.180815 1.188684 1.196397 1.203949 1.211334 1.218544 1.225575 1.232420 1.239072 1.245525 1.251774 1.257811 1.263631 1.269228 1.274595 1.279727 1.284618 1.289263 1.293656 1.297792 1.301666 1.305274 1.308610 1.311670 1.314452 1.316951 1.319163 1.321087 1.322719 1.324057 1.325100 1.325846 1.326294 1.326443 1.326294 1.325846 1.325100 1.324057 1.322719 1.321087 1.319163 1.316951 1.314452 1.311670 1.308610 1.305274 1.301666 1.297792 1.293656 1.289263 1.284618 1.279727 1.274595 1.269228 1.263631 1.257811 1.251774 1.245525 1.239072 1.232420 1.225575 1.218544 1.211334 1.203949 1.196397 1.188684 1.180815 1.172797 1.164635 1.156336 1.147905 1.139348 1.130670 1.121877 1.112973 1.103965 1.094858 1.085655 1.076362 1.066983 1.057524 1.047987 1.038379 1.028702 1.018960 1.009158 0.999299 0.989386 0.979424 0.969415 0.959362 0.949269 0.939139 0.928974 0.918778 0.908552 0.898299 0.888022 0.877723 0.867405 0.857068 0.846716 0.836351 0.825973 0.815585 0.805189 
0.813685 0.824195 0.834699 0.845194 0.855680 0.866154 0.876614 0.887058 0.897485 0.907892 0.918276 0.928635 0.938967 0.949269 0.959539 0.969773 0.979969 0.990123 1.000232 1.010293 1.020303 1.030257 1.040152 1.049985 1.059750 1.069445 1.079064 1.088604 1.098059 1.107425 1.116697 1.125870 1.134939 1.143898 1.152743 1.161467 1.170065 1.178531 1.186860 1.195044 1.203078 1.210956 1.218672 1.226218 1.233589 1.240778 1.247779 1.254585 1.261189 1.267585 1.273766 1.279727 1.285460 1.290960 1.296220 1.301235 1.305997 1.310503 1.314746 1.318720 1.322422 1.325846 1.328988 1.331844 1.334409 1.336682 1.338657 1.340334 1.341708 1.342780 1.343546 1.344006 1.344159 1.344006 1.343546 1.342780 1.341708 1.340334 1.338657 1.336682 1.334409 1.331844 1.328988 1.325846 1.322422 1.318720 1.314746 1.310503 1.305997 1.301235 1.296220 1.290960 1.285460 1.279727 1.273766 1.267585 1.261189 1.254585 1.247779 1.240778 1.233589 1.226218 1.218672 1.210956 1.203078 1.195044 1.186860 1.178531 1.170065 1.161467 1.152743 1.143898 1.134939 1.125870 1.116697 1.107425 1.098059 1.088604 1.079064 1.069445 1.059750 1.049985 1.040152 1.030257 1.020303 1.010293 1.000232 0.990123 0.979969 0.969773 0.959539 0.949269 0.938967 0.928635 0.918276 0.907892 0.897485 0.887058 0.876614 0.866154 0.855680 0.845194 0.834699 0.824195 0.813685 
0.822126 0.832751 0.843372 0.853987 0.864593 0.875190 0.885775 0.896347 0.906902 0.917440 0.927957 0.938452 0.948921 0.959362 0.969773 0.980150 0.990491 1.000793 1.011051 1.021263 1.031425 1.041535 1.051586 1.061577 1.071503 1.081359 1.091141 1.100845 1.110466 1.119999 1.129439 1.138781 1.148020 1.157150 1.166165 1.175061 1.183831 1.192468 1.200968 1.209323 1.217528 1.225575 1.233459 1.241173 1.248709 1.256061 1.263223 1.270188 1.276948 1.283497 1.289828 1.295935 1.301810 1.307447 1.312840 1.317982 1.322868 1.327490 1.331844 1.335923 1.339724 1.343239 1.346466 1.349399 1.352034 1.354368 1.356398 1.358121 1.359533 1.360634 1.361422 1.361895 1.362052 1.361895 1.361422 1.360634 1.359533 1.358121 1.356398 1.354368 1.352034 1.349399 1.346466 1.343239 1.339724 1.335923 1.331844 1.327490 1.322868 1.317982 1.312840 1.307447 1.301810 1.295935 1.289828 1.283497 1.276948 1.270188 1.263223 1.256061 1.248709 1.241173 1.233459 1.225575 1.217528 1.209323 1.200968 1.192468 1.183831 1.175061 1.166165 1.157150 1.148020 1.138781 1.129439 1.119999 1.110466 1.100845 1.091141 1.081359 1.071503 1.061577 1.051586 1.041535 1.031425 1.021263 1.011051 1.000793 0.990491 0.980150 0.969773 0.959362 0.948921 0.938452 0.927957 0.917440 0.906902 0.896347 0.885775 0.875190 0.864593 0.853987 0.843372 0.832751 0.822126 
0.830510 0.841251 0.851990 0.862724 0.873453 0.884174 0.894885 0.905585 0.916271 0.926941 0.937593 0.948224 0.958832 0.969415 0.979969 0.990491 1.000979 1.011430 1.021840 1.032206 1.042524 1.052790 1.063001 1.073153 1.083242 1.093262 1.103211 1.113083 1.122873 1.132576 1.142188 1.151703 1.161116 1.170421 1.179612 1.188684 1.197629 1.206443 1.215119 1.223651 1.232031 1.240253 1.248310 1.256196 1.263903 1.271424 1.278753 1.285882 1.292804 1.299511 1.305997 1.312255 1.318277 1.324057 1.329588 1.334863 1.339876 1.344620 1.349089 1.353278 1.357181 1.360792 1.364106 1.367120 1.369828 1.372227 1.374314 1.376084 1.377536 1.378668 1.379478 1.379964 1.380126 1.379964 1.379478 1.378668 1.377536 1.376084 1.374314 1.372227 1.369828 1.367120 1.364106 1.360792 1.357181 1.353278 1.349089 1.344620 1.339876 1.334863 1.329588 1.324057 1.318277 1.312255 1.305997 1.299511 1.292804 1.285882 1.278753 1.271424 1.263903 1.256196 1.248310 1.240253 1.232031 1.223651 1.215119 1.206443 1.197629 1.188684 1.179612 1.170421 1.161116 1.151703 1.142188 1.132576 1.122873 1.113083 1.103211 1.093262 1.083242 1.073153 1.063001 1.052790 1.042524 1.032206 1.021840 1.011430 1.000979 0.990491 0.979969 0.969415 0.958832 0.948224 0.937593 0.926941 0.916271 0.905585 0.894885 0.884174 0.873453 0.862724 0.851990 0.841251 0.830510 
0.838835 0.849693 0.860550 0.871405 0.882257 0.893103 0.903942 0.914771 0.925588 0.936392 0.947180 0.957950 0.968699 0.979424 0.990123 1.000793 1.011430 1.022032 1.032596 1.043118 1.053594 1.064020 1.074393 1.084710 1.094964 1.105153 1.115271 1.125314 1.135277 1.145155 1.154943 1.164635 1.174226 1.183710 1.193081 1.202333 1.211460 1.220455 1.229312 1.238024 1.246585 1.254987 1.263223 1.271287 1.279170 1.286866 1.294367 1.301666 1.308755 1.315627 1.322274 1.328688 1.334863 1.340791 1.346466 1.351879 1.357024 1.361895 1.366484 1.370787 1.374796 1.378507 1.381913 1.385011 1.387795 1.390262 1.392407 1.394228 1.395722 1.396886 1.397719 1.398219 1.398386 1.398219 1.397719 1.396886 1.395722 1.394228 1.392407 1.390262 1.387795 1.385011 1.381913 1.378507 1.374796 1.370787 1.366484 1.361895 1.357024 1.351879 1.346466 1.340791 1.334863 1.328688 1.322274 1.315627 1.308755 1.301666 1.294367 1.286866 1.279170 1.271287 1.263223 1.254987 1.246585 1.238024 1.229312 1.220455 1.211460 1.202333 1.193081 1.183710 1.174226 1.164635 1.154943 1.145155 1.135277 1.125314 1.115271 1.105153 1.094964 1.084710 1.074393 1.064020 1.053594 1.043118 1.032596 1.022032 1.011430 1.000793 0.990123 0.979424 0.968699 0.957950 0.947180 0.936392 0.925588 0.914771 0.903942 0.893103 0.882257 0.871405 0.860550 0.849693 0.838835 
0.847097 0.858073 0.869050 0.880027 0.891002 0.901974 0.912941 0.923901 0.934852 0.945791 0.956716 0.967626 0.978517 0.989386 1.000232 1.011051 1.021840 1.032596 1.043316 1.053996 1.064632 1.075222 1.085760 1.096243 1.106667 1.117026 1.127318 1.137536 1.147675 1.157732 1.167699 1.177572 1.187346 1.197013 1.206568 1.216006 1.225318 1.234500 1.243543 1.252442 1.261189 1.269776 1.278197 1.286444 1.294510 1.302386 1.310065 1.317540 1.324802 1.331844 1.338657 1.345235 1.351568 1.357650 1.363474 1.369030 1.374314 1.379316 1.384031 1.388452 1.392572 1.396387 1.399889 1.403074 1.405938 1.408475 1.410682 1.412556 1.414093 1.415291 1.416148 1.416663 1.416834 1.416663 1.416148 1.415291 1.414093 1.412556 1.410682 1.408475 1.405938 1.403074 1.399889 1.396387 1.392572 1.388452 1.384031 1.379316 1.374314 1.369030 1.363474 1.357650 1.351568 1.345235 1.338657 1.331844 1.324802 1.317540 1.310065 1.302386 1.294510 1.286444 1.278197 1.269776 1.261189 1.252442 1.243543 1.234500 1.225318 1.216006 1.206568 1.197013 1.187346 1.177572 1.167699 1.157732 1.147675 1.137536 1.127318 1.117026 1.106667 1.096243 1.085760 1.075222 1.064632 1.053996 1.043316 1.032596 1.021840 1.011051 1.000232 0.989386 0.978517 0.967626 0.956716 0.945791 0.934852 0.923901 0.912941 0.901974 0.891002 0.880027 0.869050 0.858073 0.847097 
0.855295 0.866388 0.877486 0.888585 0.899686 0.910785 0.921881 0.932973 0.944057 0.955133 0.966197 0.977248 0.988283 0.999299 1.010293 1.021263 1.032206 1.043118 1.053996 1.064836 1.075636 1.086391 1.097097 1.107750 1.118346 1.128880 1.139348 1.149744 1.160064 1.170302 1.180454 1.190512 1.200472 1.210328 1.220072 1.229700 1.239203 1.248576 1.257811 1.266902 1.275840 1.284618 1.293230 1.301666 1.309920 1.317982 1.325846 1.333503 1.340944 1.348162 1.355148 1.361895 1.368393 1.374635 1.380613 1.386319 1.391746 1.396886 1.401731 1.406276 1.410512 1.414435 1.418038 1.421315 1.424261 1.426872 1.429144 1.431072 1.432654 1.433888 1.434770 1.435300 1.435477 1.435300 1.434770 1.433888 1.432654 1.431072 1.429144 1.426872 1.424261 1.421315 1.418038 1.414435 1.410512 1.406276 1.401731 1.396886 1.391746 1.386319 1.380613 1.374635 1.368393 1.361895 1.355148 1.348162 1.340944 1.333503 1.325846 1.317982 1.309920 1.301666 1.293230 1.284618 1.275840 1.266902 1.257811 1.248576 1.239203 1.229700 1.220072 1.210328 1.200472 1.190512 1.180454 1.170302 1.160064 1.149744 1.139348 1.128880 1.118346 1.107750 1.097097 1.086391 1.075636 1.064836 1.053996 1.043118 1.032206 1.021263 1.010293 0.999299 0.988283 0.977248 0.966197 0.955133 0.944057 0.932973 0.921881 0.910785 0.899686 0.888585 0.877486 0.866388 0.855295 
0.863425 0.874637 0.885855 0.897078 0.908304 0.919531 0.930758 0.941983 0.953203 0.964416 0.975621 0.986814 0.997994 1.009158 1.020303 1.031425 1.042524 1.053594 1.064632 1.075636 1.086601 1.097524 1.108401 1.119227 1.129998 1.140710 1.151357 1.161936 1.172440 1.182864 1.193203 1.203451 1.213603 1.223651 1.233589 1.243411 1.253111 1.262680 1.272112 1.281400 1.290536 1.299511 1.308319 1.316951 1.325399 1.333654 1.341708 1.349553 1.357181 1.364581 1.371747 1.378668 1.385338 1.391746 1.397885 1.403747 1.409323 1.414606 1.419588 1.424261 1.428619 1.432654 1.436361 1.439734 1.442767 1.445456 1.447795 1.449781 1.451410 1.452680 1.453589 1.454135 1.454317 1.454135 1.453589 1.452680 1.451410 1.449781 1.447795 1.445456 1.442767 1.439734 1.436361 1.432654 1.428619 1.424261 1.419588 1.414606 1.409323 1.403747 1.397885 1.391746 1.385338 1.378668 1.371747 1.364581 1.357181 1.349553 1.341708 1.333654 1.325399 1.316951 1.308319 1.299511 1.290536 1.281400 1.272112 1.262680 1.253111 1.243411 1.233589 1.223651 1.213603 1.203451 1.193203 1.182864 1.172440 1.161936 1.151357 1.140710 1.129998 1.119227 1.108401 1.097524 1.086601 1.075636 1.064632 1.053594 1.042524 1.031425 1.020303 1.009158 0.997994 0.986814 0.975621 0.964416 0.953203 0.941983 0.930758 0.919531 0.908304 0.897078 0.885855 0.874637 0.863425 
0.871484 0.882816 0.894156 0.905503 0.916855 0.928211 0.939569 0.950928 0.962284 0.973636 0.984983 0.996320 1.007647 1.018960 1.030257 1.041535 1.052790 1.064020 1.075222 1.086391 1.097524 1.108618 1.119668 1.130670 1.141619 1.152512 1.163343 1.174107 1.184798 1.195413 1.205944 1.216386 1.226733 1.236978 1.247115 1.257138 1.267038 1.276809 1.286444 1.295935 1.305274 1.314452 1.323462 1.332296 1.340944 1.349399 1.357650 1.365691 1.373510 1.381100 1.388452 1.395556 1.402403 1.408984 1.415291 1.421315 1.427046 1.432478 1.437602 1.442410 1.446894 1.451048 1.454864 1.458337 1.461461 1.464230 1.466639 1.468685 1.470364 1.471674 1.472610 1.473173 1.473361 1.473173 1.472610 1.471674 1.470364 1.468685 1.466639 1.464230 1.461461 1.458337 1.454864 1.451048 1.446894 1.442410 1.437602 1.432478 1.427046 1.421315 1.415291 1.408984 1.402403 1.395556 1.388452 1.381100 1.373510 1.365691 1.357650 1.349399 1.340944 1.332296 1.323462 1.314452 1.305274 1.295935 1.286444 1.276809 1.267038 1.257138 1.247115 1.236978 1.226733 1.216386 1.205944 1.195413 1.184798 1.174107 1.163343 1.152512 1.141619 1.130670 1.119668 1.108618 1.097524 1.086391 1.075222 1.064020 1.052790 1.041535 1.030257 1.018960 1.007647 0.996320 0.984983 0.973636 0.962284 0.950928 0.939569 0.928211 0.916855 0.905503 0.894156 0.882816 0.871484 
0.879470 0.890921 0.902384 0.913855 0.925335 0.936821 0.948311 0.959804 0.971298 0.982790 0.994279 1.005763 1.017237 1.028702 1.040152 1.051586 1.063001 1.074393 1.085760 1.097097 1.108401 1.119668 1.130894 1.142075 1.153206 1.164282 1.175300 1.186253 1.197136 1.207944 1.218672 1.229312 1.239859 1.250306 1.260647 1.270875 1.280981 1.290960 1.300803 1.310503 1.320051 1.329438 1.338657 1.347699 1.356555 1.365215 1.373671 1.381913 1.389932 1.397719 1.405263 1.412556 1.419588 1.426349 1.432830 1.439023 1.444917 1.450504 1.455776 1.460724 1.465341 1.469618 1.473548 1.477126 1.480344 1.483198 1.485682 1.487791 1.489522 1.490871 1.491837 1.492417 1.492611 1.492417 1.491837 1.490871 1.489522 1.487791 1.485682 1.483198 1.480344 1.477126 1.473548 1.469618 1.465341 1.460724 1.455776 1.450504 1.444917 1.439023 1.432830 1.426349 1.419588 1.412556 1.405263 1.397719 1.389932 1.381913 1.373671 1.365215 1.356555 1.347699 1.338657 1.329438 1.320051 1.310503 1.300803 1.290960 1.280981 1.270875 1.260647 1.250306 1.239859 1.229312 1.218672 1.207944 1.197136 1.186253 1.175300 1.164282 1.153206 1.142075 1.130894 1.119668 1.108401 1.097097 1.085760 1.074393 1.063001 1.051586 1.040152 1.028702 1.017237 1.005763 0.994279 0.982790 0.971298 0.959804 0.948311 0.936821 0.925335 0.913855 0.902384 0.890921 0.879470 
0.887380 0.898951 0.910536 0.922133 0.933741 0.945357 0.956980 0.968609 0.980241 0.991875 1.003508 1.015138 1.026762 1.038379 1.049985 1.061577 1.073153 1.084710 1.096243 1.107750 1.119227 1.130670 1.142075 1.153437 1.164753 1.176017 1.187224 1.198370 1.209449 1.220455 1.231382 1.242225 1.252977 1.263631 1.274181 1.284618 1.294937 1.305129 1.315186 1.325100 1.334863 1.344466 1.353901 1.363158 1.372227 1.381100 1.389767 1.398219 1.406445 1.414435 1.422180 1.429669 1.436893 1.443841 1.450504 1.456872 1.462936 1.468685 1.474112 1.479207 1.483961 1.488367 1.492417 1.496105 1.499422 1.502364 1.504926 1.507101 1.508886 1.510279 1.511275 1.511873 1.512073 1.511873 1.511275 1.510279 1.508886 1.507101 1.504926 1.502364 1.499422 1.496105 1.492417 1.488367 1.483961 1.479207 1.474112 1.468685 1.462936 1.456872 1.450504 1.443841 1.436893 1.429669 1.422180 1.414435 1.406445 1.398219 1.389767 1.381100 1.372227 1.363158 1.353901 1.344466 1.334863 1.325100 1.315186 1.305129 1.294937 1.284618 1.274181 1.263631 1.252977 1.242225 1.231382 1.220455 1.209449 1.198370 1.187224 1.176017 1.164753 1.153437 1.142075 1.130670 1.119227 1.107750 1.096243 1.084710 1.073153 1.061577 1.049985 1.038379 1.026762 1.015138 1.003508 0.991875 0.980241 0.968609 0.956980 0.945357 0.933741 0.922133 0.910536 0.898951 0.887380 
0.895210 0.906902 0.918610 0.930333 0.942069 0.953816 0.965573 0.977339 0.989110 1.000886 1.012664 1.024442 1.036217 1.047987 1.059750 1.071503 1.083242 1.094964 1.106667 1.118346 1.129998 1.141619 1.153206 1.164753 1.176256 1.187710 1.199111 1.210453 1.221731 1.232939 1.244071 1.255121 1.266082 1.276948 1.287711 1.298365 1.308901 1.319311 1.329588 1.339724 1.349708 1.359533 1.369190 1.378668 1.387959 1.397052 1.405938 1.414606 1.423046 1.431248 1.439201 1.446894 1.454317 1.461461 1.468313 1.474864 1.481104 1.487023 1.492611 1.497859 1.502758 1.507299 1.511474 1.515276 1.518698 1.521733 1.524375 1.526620 1.528462 1.529899 1.530928 1.531546 1.531752 1.531546 1.530928 1.529899 1.528462 1.526620 1.524375 1.521733 1.518698 1.515276 1.511474 1.507299 1.502758 1.497859 1.492611 1.487023 1.481104 1.474864 1.468313 1.461461 1.454317 1.446894 1.439201 1.431248 1.423046 1.414606 1.405938 1.397052 1.387959 1.378668 1.369190 1.359533 1.349708 1.339724 1.329588 1.319311 1.308901 1.298365 1.287711 1.276948 1.266082 1.255121 1.244071 1.232939 1.221731 1.210453 1.199111 1.187710 1.176256 1.164753 1.153206 1.141619 1.129998 1.118346 1.106667 1.094964 1.083242 1.071503 1.059750 1.047987 1.036217 1.024442 1.012664 1.000886 0.989110 0.977339 0.965573 0.953816 0.942069 0.930333 0.918610 0.906902 0.895210 
0.902957 0.914771 0.926603 0.938452 0.950316 0.962195 0.974087 0.985989 0.997901 1.009820 1.021744 1.033671 1.045598 1.057524 1.069445 1.081359 1.093262 1.105153 1.117026 1.128880 1.140710 1.152512 1.164282 1.176017 1.187710 1.199358 1.210956 1.222498 1.233979 1.245393 1.256734 1.267995 1.279170 1.290253 1.301235 1.312109 1.322868 1.333503 1.344006 1.354368 1.364581 1.374635 1.384521 1.394228 1.403747 1.413068 1.422180 1.431072 1.439734 1.448155 1.456324 1.464230 1.471861 1.479207 1.486256 1.492998 1.499422 1.505518 1.511275 1.516683 1.521733 1.526415 1.530722 1.534644 1.538175 1.541307 1.544035 1.546352 1.548255 1.549738 1.550800 1.551439 1.551651 1.551439 1.550800 1.549738 1.548255 1.546352 1.544035 1.541307 1.538175 1.534644 1.530722 1.526415 1.521733 1.516683 1.511275 1.505518 1.499422 1.492998 1.486256 1.479207 1.471861 1.464230 1.456324 1.448155 1.439734 1.431072 1.422180 1.413068 1.403747 1.394228 1.384521 1.374635 1.364581 1.354368 1.344006 1.333503 1.322868 1.312109 1.301235 1.290253 1.279170 1.267995 1.256734 1.245393 1.233979 1.222498 1.210956 1.199358 1.187710 1.176017 1.164282 1.152512 1.140710 1.128880 1.117026 1.105153 1.093262 1.081359 1.069445 1.057524 1.045598 1.033671 1.021744 1.009820 0.997901 0.985989 0.974087 0.962195 0.950316 0.938452 0.926603 0.914771 0.902957 
0.910619 0.922554 0.934510 0.946485 0.958479 0.970490 0.982517 0.994557 1.006610 1.018673 1.030744 1.042821 1.054901 1.066983 1.079064 1.091141 1.103211 1.115271 1.127318 1.139348 1.151357 1.163343 1.175300 1.187224 1.199111 1.210956 1.222754 1.234500 1.246187 1.257811 1.269365 1.280842 1.292236 1.303540 1.314746 1.325846 1.336833 1.347699 1.358434 1.369030 1.379478 1.389767 1.399889 1.409833 1.419588 1.429144 1.438490 1.447614 1.456507 1.465155 1.473548 1.481674 1.489522 1.497079 1.504334 1.511275 1.517891 1.524172 1.530105 1.535681 1.540889 1.545719 1.550163 1.554211 1.557856 1.561091 1.563908 1.566301 1.568267 1.569800 1.570897 1.571557 1.571777 1.571557 1.570897 1.569800 1.568267 1.566301 1.563908 1.561091 1.557856 1.554211 1.550163 1.545719 1.540889 1.535681 1.530105 1.524172 1.517891 1.511275 1.504334 1.497079 1.489522 1.481674 1.473548 1.465155 1.456507 1.447614 1.438490 1.429144 1.419588 1.409833 1.399889 1.389767 1.379478 1.369030 1.358434 1.347699 1.336833 1.325846 1.314746 1.303540 1.292236 1.280842 1.269365 1.257811 1.246187 1.234500 1.222754 1.210956 1.199111 1.187224 1.175300 1.163343 1.151357 1.139348 1.127318 1.115271 1.103211 1.091141 1.079064 1.066983 1.054901 1.042821 1.030744 1.018673 1.006610 0.994557 0.982517 0.970490 0.958479 0.946485 0.934510 0.922554 0.910619 
0.918192 0.930248 0.942328 0.954430 0.966554 0.978698 0.990860 1.003039 1.015233 1.027440 1.039659 1.051887 1.064122 1.076362 1.088604 1.100845 1.113083 1.125314 1.137536 1.149744 1.161936 1.174107 1.186253 1.198370 1.210453 1.222498 1.234500 1.246452 1.258350 1.270188 1.281959 1.293656 1.305274 1.316804 1.328239 1.339571 1.350793 1.361895 1.372868 1.383705 1.394394 1.404926 1.415291 1.425478 1.435477 1.445276 1.454864 1.464230 1.473361 1.482245 1.490871 1.499227 1.507299 1.515076 1.522545 1.529694 1.536511 1.542984 1.549102 1.554853 1.560227 1.565212 1.569800 1.573981 1.577746 1.581087 1.583998 1.586472 1.588504 1.590089 1.591224 1.591905 1.592133 1.591905 1.591224 1.590089 1.588504 1.586472 1.583998 1.581087 1.577746 1.573981 1.569800 1.565212 1.560227 1.554853 1.549102 1.542984 1.536511 1.529694 1.522545 1.515076 1.507299 1.499227 1.490871 1.482245 1.473361 1.464230 1.454864 1.445276 1.435477 1.425478 1.415291 1.404926 1.394394 1.383705 1.372868 1.361895 1.350793 1.339571 1.328239 1.316804 1.305274 1.293656 1.281959 1.270188 1.258350 1.246452 1.234500 1.222498 1.210453 1.198370 1.186253 1.174107 1.161936 1.149744 1.137536 1.125314 1.113083 1.100845 1.088604 1.076362 1.064122 1.051887 1.039659 1.027440 1.015233 1.003039 0.990860 0.978698 0.966554 0.954430 0.942328 0.930248 0.918192 
0.925673 0.937850 0.950054 0.962284 0.974538 0.986814 0.999112 1.011430 1.023766 1.036119 1.048486 1.060866 1.073256 1.085655 1.098059 1.110466 1.122873 1.135277 1.147675 1.160064 1.172440 1.184798 1.197136 1.209449 1.221731 1.233979 1.246187 1.258350 1.270463 1.282518 1.294510 1.306432 1.318277 1.330039 1.341708 1.353278 1.364740 1.376084 1.387303 1.398386 1.409323 1.420105 1.430721 1.441160 1.451410 1.461461 1.471299 1.480914 1.490293 1.499422 1.508291 1.516884 1.525191 1.533196 1.540889 1.548255 1.555281 1.561956 1.568267 1.574202 1.579749 1.584897 1.589636 1.593955 1.597847 1.601301 1.604311 1.606869 1.608970 1.610610 1.611783 1.612489 1.612724 1.612489 1.611783 1.610610 1.608970 1.606869 1.604311 1.601301 1.597847 1.593955 1.589636 1.584897 1.579749 1.574202 1.568267 1.561956 1.555281 1.548255 1.540889 1.533196 1.525191 1.516884 1.508291 1.499422 1.490293 1.480914 1.471299 1.461461 1.451410 1.441160 1.430721 1.420105 1.409323 1.398386 1.387303 1.376084 1.364740 1.353278 1.341708 1.330039 1.318277 1.306432 1.294510 1.282518 1.270463 1.258350 1.246187 1.233979 1.221731 1.209449 1.197136 1.184798 1.172440 1.160064 1.147675 1.135277 1.122873 1.110466 1.098059 1.085655 1.073256 1.060866 1.048486 1.036119 1.023766 1.011430 0.999112 0.986814 0.974538 0.962284 0.950054 0.937850 0.925673 
0.933058 0.945357 0.957685 0.970042 0.982426 0.994835 1.007270 1.019727 1.032206 1.044704 1.057221 1.069753 1.082300 1.094858 1.107425 1.119999 1.132576 1.145155 1.157732 1.170302 1.182864 1.195413 1.207944 1.220455 1.232939 1.245393 1.257811 1.270188 1.282518 1.294795 1.307012 1.319163 1.331242 1.343239 1.355148 1.366961 1.378668 1.390262 1.401731 1.413068 1.424261 1.435300 1.446174 1.456872 1.467383 1.477693 1.487791 1.497664 1.507299 1.516683 1.525803 1.534644 1.543194 1.551439 1.559364 1.566956 1.574202 1.581087 1.587600 1.593727 1.599456 1.604775 1.609672 1.614138 1.618161 1.621734 1.624848 1.627495 1.629670 1.631367 1.632581 1.633312 1.633555 1.633312 1.632581 1.631367 1.629670 1.627495 1.624848 1.621734 1.618161 1.614138 1.609672 1.604775 1.599456 1.593727 1.587600 1.581087 1.574202 1.566956 1.559364 1.551439 1.543194 1.534644 1.525803 1.516683 1.507299 1.497664 1.487791 1.477693 1.467383 1.456872 1.446174 1.435300 1.424261 1.413068 1.401731 1.390262 1.378668 1.366961 1.355148 1.343239 1.331242 1.319163 1.307012 1.294795 1.282518 1.270188 1.257811 1.245393 1.232939 1.220455 1.207944 1.195413 1.182864 1.170302 1.157732 1.145155 1.132576 1.119999 1.107425 1.094858 1.082300 1.069753 1.057221 1.044704 1.032206 1.019727 1.007270 0.994835 0.982426 0.970042 0.957685 0.945357 0.933058 
0.940344 0.952765 0.965217 0.977701 0.990215 1.002758 1.015328 1.027925 1.040547 1.053192 1.065858 1.078544 1.091247 1.103965 1.116697 1.129439 1.142188 1.154943 1.167699 1.180454 1.193203 1.205944 1.218672 1.231382 1.244071 1.256734 1.269365 1.281959 1.294510 1.307012 1.319459 1.331844 1.344159 1.356398 1.368552 1.380613 1.392572 1.404420 1.416148 1.427745 1.439201 1.450504 1.461645 1.472610 1.483389 1.493967 1.504334 1.514474 1.524375 1.534023 1.543404 1.552504 1.561307 1.569800 1.577968 1.585797 1.593271 1.600378 1.607102 1.613431 1.619350 1.624848 1.629912 1.634531 1.638694 1.642391 1.645614 1.648355 1.650606 1.652364 1.653622 1.654378 1.654631 1.654378 1.653622 1.652364 1.650606 1.648355 1.645614 1.642391 1.638694 1.634531 1.629912 1.624848 1.619350 1.613431 1.607102 1.600378 1.593271 1.585797 1.577968 1.569800 1.561307 1.552504 1.543404 1.534023 1.524375 1.514474 1.504334 1.493967 1.483389 1.472610 1.461645 1.450504 1.439201 1.427745 1.416148 1.404420 1.392572 1.380613 1.368552 1.356398 1.344159 1.331844 1.319459 1.307012 1.294510 1.281959 1.269365 1.256734 1.244071 1.231382 1.218672 1.205944 1.193203 1.180454 1.167699 1.154943 1.142188 1.129439 1.116697 1.103965 1.091247 1.078544 1.065858 1.053192 1.040547 1.027925 1.015328 1.002758 0.990215 0.977701 0.965217 0.952765 0.940344 
0.947528 0.960070 0.972646 0.985257 0.997901 1.010577 1.023284 1.036021 1.048786 1.061577 1.074393 1.087233 1.100094 1.112973 1.125870 1.138781 1.151703 1.164635 1.177572 1.190512 1.203451 1.216386 1.229312 1.242225 1.255121 1.267995 1.280842 1.293656 1.306432 1.319163 1.331844 1.344466 1.357024 1.369509 1.381913 1.394228 1.406445 1.418554 1.430546 1.442410 1.454135 1.465711 1.477126 1.488367 1.499422 1.510279 1.520922 1.531340 1.541517 1.551439 1.561091 1.570458 1.579526 1.588278 1.596700 1.604775 1.612489 1.619826 1.626772 1.633312 1.639431 1.645117 1.650356 1.655136 1.659445 1.663274 1.666612 1.669451 1.671784 1.673606 1.674910 1.675694 1.675955 1.675694 1.674910 1.673606 1.671784 1.669451 1.666612 1.663274 1.659445 1.655136 1.650356 1.645117 1.639431 1.633312 1.626772 1.619826 1.612489 1.604775 1.596700 1.588278 1.579526 1.570458 1.561091 1.551439 1.541517 1.531340 1.520922 1.510279 1.499422 1.488367 1.477126 1.465711 1.454135 1.442410 1.430546 1.418554 1.406445 1.394228 1.381913 1.369509 1.357024 1.344466 1.331844 1.319163 1.306432 1.293656 1.280842 1.267995 1.255121 1.242225 1.229312 1.216386 1.203451 1.190512 1.177572 1.164635 1.151703 1.138781 1.125870 1.112973 1.100094 1.087233 1.074393 1.061577 1.048786 1.036021 1.023284 1.010577 0.997901 0.985257 0.972646 0.960070 0.947528 
0.954606 0.967268 0.979969 0.992706 1.005480 1.018290 1.031133 1.044010 1.056918 1.069856 1.082823 1.095816 1.108835 1.121877 1.134939 1.148020 1.161116 1.174226 1.187346 1.200472 1.213603 1.226733 1.239859 1.252977 1.266082 1.279170 1.292236 1.305274 1.318277 1.331242 1.344159 1.357024 1.369828 1.382564 1.395223 1.407798 1.420278 1.432654 1.444917 1.457055 1.469058 1.480914 1.492611 1.504136 1.515477 1.526620 1.537550 1.548255 1.558717 1.568924 1.578858 1.588504 1.597847 1.606869 1.615555 1.623888 1.631852 1.639431 1.646609 1.653370 1.659700 1.665583 1.671006 1.675955 1.680419 1.684386 1.687845 1.690788 1.693207 1.695096 1.696448 1.697261 1.697533 1.697261 1.696448 1.695096 1.693207 1.690788 1.687845 1.684386 1.680419 1.675955 1.671006 1.665583 1.659700 1.653370 1.646609 1.639431 1.631852 1.623888 1.615555 1.606869 1.597847 1.588504 1.578858 1.568924 1.558717 1.548255 1.537550 1.526620 1.515477 1.504136 1.492611 1.480914 1.469058 1.457055 1.444917 1.432654 1.420278 1.407798 1.395223 1.382564 1.369828 1.357024 1.344159 1.331242 1.318277 1.305274 1.292236 1.279170 1.266082 1.252977 1.239859 1.226733 1.213603 1.200472 1.187346 1.174226 1.161116 1.148020 1.134939 1.121877 1.108835 1.095816 1.082823 1.069856 1.056918 1.044010 1.031133 1.018290 1.005480 0.992706 0.979969 0.967268 0.954606 
0.961575 0.974357 0.987181 1.000045 1.012949 1.025891 1.038871 1.051887 1.064938 1.078024 1.091141 1.104289 1.117466 1.130670 1.143898 1.157150 1.170421 1.183710 1.197013 1.210328 1.223651 1.236978 1.250306 1.263631 1.276948 1.290253 1.303540 1.316804 1.330039 1.343239 1.356398 1.369509 1.382564 1.395556 1.408475 1.421315 1.434064 1.446714 1.459254 1.471674 1.483961 1.496105 1.508092 1.519910 1.531546 1.542984 1.554211 1.565212 1.575971 1.586472 1.596700 1.606636 1.616265 1.625569 1.634531 1.643133 1.651359 1.659191 1.666612 1.673606 1.680155 1.686246 1.691862 1.696990 1.701617 1.705729 1.709317 1.712369 1.714879 1.716838 1.718242 1.719086 1.719367 1.719086 1.718242 1.716838 1.714879 1.712369 1.709317 1.705729 1.701617 1.696990 1.691862 1.686246 1.680155 1.673606 1.666612 1.659191 1.651359 1.643133 1.634531 1.625569 1.616265 1.606636 1.596700 1.586472 1.575971 1.565212 1.554211 1.542984 1.531546 1.519910 1.508092 1.496105 1.483961 1.471674 1.459254 1.446714 1.434064 1.421315 1.408475 1.395556 1.382564 1.369509 1.356398 1.343239 1.330039 1.316804 1.303540 1.290253 1.276948 1.263631 1.250306 1.236978 1.223651 1.210328 1.197013 1.183710 1.170421 1.157150 1.143898 1.130670 1.117466 1.104289 1.091141 1.078024 1.064938 1.051887 1.038871 1.025891 1.012949 1.000045 0.987181 0.974357 0.961575 
0.968430 0.981333 0.994279 1.007270 1.020303 1.033377 1.046493 1.059649 1.072843 1.086075 1.099343 1.112646 1.125981 1.139348 1.152743 1.166165 1.179612 1.193081 1.206568 1.220072 1.233589 1.247115 1.260647 1.274181 1.287711 1.301235 1.314746 1.328239 1.341708 1.355148 1.368552 1.381913 1.395223 1.408475 1.421660 1.434770 1.447795 1.460724 1.473548 1.486256 1.498836 1.511275 1.523561 1.535681 1.547620 1.559364 1.570897 1.582205 1.593271 1.604078 1.614610 1.624848 1.634775 1.644372 1.653622 1.662506 1.671006 1.679103 1.686779 1.694016 1.700798 1.707106 1.712926 1.718242 1.723040 1.727306 1.731028 1.734197 1.736802 1.738837 1.740294 1.741170 1.741463 1.741170 1.740294 1.738837 1.736802 1.734197 1.731028 1.727306 1.723040 1.718242 1.712926 1.707106 1.700798 1.694016 1.686779 1.679103 1.671006 1.662506 1.653622 1.644372 1.634775 1.624848 1.614610 1.604078 1.593271 1.582205 1.570897 1.559364 1.547620 1.535681 1.523561 1.511275 1.498836 1.486256 1.473548 1.460724 1.447795 1.434770 1.421660 1.408475 1.395223 1.381913 1.368552 1.355148 1.341708 1.328239 1.314746 1.301235 1.287711 1.274181 1.260647 1.247115 1.233589 1.220072 1.206568 1.193081 1.179612 1.166165 1.152743 1.139348 1.125981 1.112646 1.099343 1.086075 1.072843 1.059649 1.046493 1.033377 1.020303 1.007270 0.994279 0.981333 0.968430 
0.975169 0.988191 1.001260 1.014376 1.027537 1.040744 1.053996 1.067291 1.080628 1.094006 1.107425 1.120882 1.134376 1.147905 1.161467 1.175061 1.188684 1.202333 1.216006 1.229700 1.243411 1.257138 1.270875 1.284618 1.298365 1.312109 1.325846 1.339571 1.353278 1.366961 1.380613 1.394228 1.407798 1.421315 1.434770 1.448155 1.461461 1.474676 1.487791 1.500794 1.513673 1.526415 1.539009 1.551439 1.563691 1.575750 1.587600 1.599226 1.610610 1.621734 1.632581 1.643133 1.653370 1.663274 1.672824 1.682002 1.690788 1.699163 1.707106 1.714600 1.721624 1.728163 1.734197 1.739711 1.744689 1.749117 1.752982 1.756273 1.758980 1.761093 1.762608 1.763519 1.763823 1.763519 1.762608 1.761093 1.758980 1.756273 1.752982 1.749117 1.744689 1.739711 1.734197 1.728163 1.721624 1.714600 1.707106 1.699163 1.690788 1.682002 1.672824 1.663274 1.653370 1.643133 1.632581 1.621734 1.610610 1.599226 1.587600 1.575750 1.563691 1.551439 1.539009 1.526415 1.513673 1.500794 1.487791 1.474676 1.461461 1.448155 1.434770 1.421315 1.407798 1.394228 1.380613 1.366961 1.353278 1.339571 1.325846 1.312109 1.298365 1.284618 1.270875 1.257138 1.243411 1.229700 1.216006 1.202333 1.188684 1.175061 1.161467 1.147905 1.134376 1.120882 1.107425 1.094006 1.080628 1.067291 1.053996 1.040744 1.027537 1.014376 1.001260 0.988191 0.975169 
