145 145
1.061696e+02 0 5
1.050045 1.059964 1.069871 1.079763 1.089640 1.099498 1.109336 1.119153 1.128945 1.138712 1.148450 1.158158 1.167833 1.177472 1.187072 1.196632 1.206148 1.215618 1.225038 1.234405 1.243716 1.252967 1.262156 1.271278 1.280330 1.289308 1.298208 1.307026 1.315758 1.324399 1.332946 1.341393 1.349737 1.357972 1.366094 1.374097 1.381977 1.389729 1.397347 1.404826 1.412161 1.419346 1.426377 1.433247 1.439951 1.446484 1.452839 1.459013 1.464998 1.470789 1.476382 1.481770 1.486949 1.491913 1.496656 1.501175 1.505465 1.509519 1.513335 1.516908 1.520234 1.523308 1.526128 1.528690 1.530990 1.533027 1.534797 1.536299 1.537530 1.538489 1.539175 1.539587 1.539725 1.539587 1.539175 1.538489 1.537530 1.536299 1.534797 1.533027 1.530990 1.528690 1.526128 1.523308 1.520234 1.516908 1.513335 1.509519 1.505465 1.501175 1.496656 1.491913 1.486949 1.481770 1.476382 1.470789 1.464998 1.459013 1.452839 1.446484 1.439951 1.433247 1.426377 1.419346 1.412161 1.404826 1.397347 1.389729 1.381977 1.374097 1.366094 1.357972 1.349737 1.341393 1.332946 1.324399 1.315758 1.307026 1.298208 1.289308 1.280330 1.271278 1.262156 1.252967 1.243716 1.234405 1.225038 1.215618 1.206148 1.196632 1.187072 1.177472 1.167833 1.158158 1.148450 1.138712 1.128945 1.119153 1.109336 1.099498 1.089640 1.079763 1.069871 1.059964 1.050045 
1.058430 1.068458 1.078475 1.088479 1.098469 1.108443 1.118399 1.128334 1.138248 1.148137 1.157999 1.167833 1.177635 1.187403 1.197134 1.206827 1.216477 1.226082 1.235639 1.245145 1.254596 1.263989 1.273321 1.282587 1.291785 1.300909 1.309957 1.318924 1.327805 1.336597 1.345295 1.353895 1.362390 1.370778 1.379052 1.387208 1.395240 1.403144 1.410914 1.418544 1.426029 1.433364 1.440542 1.447559 1.454408 1.461083 1.467579 1.473891 1.480011 1.485935 1.491657 1.497171 1.502472 1.507554 1.512412 1.517041 1.521435 1.525590 1.529501 1.533163 1.536572 1.539725 1.542616 1.545244 1.547604 1.549693 1.551509 1.553050 1.554313 1.555298 1.556002 1.556424 1.556565 1.556424 1.556002 1.555298 1.554313 1.553050 1.551509 1.549693 1.547604 1.545244 1.542616 1.539725 1.536572 1.533163 1.529501 1.525590 1.521435 1.517041 1.512412 1.507554 1.502472 1.497171 1.491657 1.485935 1.480011 1.473891 1.467579 1.461083 1.454408 1.447559 1.440542 1.433364 1.426029 1.418544 1.410914 1.403144 1.395240 1.387208 1.379052 1.370778 1.362390 1.353895 1.345295 1.336597 1.327805 1.318924 1.309957 1.300909 1.291785 1.282587 1.273321 1.263989 1.254596 1.245145 1.235639 1.226082 1.216477 1.206827 1.197134 1.187403 1.177635 1.167833 1.157999 1.148137 1.138248 1.128334 1.118399 1.108443 1.098469 1.088479 1.078475 1.068458 1.058430 
1.066766 1.076904 1.087032 1.097149 1.107254 1.117345 1.127419 1.137475 1.147510 1.157523 1.167511 1.177472 1.187403 1.197302 1.207166 1.216993 1.226779 1.236522 1.246219 1.255866 1.265460 1.274997 1.284474 1.293887 1.303233 1.312507 1.321706 1.330825 1.339859 1.348805 1.357658 1.366412 1.375064 1.383607 1.392038 1.400351 1.408540 1.416600 1.424526 1.432311 1.439951 1.447439 1.454770 1.461937 1.468935 1.475758 1.482400 1.488854 1.495114 1.501175 1.507031 1.512676 1.518103 1.523308 1.528285 1.533027 1.537530 1.541789 1.545798 1.549554 1.553050 1.556283 1.559250 1.561946 1.564367 1.566511 1.568375 1.569957 1.571254 1.572264 1.572987 1.573421 1.573566 1.573421 1.572987 1.572264 1.571254 1.569957 1.568375 1.566511 1.564367 1.561946 1.559250 1.556283 1.553050 1.549554 1.545798 1.541789 1.537530 1.533027 1.528285 1.523308 1.518103 1.512676 1.507031 1.501175 1.495114 1.488854 1.482400 1.475758 1.468935 1.461937 1.454770 1.447439 1.439951 1.432311 1.424526 1.416600 1.408540 1.400351 1.392038 1.383607 1.375064 1.366412 1.357658 1.348805 1.339859 1.330825 1.321706 1.312507 1.303233 1.293887 1.284474 1.274997 1.265460 1.255866 1.246219 1.236522 1.226779 1.216993 1.207166 1.197302 1.187403 1.177472 1.167511 1.157523 1.147510 1.137475 1.127419 1.117345 1.107254 1.097149 1.087032 1.076904 1.066766 
1.075050 1.085298 1.095539 1.105771 1.115992 1.126200 1.136393 1.146571 1.156729 1.166867 1.176983 1.187072 1.197134 1.207166 1.217165 1.227128 1.237053 1.246936 1.256774 1.266564 1.276303 1.285987 1.295612 1.305176 1.314673 1.324100 1.333452 1.342726 1.351917 1.361020 1.370030 1.378944 1.387755 1.396459 1.405050 1.413524 1.421874 1.430094 1.438180 1.446126 1.453925 1.461571 1.469059 1.476382 1.483534 1.490509 1.497300 1.503902 1.510307 1.516510 1.522505 1.528285 1.533843 1.539175 1.544275 1.549135 1.553752 1.558118 1.562230 1.566082 1.569669 1.572987 1.576031 1.578798 1.581284 1.583485 1.585399 1.587023 1.588355 1.589392 1.590135 1.590580 1.590729 1.590580 1.590135 1.589392 1.588355 1.587023 1.585399 1.583485 1.581284 1.578798 1.576031 1.572987 1.569669 1.566082 1.562230 1.558118 1.553752 1.549135 1.544275 1.539175 1.533843 1.528285 1.522505 1.516510 1.510307 1.503902 1.497300 1.490509 1.483534 1.476382 1.469059 1.461571 1.453925 1.446126 1.438180 1.430094 1.421874 1.413524 1.405050 1.396459 1.387755 1.378944 1.370030 1.361020 1.351917 1.342726 1.333452 1.324100 1.314673 1.305176 1.295612 1.285987 1.276303 1.266564 1.256774 1.246936 1.237053 1.227128 1.217165 1.207166 1.197134 1.187072 1.176983 1.166867 1.156729 1.146571 1.136393 1.126200 1.115992 1.105771 1.095539 1.085298 1.075050 
1.083281 1.093641 1.103994 1.114341 1.124679 1.135006 1.145320 1.155620 1.165904 1.176168 1.186412 1.196632 1.206827 1.216993 1.227128 1.237230 1.247294 1.257319 1.267302 1.277237 1.287124 1.296957 1.306733 1.316449 1.326100 1.335683 1.345192 1.354625 1.363975 1.373239 1.382411 1.391488 1.400462 1.409330 1.418086 1.426725 1.435239 1.443625 1.451876 1.459986 1.467949 1.475758 1.483408 1.490891 1.498202 1.505334 1.512281 1.519035 1.525590 1.531940 1.538078 1.543998 1.549693 1.555157 1.560384 1.565367 1.570101 1.574580 1.578798 1.582751 1.586432 1.589838 1.592963 1.595804 1.598357 1.600618 1.602584 1.604252 1.605620 1.606686 1.607449 1.607907 1.608059 1.607907 1.607449 1.606686 1.605620 1.604252 1.602584 1.600618 1.598357 1.595804 1.592963 1.589838 1.586432 1.582751 1.578798 1.574580 1.570101 1.565367 1.560384 1.555157 1.549693 1.543998 1.538078 1.531940 1.525590 1.519035 1.512281 1.505334 1.498202 1.490891 1.483408 1.475758 1.467949 1.459986 1.451876 1.443625 1.435239 1.426725 1.418086 1.409330 1.400462 1.391488 1.382411 1.373239 1.363975 1.354625 1.345192 1.335683 1.326100 1.316449 1.306733 1.296957 1.287124 1.277237 1.267302 1.257319 1.247294 1.237230 1.227128 1.216993 1.206827 1.196632 1.186412 1.176168 1.165904 1.155620 1.145320 1.135006 1.124679 1.114341 1.103994 1.093641 1.083281 
1.091456 1.101927 1.112395 1.122858 1.133313 1.143760 1.154197 1.164620 1.175030 1.185422 1.195796 1.206148 1.216477 1.226779 1.237053 1.247294 1.257501 1.267670 1.277799 1.287883 1.297919 1.307904 1.317834 1.327705 1.337513 1.347254 1.356924 1.366518 1.376032 1.385460 1.394798 1.404041 1.413183 1.422219 1.431144 1.439951 1.448636 1.457191 1.465611 1.473891 1.482022 1.489999 1.497816 1.505465 1.512940 1.520234 1.527340 1.534252 1.540963 1.547465 1.553752 1.559817 1.565653 1.571254 1.576613 1.581723 1.586580 1.591175 1.595504 1.599562 1.603341 1.606838 1.610048 1.612967 1.615589 1.617912 1.619932 1.621646 1.623053 1.624148 1.624932 1.625403 1.625560 1.625403 1.624932 1.624148 1.623053 1.621646 1.619932 1.617912 1.615589 1.612967 1.610048 1.606838 1.603341 1.599562 1.595504 1.591175 1.586580 1.581723 1.576613 1.571254 1.565653 1.559817 1.553752 1.547465 1.540963 1.534252 1.527340 1.520234 1.512940 1.505465 1.497816 1.489999 1.482022 1.473891 1.465611 1.457191 1.448636 1.439951 1.431144 1.422219 1.413183 1.404041 1.394798 1.385460 1.376032 1.366518 1.356924 1.347254 1.337513 1.327705 1.317834 1.307904 1.297919 1.287883 1.277799 1.267670 1.257501 1.247294 1.237053 1.226779 1.216477 1.206148 1.195796 1.185422 1.175030 1.164620 1.154197 1.143760 1.133313 1.122858 1.112395 1.101927 1.091456 
1.099571 1.110156 1.120738 1.131318 1.141892 1.152460 1.163020 1.173568 1.184105 1.194627 1.205132 1.215618 1.226082 1.236522 1.246936 1.257319 1.267670 1.277986 1.288262 1.298497 1.308685 1.318825 1.328911 1.338940 1.348909 1.358811 1.368645 1.378404 1.388084 1.397680 1.407187 1.416600 1.425914 1.435122 1.444220 1.453201 1.462060 1.470789 1.479384 1.487837 1.496142 1.504292 1.512281 1.520100 1.527745 1.535206 1.542478 1.549554 1.556424 1.563084 1.569525 1.575741 1.581723 1.587467 1.592963 1.598206 1.603190 1.607907 1.612351 1.616517 1.620399 1.623992 1.627290 1.630289 1.632984 1.635372 1.637448 1.639211 1.640657 1.641783 1.642589 1.643074 1.643235 1.643074 1.642589 1.641783 1.640657 1.639211 1.637448 1.635372 1.632984 1.630289 1.627290 1.623992 1.620399 1.616517 1.612351 1.607907 1.603190 1.598206 1.592963 1.587467 1.581723 1.575741 1.569525 1.563084 1.556424 1.549554 1.542478 1.535206 1.527745 1.520100 1.512281 1.504292 1.496142 1.487837 1.479384 1.470789 1.462060 1.453201 1.444220 1.435122 1.425914 1.416600 1.407187 1.397680 1.388084 1.378404 1.368645 1.358811 1.348909 1.338940 1.328911 1.318825 1.308685 1.298497 1.288262 1.277986 1.267670 1.257319 1.246936 1.236522 1.226082 1.215618 1.205132 1.194627 1.184105 1.173568 1.163020 1.152460 1.141892 1.131318 1.120738 1.110156 1.099571 
1.107626 1.118324 1.129022 1.139719 1.150413 1.161103 1.171786 1.182462 1.193126 1.203779 1.214417 1.225038 1.235639 1.246219 1.256774 1.267302 1.277799 1.288262 1.298689 1.309076 1.319420 1.329716 1.339961 1.350152 1.360283 1.370351 1.380350 1.390278 1.400128 1.409895 1.419576 1.429163 1.438652 1.448037 1.457312 1.466472 1.475509 1.484418 1.493191 1.501823 1.510307 1.518635 1.526801 1.534797 1.542616 1.550251 1.557694 1.564938 1.571975 1.578798 1.585399 1.591771 1.597906 1.603796 1.609436 1.614817 1.619932 1.624775 1.629340 1.633620 1.637608 1.641300 1.644690 1.647773 1.650544 1.653000 1.655135 1.656948 1.658436 1.659595 1.660424 1.660922 1.661088 1.660922 1.660424 1.659595 1.658436 1.656948 1.655135 1.653000 1.650544 1.647773 1.644690 1.641300 1.637608 1.633620 1.629340 1.624775 1.619932 1.614817 1.609436 1.603796 1.597906 1.591771 1.585399 1.578798 1.571975 1.564938 1.557694 1.550251 1.542616 1.534797 1.526801 1.518635 1.510307 1.501823 1.493191 1.484418 1.475509 1.466472 1.457312 1.448037 1.438652 1.429163 1.419576 1.409895 1.400128 1.390278 1.380350 1.370351 1.360283 1.350152 1.339961 1.329716 1.319420 1.309076 1.298689 1.288262 1.277799 1.267302 1.256774 1.246219 1.235639 1.225038 1.214417 1.203779 1.193126 1.182462 1.171786 1.161103 1.150413 1.139719 1.129022 1.118324 1.107626 
1.115616 1.126428 1.137243 1.148058 1.158873 1.169686 1.180494 1.191297 1.202091 1.212875 1.223647 1.234405 1.245145 1.255866 1.266564 1.277237 1.287883 1.298497 1.309076 1.319618 1.330119 1.340575 1.350982 1.361336 1.371633 1.381868 1.392038 1.402137 1.412161 1.422104 1.431961 1.441726 1.451395 1.460961 1.470418 1.479760 1.488981 1.498073 1.507031 1.515848 1.524515 1.533027 1.541376 1.549554 1.557553 1.565367 1.572987 1.580405 1.587615 1.594606 1.601373 1.607907 1.614199 1.620243 1.626031 1.631555 1.636809 1.641783 1.646473 1.650871 1.654971 1.658767 1.662252 1.665423 1.668274 1.670800 1.672997 1.674863 1.676393 1.677586 1.678440 1.678952 1.679123 1.678952 1.678440 1.677586 1.676393 1.674863 1.672997 1.670800 1.668274 1.665423 1.662252 1.658767 1.654971 1.650871 1.646473 1.641783 1.636809 1.631555 1.626031 1.620243 1.614199 1.607907 1.601373 1.594606 1.587615 1.580405 1.572987 1.565367 1.557553 1.549554 1.541376 1.533027 1.524515 1.515848 1.507031 1.498073 1.488981 1.479760 1.470418 1.460961 1.451395 1.441726 1.431961 1.422104 1.412161 1.402137 1.392038 1.381868 1.371633 1.361336 1.350982 1.340575 1.330119 1.319618 1.309076 1.298497 1.287883 1.277237 1.266564 1.255866 1.245145 1.234405 1.223647 1.212875 1.202091 1.191297 1.180494 1.169686 1.158873 1.148058 1.137243 1.126428 1.115616 
1.123540 1.134467 1.145398 1.156333 1.167269 1.178206 1.189140 1.200071 1.210996 1.221913 1.232821 1.243716 1.254596 1.265460 1.276303 1.287124 1.297919 1.308685 1.319420 1.330119 1.340779 1.351397 1.361968 1.372489 1.382955 1.393361 1.403704 1.413979 1.424179 1.434301 1.444339 1.454287 1.464139 1.473891 1.483534 1.493063 1.502472 1.511754 1.520901 1.529907 1.538764 1.547465 1.556002 1.564367 1.572553 1.580552 1.588355 1.595954 1.603341 1.610508 1.617447 1.624148 1.630605 1.636809 1.642751 1.648424 1.653820 1.658932 1.663752 1.668274 1.672489 1.676393 1.679979 1.683241 1.686175 1.688775 1.691037 1.692958 1.694533 1.695762 1.696641 1.697169 1.697345 1.697169 1.696641 1.695762 1.694533 1.692958 1.691037 1.688775 1.686175 1.683241 1.679979 1.676393 1.672489 1.668274 1.663752 1.658932 1.653820 1.648424 1.642751 1.636809 1.630605 1.624148 1.617447 1.610508 1.603341 1.595954 1.588355 1.580552 1.572553 1.564367 1.556002 1.547465 1.538764 1.529907 1.520901 1.511754 1.502472 1.493063 1.483534 1.473891 1.464139 1.454287 1.444339 1.434301 1.424179 1.413979 1.403704 1.393361 1.382955 1.372489 1.361968 1.351397 1.340779 1.330119 1.319420 1.308685 1.297919 1.287124 1.276303 1.265460 1.254596 1.243716 1.232821 1.221913 1.210996 1.200071 1.189140 1.178206 1.167269 1.156333 1.145398 1.134467 1.123540 
1.131394 1.142437 1.153486 1.164540 1.175599 1.186660 1.197721 1.208781 1.219838 1.230889 1.241933 1.252967 1.263989 1.274997 1.285987 1.296957 1.307904 1.318825 1.329716 1.340575 1.351397 1.362179 1.372917 1.383607 1.394245 1.404826 1.415345 1.425798 1.436179 1.446484 1.456706 1.466841 1.476881 1.486822 1.496656 1.506378 1.515980 1.525456 1.534797 1.543998 1.553050 1.561946 1.570677 1.579236 1.587615 1.595804 1.603796 1.611583 1.619154 1.626503 1.633620 1.640496 1.647123 1.653492 1.659595 1.665423 1.670968 1.676223 1.681179 1.685829 1.690166 1.694183 1.697873 1.701231 1.704252 1.706929 1.709258 1.711236 1.712860 1.714125 1.715031 1.715575 1.715756 1.715575 1.715031 1.714125 1.712860 1.711236 1.709258 1.706929 1.704252 1.701231 1.697873 1.694183 1.690166 1.685829 1.681179 1.676223 1.670968 1.665423 1.659595 1.653492 1.647123 1.640496 1.633620 1.626503 1.619154 1.611583 1.603796 1.595804 1.587615 1.579236 1.570677 1.561946 1.553050 1.543998 1.534797 1.525456 1.515980 1.506378 1.496656 1.486822 1.476881 1.466841 1.456706 1.446484 1.436179 1.425798 1.415345 1.404826 1.394245 1.383607 1.372917 1.362179 1.351397 1.340575 1.329716 1.318825 1.307904 1.296957 1.285987 1.274997 1.263989 1.252967 1.241933 1.230889 1.219838 1.208781 1.197721 1.186660 1.175599 1.164540 1.153486 1.142437 1.131394 
1.139177 1.150335 1.161502 1.172677 1.183858 1.195044 1.206233 1.217423 1.228613 1.239799 1.250981 1.262156 1.273321 1.284474 1.295612 1.306733 1.317834 1.328911 1.339961 1.350982 1.361968 1.372917 1.383825 1.394687 1.405500 1.416258 1.426956 1.437591 1.448157 1.458648 1.469059 1.479384 1.489617 1.499752 1.509782 1.519701 1.529501 1.539175 1.548717 1.558118 1.567371 1.576467 1.585399 1.594158 1.602735 1.611122 1.619310 1.627290 1.635053 1.642589 1.649891 1.656948 1.663752 1.670294 1.676564 1.682553 1.688254 1.693657 1.698755 1.703540 1.708003 1.712138 1.715938 1.719396 1.722507 1.725265 1.727665 1.729703 1.731376 1.732681 1.733614 1.734175 1.734362 1.734175 1.733614 1.732681 1.731376 1.729703 1.727665 1.725265 1.722507 1.719396 1.715938 1.712138 1.708003 1.703540 1.698755 1.693657 1.688254 1.682553 1.676564 1.670294 1.663752 1.656948 1.649891 1.642589 1.635053 1.627290 1.619310 1.611122 1.602735 1.594158 1.585399 1.576467 1.567371 1.558118 1.548717 1.539175 1.529501 1.519701 1.509782 1.499752 1.489617 1.479384 1.469059 1.458648 1.448157 1.437591 1.426956 1.416258 1.405500 1.394687 1.383825 1.372917 1.361968 1.350982 1.339961 1.328911 1.317834 1.306733 1.295612 1.284474 1.273321 1.262156 1.250981 1.239799 1.228613 1.217423 1.206233 1.195044 1.183858 1.172677 1.161502 1.150335 1.139177 
1.146884 1.158158 1.169444 1.180740 1.192045 1.203357 1.214674 1.225995 1.237318 1.248641 1.259962 1.271278 1.282587 1.293887 1.305176 1.316449 1.327705 1.338940 1.350152 1.361336 1.372489 1.383607 1.394687 1.405724 1.416714 1.427652 1.438534 1.449354 1.460108 1.470789 1.481393 1.491913 1.502342 1.512676 1.522906 1.533027 1.543031 1.552910 1.562657 1.572264 1.581723 1.591027 1.600165 1.609130 1.617912 1.626503 1.634893 1.643074 1.651035 1.658767 1.666260 1.673505 1.680493 1.687214 1.693657 1.699815 1.705678 1.711236 1.716482 1.721407 1.726002 1.730261 1.734175 1.737738 1.740943 1.743786 1.746260 1.748362 1.750087 1.751432 1.752394 1.752973 1.753166 1.752973 1.752394 1.751432 1.750087 1.748362 1.746260 1.743786 1.740943 1.737738 1.734175 1.730261 1.726002 1.721407 1.716482 1.711236 1.705678 1.699815 1.693657 1.687214 1.680493 1.673505 1.666260 1.658767 1.651035 1.643074 1.634893 1.626503 1.617912 1.609130 1.600165 1.591027 1.581723 1.572264 1.562657 1.552910 1.543031 1.533027 1.522906 1.512676 1.502342 1.491913 1.481393 1.470789 1.460108 1.449354 1.438534 1.427652 1.416714 1.405724 1.394687 1.383607 1.372489 1.361336 1.350152 1.338940 1.327705 1.316449 1.305176 1.293887 1.282587 1.271278 1.259962 1.248641 1.237318 1.225995 1.214674 1.203357 1.192045 1.180740 1.169444 1.158158 1.146884 
1.154513 1.165904 1.177309 1.188726 1.200155 1.211593 1.223040 1.234493 1.245950 1.257410 1.268871 1.280330 1.291785 1.303233 1.314673 1.326100 1.337513 1.348909 1.360283 1.371633 1.382955 1.394245 1.405500 1.416714 1.427885 1.439006 1.450074 1.461083 1.472028 1.482904 1.493704 1.504422 1.515053 1.525590 1.536026 1.546353 1.556565 1.566655 1.576613 1.586432 1.596104 1.605620 1.614971 1.624148 1.633143 1.641945 1.650544 1.658932 1.667098 1.675033 1.682725 1.690166 1.697345 1.704252 1.710876 1.717209 1.723241 1.728961 1.734362 1.739433 1.744166 1.748553 1.752587 1.756260 1.759565 1.762496 1.765048 1.767216 1.768996 1.770383 1.771376 1.771973 1.772172 1.771973 1.771376 1.770383 1.768996 1.767216 1.765048 1.762496 1.759565 1.756260 1.752587 1.748553 1.744166 1.739433 1.734362 1.728961 1.723241 1.717209 1.710876 1.704252 1.697345 1.690166 1.682725 1.675033 1.667098 1.658932 1.650544 1.641945 1.633143 1.624148 1.614971 1.605620 1.596104 1.586432 1.576613 1.566655 1.556565 1.546353 1.536026 1.525590 1.515053 1.504422 1.493704 1.482904 1.472028 1.461083 1.450074 1.439006 1.427885 1.416714 1.405500 1.394245 1.382955 1.371633 1.360283 1.348909 1.337513 1.326100 1.314673 1.303233 1.291785 1.280330 1.268871 1.257410 1.245950 1.234493 1.223040 1.211593 1.200155 1.188726 1.177309 1.165904 1.154513 
1.162061 1.173568 1.185093 1.196632 1.208186 1.219751 1.231327 1.242913 1.254506 1.266104 1.277705 1.289308 1.300909 1.312507 1.324100 1.335683 1.347254 1.358811 1.370351 1.381868 1.393361 1.404826 1.416258 1.427652 1.439006 1.450314 1.461571 1.472772 1.483913 1.494986 1.505986 1.516908 1.527745 1.538489 1.549135 1.559675 1.570101 1.580405 1.590580 1.600618 1.610508 1.620243 1.629814 1.639211 1.648424 1.657444 1.666260 1.674863 1.683241 1.691386 1.699285 1.706929 1.714306 1.721407 1.728220 1.734736 1.740943 1.746833 1.752394 1.757619 1.762496 1.767019 1.771178 1.774965 1.778374 1.781399 1.784032 1.786269 1.788106 1.789538 1.790564 1.791180 1.791385 1.791180 1.790564 1.789538 1.788106 1.786269 1.784032 1.781399 1.778374 1.774965 1.771178 1.767019 1.762496 1.757619 1.752394 1.746833 1.740943 1.734736 1.728220 1.721407 1.714306 1.706929 1.699285 1.691386 1.683241 1.674863 1.666260 1.657444 1.648424 1.639211 1.629814 1.620243 1.610508 1.600618 1.590580 1.580405 1.570101 1.559675 1.549135 1.538489 1.527745 1.516908 1.505986 1.494986 1.483913 1.472772 1.461571 1.450314 1.439006 1.427652 1.416258 1.404826 1.393361 1.381868 1.370351 1.358811 1.347254 1.335683 1.324100 1.312507 1.300909 1.289308 1.277705 1.266104 1.254506 1.242913 1.231327 1.219751 1.208186 1.196632 1.185093 1.173568 1.162061 
1.169524 1.181149 1.192793 1.204455 1.216133 1.227826 1.239533 1.251252 1.262980 1.274717 1.286460 1.298208 1.309957 1.321706 1.333452 1.345192 1.356924 1.368645 1.380350 1.392038 1.403704 1.415345 1.426956 1.438534 1.450074 1.461571 1.473021 1.484418 1.495756 1.507031 1.518236 1.529366 1.540412 1.551369 1.562230 1.572987 1.583632 1.594158 1.604555 1.614817 1.624932 1.634893 1.644690 1.654313 1.663752 1.672997 1.682038 1.690863 1.699462 1.707824 1.715938 1.723792 1.731376 1.738679 1.745689 1.752394 1.758786 1.764852 1.770582 1.775966 1.780995 1.785658 1.789948 1.793856 1.797375 1.800496 1.803215 1.805525 1.807422 1.808902 1.809961 1.810597 1.810809 1.810597 1.809961 1.808902 1.807422 1.805525 1.803215 1.800496 1.797375 1.793856 1.789948 1.785658 1.780995 1.775966 1.770582 1.764852 1.758786 1.752394 1.745689 1.738679 1.731376 1.723792 1.715938 1.707824 1.699462 1.690863 1.682038 1.672997 1.663752 1.654313 1.644690 1.634893 1.624932 1.614817 1.604555 1.594158 1.583632 1.572987 1.562230 1.551369 1.540412 1.529366 1.518236 1.507031 1.495756 1.484418 1.473021 1.461571 1.450074 1.438534 1.426956 1.415345 1.403704 1.392038 1.380350 1.368645 1.356924 1.345192 1.333452 1.321706 1.309957 1.298208 1.286460 1.274717 1.262980 1.251252 1.239533 1.227826 1.216133 1.204455 1.192793 1.181149 1.169524 
1.176901 1.188643 1.200407 1.212191 1.223995 1.235816 1.247653 1.259505 1.271371 1.283247 1.295133 1.307026 1.318924 1.330825 1.342726 1.354625 1.366518 1.378404 1.390278 1.402137 1.413979 1.425798 1.437591 1.449354 1.461083 1.472772 1.484418 1.496013 1.507554 1.519035 1.530448 1.541789 1.553050 1.564224 1.575305 1.586284 1.597154 1.607907 1.618533 1.629024 1.639371 1.649565 1.659595 1.669451 1.679123 1.688601 1.697873 1.706929 1.715756 1.724344 1.732681 1.740754 1.748553 1.756066 1.763280 1.770185 1.776768 1.783018 1.788924 1.794476 1.799662 1.804474 1.808902 1.812936 1.816569 1.819793 1.822601 1.824988 1.826948 1.828477 1.829571 1.830229 1.830448 1.830229 1.829571 1.828477 1.826948 1.824988 1.822601 1.819793 1.816569 1.812936 1.808902 1.804474 1.799662 1.794476 1.788924 1.783018 1.776768 1.770185 1.763280 1.756066 1.748553 1.740754 1.732681 1.724344 1.715756 1.706929 1.697873 1.688601 1.679123 1.669451 1.659595 1.649565 1.639371 1.629024 1.618533 1.607907 1.597154 1.586284 1.575305 1.564224 1.553050 1.541789 1.530448 1.519035 1.507554 1.496013 1.484418 1.472772 1.461083 1.449354 1.437591 1.425798 1.413979 1.402137 1.390278 1.378404 1.366518 1.354625 1.342726 1.330825 1.318924 1.307026 1.295133 1.283247 1.271371 1.259505 1.247653 1.235816 1.223995 1.212191 1.200407 1.188643 1.176901 
1.184187 1.196047 1.207931 1.219838 1.231766 1.243716 1.255684 1.267670 1.279673 1.291689 1.303718 1.315758 1.327805 1.339859 1.351917 1.363975 1.376032 1.388084 1.400128 1.412161 1.424179 1.436179 1.448157 1.460108 1.472028 1.483913 1.495756 1.507554 1.519301 1.530990 1.542616 1.554173 1.565653 1.577049 1.588355 1.599562 1.610662 1.621646 1.632507 1.643235 1.653820 1.664253 1.674523 1.684620 1.694533 1.704252 1.713763 1.723057 1.732121 1.740943 1.749511 1.757813 1.765836 1.773567 1.780995 1.788106 1.794889 1.801332 1.807422 1.813149 1.818501 1.823468 1.828040 1.832206 1.835960 1.839291 1.842194 1.844661 1.846687 1.848268 1.849400 1.850080 1.850307 1.850080 1.849400 1.848268 1.846687 1.844661 1.842194 1.839291 1.835960 1.832206 1.828040 1.823468 1.818501 1.813149 1.807422 1.801332 1.794889 1.788106 1.780995 1.773567 1.765836 1.757813 1.749511 1.740943 1.732121 1.723057 1.713763 1.704252 1.694533 1.684620 1.674523 1.664253 1.653820 1.643235 1.632507 1.621646 1.610662 1.599562 1.588355 1.577049 1.565653 1.554173 1.542616 1.530990 1.519301 1.507554 1.495756 1.483913 1.472028 1.460108 1.448157 1.436179 1.424179 1.412161 1.400128 1.388084 1.376032 1.363975 1.351917 1.339859 1.327805 1.315758 1.303718 1.291689 1.279673 1.267670 1.255684 1.243716 1.231766 1.219838 1.207931 1.196047 1.184187 
1.191380 1.203357 1.215360 1.227390 1.239444 1.251522 1.263622 1.275743 1.287883 1.300040 1.312213 1.324399 1.336597 1.348805 1.361020 1.373239 1.385460 1.397680 1.409895 1.422104 1.434301 1.446484 1.458648 1.470789 1.482904 1.494986 1.507031 1.519035 1.530990 1.542893 1.554735 1.566511 1.578215 1.589838 1.601373 1.612813 1.624148 1.635372 1.646473 1.657444 1.668274 1.678952 1.689470 1.699815 1.709977 1.719944 1.729703 1.739244 1.748553 1.757619 1.766427 1.774965 1.783221 1.791180 1.798830 1.806157 1.813149 1.819793 1.826076 1.831986 1.837512 1.842641 1.847364 1.851670 1.855549 1.858994 1.861995 1.864547 1.866643 1.868279 1.869450 1.870154 1.870388 1.870154 1.869450 1.868279 1.866643 1.864547 1.861995 1.858994 1.855549 1.851670 1.847364 1.842641 1.837512 1.831986 1.826076 1.819793 1.813149 1.806157 1.798830 1.791180 1.783221 1.774965 1.766427 1.757619 1.748553 1.739244 1.729703 1.719944 1.709977 1.699815 1.689470 1.678952 1.668274 1.657444 1.646473 1.635372 1.624148 1.612813 1.601373 1.589838 1.578215 1.566511 1.554735 1.542893 1.530990 1.519035 1.507031 1.494986 1.482904 1.470789 1.458648 1.446484 1.434301 1.422104 1.409895 1.397680 1.385460 1.373239 1.361020 1.348805 1.336597 1.324399 1.312213 1.300040 1.287883 1.275743 1.263622 1.251522 1.239444 1.227390 1.215360 1.203357 1.191380 
1.198475 1.210569 1.222693 1.234845 1.247025 1.259232 1.271463 1.283719 1.295996 1.308295 1.320612 1.332946 1.345295 1.357658 1.370030 1.382411 1.394798 1.407187 1.419576 1.431961 1.444339 1.456706 1.469059 1.481393 1.493704 1.505986 1.518236 1.530448 1.542616 1.554735 1.566798 1.578798 1.590729 1.602584 1.614354 1.626031 1.637608 1.649076 1.660424 1.671644 1.682725 1.693657 1.704430 1.715031 1.725449 1.735672 1.745689 1.755485 1.765048 1.774366 1.783423 1.792208 1.800705 1.808902 1.816783 1.824336 1.831546 1.838401 1.844886 1.850988 1.856695 1.861995 1.866877 1.871328 1.875341 1.878904 1.882009 1.884650 1.886820 1.888513 1.889726 1.890454 1.890697 1.890454 1.889726 1.888513 1.886820 1.884650 1.882009 1.878904 1.875341 1.871328 1.866877 1.861995 1.856695 1.850988 1.844886 1.838401 1.831546 1.824336 1.816783 1.808902 1.800705 1.792208 1.783423 1.774366 1.765048 1.755485 1.745689 1.735672 1.725449 1.715031 1.704430 1.693657 1.682725 1.671644 1.660424 1.649076 1.637608 1.626031 1.614354 1.602584 1.590729 1.578798 1.566798 1.554735 1.542616 1.530448 1.518236 1.505986 1.493704 1.481393 1.469059 1.456706 1.444339 1.431961 1.419576 1.407187 1.394798 1.382411 1.370030 1.357658 1.345295 1.332946 1.320612 1.308295 1.295996 1.283719 1.271463 1.259232 1.247025 1.234845 1.222693 1.210569 1.198475 
1.205471 1.217682 1.229925 1.242200 1.254506 1.266841 1.279204 1.291594 1.304010 1.316449 1.328911 1.341393 1.353895 1.366412 1.378944 1.391488 1.404041 1.416600 1.429163 1.441726 1.454287 1.466841 1.479384 1.491913 1.504422 1.516908 1.529366 1.541789 1.554173 1.566511 1.578798 1.591027 1.603190 1.615280 1.627290 1.639211 1.651035 1.662752 1.674353 1.685829 1.697169 1.708361 1.719396 1.730261 1.740943 1.751432 1.761713 1.771774 1.781601 1.791180 1.800496 1.809537 1.818286 1.826730 1.834853 1.842641 1.850080 1.857154 1.863850 1.870154 1.876051 1.881530 1.886578 1.891184 1.895335 1.899023 1.902239 1.904973 1.907221 1.908974 1.910230 1.910985 1.911237 1.910985 1.910230 1.908974 1.907221 1.904973 1.902239 1.899023 1.895335 1.891184 1.886578 1.881530 1.876051 1.870154 1.863850 1.857154 1.850080 1.842641 1.834853 1.826730 1.818286 1.809537 1.800496 1.791180 1.781601 1.771774 1.761713 1.751432 1.740943 1.730261 1.719396 1.708361 1.697169 1.685829 1.674353 1.662752 1.651035 1.639211 1.627290 1.615280 1.603190 1.591027 1.578798 1.566511 1.554173 1.541789 1.529366 1.516908 1.504422 1.491913 1.479384 1.466841 1.454287 1.441726 1.429163 1.416600 1.404041 1.391488 1.378944 1.366412 1.353895 1.341393 1.328911 1.316449 1.304010 1.291594 1.279204 1.266841 1.254506 1.242200 1.229925 1.217682 1.205471 
1.212362 1.224690 1.237053 1.249450 1.261881 1.274345 1.286839 1.299364 1.311918 1.324499 1.337106 1.349737 1.362390 1.375064 1.387755 1.400462 1.413183 1.425914 1.438652 1.451395 1.464139 1.476881 1.489617 1.502342 1.515053 1.527745 1.540412 1.553050 1.565653 1.578215 1.590729 1.603190 1.615589 1.627920 1.640174 1.652344 1.664420 1.676393 1.688254 1.699992 1.711597 1.723057 1.734362 1.745498 1.756454 1.767216 1.777771 1.788106 1.798206 1.808056 1.817642 1.826948 1.835960 1.844661 1.853036 1.861070 1.868747 1.876051 1.882968 1.889483 1.895581 1.901248 1.906471 1.911237 1.915536 1.919355 1.922686 1.925519 1.927848 1.929666 1.930968 1.931751 1.932012 1.931751 1.930968 1.929666 1.927848 1.925519 1.922686 1.919355 1.915536 1.911237 1.906471 1.901248 1.895581 1.889483 1.882968 1.876051 1.868747 1.861070 1.853036 1.844661 1.835960 1.826948 1.817642 1.808056 1.798206 1.788106 1.777771 1.767216 1.756454 1.745498 1.734362 1.723057 1.711597 1.699992 1.688254 1.676393 1.664420 1.652344 1.640174 1.627920 1.615589 1.603190 1.590729 1.578215 1.565653 1.553050 1.540412 1.527745 1.515053 1.502342 1.489617 1.476881 1.464139 1.451395 1.438652 1.425914 1.413183 1.400462 1.387755 1.375064 1.362390 1.349737 1.337106 1.324499 1.311918 1.299364 1.286839 1.274345 1.261881 1.249450 1.237053 1.224690 1.212362 
1.219147 1.231591 1.244073 1.256592 1.269148 1.281740 1.294366 1.307026 1.319718 1.332440 1.345192 1.357972 1.370778 1.383607 1.396459 1.409330 1.422219 1.435122 1.448037 1.460961 1.473891 1.486822 1.499752 1.512676 1.525590 1.538489 1.551369 1.564224 1.577049 1.589838 1.602584 1.615280 1.627920 1.640496 1.653000 1.665423 1.677757 1.689992 1.702118 1.714125 1.726002 1.737738 1.749320 1.760736 1.771973 1.783018 1.793856 1.804474 1.814856 1.824988 1.834853 1.844436 1.853720 1.862690 1.871328 1.879619 1.887545 1.895090 1.902239 1.908974 1.915282 1.921146 1.926553 1.931490 1.935943 1.939901 1.943353 1.946291 1.948706 1.950591 1.951942 1.952754 1.953024 1.952754 1.951942 1.950591 1.948706 1.946291 1.943353 1.939901 1.935943 1.931490 1.926553 1.921146 1.915282 1.908974 1.902239 1.895090 1.887545 1.879619 1.871328 1.862690 1.853720 1.844436 1.834853 1.824988 1.814856 1.804474 1.793856 1.783018 1.771973 1.760736 1.749320 1.737738 1.726002 1.714125 1.702118 1.689992 1.677757 1.665423 1.653000 1.640496 1.627920 1.615280 1.602584 1.589838 1.577049 1.564224 1.551369 1.538489 1.525590 1.512676 1.499752 1.486822 1.473891 1.460961 1.448037 1.435122 1.422219 1.409330 1.396459 1.383607 1.370778 1.357972 1.345192 1.332440 1.319718 1.307026 1.294366 1.281740 1.269148 1.256592 1.244073 1.231591 1.219147 
1.225821 1.238381 1.250981 1.263622 1.276303 1.289023 1.301780 1.314574 1.327404 1.340268 1.353165 1.366094 1.379052 1.392038 1.405050 1.418086 1.431144 1.444220 1.457312 1.470418 1.483534 1.496656 1.509782 1.522906 1.536026 1.549135 1.562230 1.575305 1.588355 1.601373 1.614354 1.627290 1.640174 1.653000 1.665758 1.678440 1.691037 1.703540 1.715938 1.728220 1.740376 1.752394 1.764262 1.775966 1.787493 1.798830 1.809961 1.820871 1.831546 1.841970 1.852125 1.861995 1.871564 1.880813 1.889726 1.898284 1.906471 1.914268 1.921659 1.928627 1.935154 1.941226 1.946827 1.951942 1.956557 1.960661 1.964242 1.967290 1.969796 1.971752 1.973154 1.973997 1.974278 1.973997 1.973154 1.971752 1.969796 1.967290 1.964242 1.960661 1.956557 1.951942 1.946827 1.941226 1.935154 1.928627 1.921659 1.914268 1.906471 1.898284 1.889726 1.880813 1.871564 1.861995 1.852125 1.841970 1.831546 1.820871 1.809961 1.798830 1.787493 1.775966 1.764262 1.752394 1.740376 1.728220 1.715938 1.703540 1.691037 1.678440 1.665758 1.653000 1.640174 1.627290 1.614354 1.601373 1.588355 1.575305 1.562230 1.549135 1.536026 1.522906 1.509782 1.496656 1.483534 1.470418 1.457312 1.444220 1.431144 1.418086 1.405050 1.392038 1.379052 1.366094 1.353165 1.340268 1.327404 1.314574 1.301780 1.289023 1.276303 1.263622 1.250981 1.238381 1.225821 
1.232381 1.245056 1.257774 1.270536 1.283341 1.296188 1.309076 1.322005 1.334972 1.347978 1.361020 1.374097 1.387208 1.400351 1.413524 1.426725 1.439951 1.453201 1.466472 1.479760 1.493063 1.506378 1.519701 1.533027 1.546353 1.559675 1.572987 1.586284 1.599562 1.612813 1.626031 1.639211 1.652344 1.665423 1.678440 1.691386 1.704252 1.717028 1.729703 1.742268 1.754711 1.767019 1.779179 1.791180 1.803006 1.814643 1.826076 1.837290 1.848268 1.858994 1.869450 1.879619 1.889483 1.899023 1.908222 1.917060 1.925519 1.933581 1.941226 1.948437 1.955196 1.961486 1.967290 1.972593 1.977380 1.981638 1.985355 1.988518 1.991120 1.993152 1.994608 1.995484 1.995776 1.995484 1.994608 1.993152 1.991120 1.988518 1.985355 1.981638 1.977380 1.972593 1.967290 1.961486 1.955196 1.948437 1.941226 1.933581 1.925519 1.917060 1.908222 1.899023 1.889483 1.879619 1.869450 1.858994 1.848268 1.837290 1.826076 1.814643 1.803006 1.791180 1.779179 1.767019 1.754711 1.742268 1.729703 1.717028 1.704252 1.691386 1.678440 1.665423 1.652344 1.639211 1.626031 1.612813 1.599562 1.586284 1.572987 1.559675 1.546353 1.533027 1.519701 1.506378 1.493063 1.479760 1.466472 1.453201 1.439951 1.426725 1.413524 1.400351 1.387208 1.374097 1.361020 1.347978 1.334972 1.322005 1.309076 1.296188 1.283341 1.270536 1.257774 1.245056 1.232381 
1.238824 1.251612 1.264448 1.277331 1.290259 1.303233 1.316252 1.329313 1.342418 1.355564 1.368751 1.381977 1.395240 1.408540 1.421874 1.435239 1.448636 1.462060 1.475509 1.488981 1.502472 1.515980 1.529501 1.543031 1.556565 1.570101 1.583632 1.597154 1.610662 1.624148 1.637608 1.651035 1.664420 1.677757 1.691037 1.704252 1.717391 1.730446 1.743406 1.756260 1.768996 1.781601 1.794063 1.806368 1.818501 1.830448 1.842194 1.853720 1.865012 1.876051 1.886820 1.897299 1.907471 1.917315 1.926812 1.935943 1.944687 1.953024 1.960936 1.968402 1.975404 1.981923 1.987942 1.993443 1.998411 2.002832 2.006691 2.009977 2.012681 2.014792 2.016306 2.017215 2.017519 2.017215 2.016306 2.014792 2.012681 2.009977 2.006691 2.002832 1.998411 1.993443 1.987942 1.981923 1.975404 1.968402 1.960936 1.953024 1.944687 1.935943 1.926812 1.917315 1.907471 1.897299 1.886820 1.876051 1.865012 1.853720 1.842194 1.830448 1.818501 1.806368 1.794063 1.781601 1.768996 1.756260 1.743406 1.730446 1.717391 1.704252 1.691037 1.677757 1.664420 1.651035 1.637608 1.624148 1.610662 1.597154 1.583632 1.570101 1.556565 1.543031 1.529501 1.515980 1.502472 1.488981 1.475509 1.462060 1.448636 1.435239 1.421874 1.408540 1.395240 1.381977 1.368751 1.355564 1.342418 1.329313 1.316252 1.303233 1.290259 1.277331 1.264448 1.251612 1.238824 
1.245145 1.258047 1.271000 1.284002 1.297053 1.310153 1.323301 1.336496 1.349737 1.363024 1.376355 1.389729 1.403144 1.416600 1.430094 1.443625 1.457191 1.470789 1.484418 1.498073 1.511754 1.525456 1.539175 1.552910 1.566655 1.580405 1.594158 1.607907 1.621646 1.635372 1.649076 1.662752 1.676393 1.689992 1.703540 1.717028 1.730446 1.743786 1.757036 1.770185 1.783221 1.796131 1.808902 1.821520 1.833970 1.846236 1.858303 1.870154 1.881770 1.893134 1.904226 1.915028 1.925519 1.935680 1.945488 1.954924 1.963966 1.972593 1.980784 1.988518 1.995776 2.002536 2.008780 2.014490 2.019649 2.024241 2.028251 2.031667 2.034478 2.036674 2.038248 2.039194 2.039510 2.039194 2.038248 2.036674 2.034478 2.031667 2.028251 2.024241 2.019649 2.014490 2.008780 2.002536 1.995776 1.988518 1.980784 1.972593 1.963966 1.954924 1.945488 1.935680 1.925519 1.915028 1.904226 1.893134 1.881770 1.870154 1.858303 1.846236 1.833970 1.821520 1.808902 1.796131 1.783221 1.770185 1.757036 1.743786 1.730446 1.717028 1.703540 1.689992 1.676393 1.662752 1.649076 1.635372 1.621646 1.607907 1.594158 1.580405 1.566655 1.552910 1.539175 1.525456 1.511754 1.498073 1.484418 1.470789 1.457191 1.443625 1.430094 1.416600 1.403144 1.389729 1.376355 1.363024 1.349737 1.336496 1.323301 1.310153 1.297053 1.284002 1.271000 1.258047 1.245145 
1.251342 1.264357 1.277424 1.290545 1.303718 1.316943 1.330220 1.343547 1.356924 1.370351 1.383825 1.397347 1.410914 1.424526 1.438180 1.451876 1.465611 1.479384 1.493191 1.507031 1.520901 1.534797 1.548717 1.562657 1.576613 1.590580 1.604555 1.618533 1.632507 1.646473 1.660424 1.674353 1.688254 1.702118 1.715938 1.729703 1.743406 1.757036 1.770582 1.784032 1.797375 1.810597 1.823685 1.836624 1.849400 1.861995 1.874394 1.886578 1.898530 1.910230 1.921659 1.932796 1.943620 1.954109 1.964242 1.973997 1.983350 1.992280 2.000764 2.008780 2.016306 2.023320 2.029802 2.035732 2.041092 2.045865 2.050035 2.053588 2.056513 2.058798 2.060436 2.061421 2.061750 2.061421 2.060436 2.058798 2.056513 2.053588 2.050035 2.045865 2.041092 2.035732 2.029802 2.023320 2.016306 2.008780 2.000764 1.992280 1.983350 1.973997 1.964242 1.954109 1.943620 1.932796 1.921659 1.910230 1.898530 1.886578 1.874394 1.861995 1.849400 1.836624 1.823685 1.810597 1.797375 1.784032 1.770582 1.757036 1.743406 1.729703 1.715938 1.702118 1.688254 1.674353 1.660424 1.646473 1.632507 1.618533 1.604555 1.590580 1.576613 1.562657 1.548717 1.534797 1.520901 1.507031 1.493191 1.479384 1.465611 1.451876 1.438180 1.424526 1.410914 1.397347 1.383825 1.370351 1.356924 1.343547 1.330220 1.316943 1.303718 1.290545 1.277424 1.264357 1.251342 
1.257410 1.270536 1.283719 1.296957 1.310251 1.323600 1.337004 1.350463 1.363975 1.377540 1.391157 1.404826 1.418544 1.432311 1.446126 1.459986 1.473891 1.487837 1.501823 1.515848 1.529907 1.543998 1.558118 1.572264 1.586432 1.600618 1.614817 1.629024 1.643235 1.657444 1.671644 1.685829 1.699992 1.714125 1.728220 1.742268 1.756260 1.770185 1.784032 1.797790 1.811446 1.824988 1.838401 1.851670 1.864780 1.877714 1.890454 1.902983 1.915282 1.927330 1.939107 1.950591 1.961761 1.972593 1.983065 1.993152 2.002832 2.012079 2.020870 2.029181 2.036988 2.044270 2.051002 2.057165 2.062737 2.067702 2.072041 2.075739 2.078784 2.081163 2.082869 2.083896 2.084238 2.083896 2.082869 2.081163 2.078784 2.075739 2.072041 2.067702 2.062737 2.057165 2.051002 2.044270 2.036988 2.029181 2.020870 2.012079 2.002832 1.993152 1.983065 1.972593 1.961761 1.950591 1.939107 1.927330 1.915282 1.902983 1.890454 1.877714 1.864780 1.851670 1.838401 1.824988 1.811446 1.797790 1.784032 1.770185 1.756260 1.742268 1.728220 1.714125 1.699992 1.685829 1.671644 1.657444 1.643235 1.629024 1.614817 1.600618 1.586432 1.572264 1.558118 1.543998 1.529907 1.515848 1.501823 1.487837 1.473891 1.459986 1.446126 1.432311 1.418544 1.404826 1.391157 1.377540 1.363975 1.350463 1.337004 1.323600 1.310251 1.296957 1.283719 1.270536 1.257410 
1.263347 1.276583 1.289879 1.303233 1.316647 1.330119 1.343650 1.357238 1.370885 1.384587 1.398347 1.412161 1.426029 1.439951 1.453925 1.467949 1.482022 1.496142 1.510307 1.524515 1.538764 1.553050 1.567371 1.581723 1.596104 1.610508 1.624932 1.639371 1.653820 1.668274 1.682725 1.697169 1.711597 1.726002 1.740376 1.754711 1.768996 1.783221 1.797375 1.811446 1.825423 1.839291 1.853036 1.866643 1.880096 1.893378 1.906471 1.919355 1.932012 1.944420 1.956557 1.968402 1.979931 1.991120 2.001945 2.012380 2.022400 2.031979 2.041092 2.049713 2.057817 2.065379 2.072376 2.078784 2.084581 2.089748 2.094265 2.098117 2.101289 2.103769 2.105547 2.106617 2.106974 2.106617 2.105547 2.103769 2.101289 2.098117 2.094265 2.089748 2.084581 2.078784 2.072376 2.065379 2.057817 2.049713 2.041092 2.031979 2.022400 2.012380 2.001945 1.991120 1.979931 1.968402 1.956557 1.944420 1.932012 1.919355 1.906471 1.893378 1.880096 1.866643 1.853036 1.839291 1.825423 1.811446 1.797375 1.783221 1.768996 1.754711 1.740376 1.726002 1.711597 1.697169 1.682725 1.668274 1.653820 1.639371 1.624932 1.610508 1.596104 1.581723 1.567371 1.553050 1.538764 1.524515 1.510307 1.496142 1.482022 1.467949 1.453925 1.439951 1.426029 1.412161 1.398347 1.384587 1.370885 1.357238 1.343650 1.330119 1.316647 1.303233 1.289879 1.276583 1.263347 
