135 135
2.937650e+01 0 5
0.580155 0.590187 0.600193 0.610171 0.620118 0.630032 0.639912 0.649753 0.659554 0.669312 0.679024 0.688687 0.698299 0.707855 0.717353 0.726790 0.736162 0.745465 0.754696 0.763852 0.772928 0.781920 0.790825 0.799638 0.808354 0.816971 0.825482 0.833884 0.842172 0.850341 0.858386 0.866303 0.874086 0.881730 0.889231 0.896583 0.903781 0.910819 0.917693 0.924397 0.930926 0.937274 0.943437 0.949408 0.955184 0.960758 0.966125 0.971282 0.976222 0.980940 0.985433 0.989696 0.993724 0.997514 1.001060 1.004360 1.007410 1.010206 1.012746 1.015026 1.017044 1.018798 1.020285 1.021505 1.022455 1.023134 1.023542 1.023678 1.023542 1.023134 1.022455 1.021505 1.020285 1.018798 1.017044 1.015026 1.012746 1.010206 1.007410 1.004360 1.001060 0.997514 0.993724 0.989696 0.985433 0.980940 0.976222 0.971282 0.966125 0.960758 0.955184 0.949408 0.943437 0.937274 0.930926 0.924397 0.917693 0.910819 0.903781 0.896583 0.889231 0.881730 0.874086 0.866303 0.858386 0.850341 0.842172 0.833884 0.825482 0.816971 0.808354 0.799638 0.790825 0.781920 0.772928 0.763852 0.754696 0.745465 0.736162 0.726790 0.717353 0.707855 0.698299 0.688687 0.679024 0.669312 0.659554 0.649753 0.639912 0.630032 0.620118 0.610171 0.600193 0.590187 0.580155 
0.589732 0.599886 0.610015 0.620118 0.630192 0.640235 0.650244 0.660217 0.670152 0.680045 0.689893 0.699694 0.709445 0.719142 0.728782 0.738362 0.747879 0.757328 0.766706 0.776010 0.785235 0.794377 0.803432 0.812397 0.821265 0.830034 0.838698 0.847253 0.855694 0.864016 0.872215 0.880284 0.888219 0.896015 0.903666 0.911167 0.918513 0.925698 0.932717 0.939564 0.946234 0.952720 0.959019 0.965124 0.971029 0.976730 0.982221 0.987497 0.992552 0.997383 1.001983 1.006348 1.010473 1.014355 1.017988 1.021369 1.024495 1.027360 1.029964 1.032301 1.034370 1.036168 1.037694 1.038944 1.039918 1.040615 1.041033 1.041173 1.041033 1.040615 1.039918 1.038944 1.037694 1.036168 1.034370 1.032301 1.029964 1.027360 1.024495 1.021369 1.017988 1.014355 1.010473 1.006348 1.001983 0.997383 0.992552 0.987497 0.982221 0.976730 0.971029 0.965124 0.959019 0.952720 0.946234 0.939564 0.932717 0.925698 0.918513 0.911167 0.903666 0.896015 0.888219 0.880284 0.872215 0.864016 0.855694 0.847253 0.838698 0.830034 0.821265 0.812397 0.803432 0.794377 0.785235 0.776010 0.766706 0.757328 0.747879 0.738362 0.728782 0.719142 0.709445 0.699694 0.689893 0.680045 0.670152 0.660217 0.650244 0.640235 0.630192 0.620118 0.610015 0.599886 0.589732 
0.599271 0.609548 0.619803 0.630032 0.640235 0.650408 0.660549 0.670656 0.680726 0.690755 0.700742 0.710683 0.720575 0.730416 0.740201 0.749927 0.759591 0.769189 0.778717 0.788172 0.797549 0.806844 0.816054 0.825173 0.834197 0.843122 0.851943 0.860655 0.869253 0.877732 0.886087 0.894313 0.902404 0.910355 0.918161 0.925816 0.933315 0.940651 0.947819 0.954814 0.961629 0.968259 0.974698 0.980940 0.986981 0.992813 0.998431 1.003831 1.009006 1.013952 1.018663 1.023134 1.027360 1.031338 1.035061 1.038527 1.041731 1.044669 1.047338 1.049735 1.051858 1.053702 1.055266 1.056549 1.057548 1.058263 1.058692 1.058835 1.058692 1.058263 1.057548 1.056549 1.055266 1.053702 1.051858 1.049735 1.047338 1.044669 1.041731 1.038527 1.035061 1.031338 1.027360 1.023134 1.018663 1.013952 1.009006 1.003831 0.998431 0.992813 0.986981 0.980940 0.974698 0.968259 0.961629 0.954814 0.947819 0.940651 0.933315 0.925816 0.918161 0.910355 0.902404 0.894313 0.886087 0.877732 0.869253 0.860655 0.851943 0.843122 0.834197 0.825173 0.816054 0.806844 0.797549 0.788172 0.778717 0.769189 0.759591 0.749927 0.740201 0.730416 0.720575 0.710683 0.700742 0.690755 0.680726 0.670656 0.660549 0.650408 0.640235 0.630032 0.619803 0.609548 0.599271 
0.608771 0.619173 0.629554 0.639912 0.650244 0.660549 0.670824 0.681066 0.691273 0.701442 0.711569 0.721653 0.731689 0.741675 0.751607 0.761482 0.771296 0.781045 0.790726 0.800335 0.809868 0.819319 0.828686 0.837964 0.847147 0.856232 0.865213 0.874086 0.882845 0.891485 0.900001 0.908388 0.916640 0.924752 0.932717 0.940530 0.948186 0.955677 0.963000 0.970147 0.977112 0.983890 0.990474 0.996859 1.003038 1.009006 1.014757 1.020285 1.025585 1.030650 1.035476 1.040057 1.044389 1.048465 1.052283 1.055836 1.059122 1.062135 1.064873 1.067333 1.069510 1.071402 1.073008 1.074324 1.075350 1.076083 1.076524 1.076670 1.076524 1.076083 1.075350 1.074324 1.073008 1.071402 1.069510 1.067333 1.064873 1.062135 1.059122 1.055836 1.052283 1.048465 1.044389 1.040057 1.035476 1.030650 1.025585 1.020285 1.014757 1.009006 1.003038 0.996859 0.990474 0.983890 0.977112 0.970147 0.963000 0.955677 0.948186 0.940530 0.932717 0.924752 0.916640 0.908388 0.900001 0.891485 0.882845 0.874086 0.865213 0.856232 0.847147 0.837964 0.828686 0.819319 0.809868 0.800335 0.790726 0.781045 0.771296 0.761482 0.751607 0.741675 0.731689 0.721653 0.711569 0.701442 0.691273 0.681066 0.670824 0.660549 0.650244 0.639912 0.629554 0.619173 0.608771 
0.618229 0.628756 0.639265 0.649753 0.660217 0.670656 0.681066 0.691446 0.701792 0.712101 0.722372 0.732600 0.742782 0.752916 0.762998 0.773024 0.782991 0.792895 0.802732 0.812498 0.822189 0.831800 0.841328 0.850768 0.860114 0.869362 0.878507 0.887545 0.896469 0.905275 0.913957 0.922509 0.930926 0.939202 0.947331 0.955307 0.963125 0.970777 0.978258 0.985562 0.992683 0.999613 1.006348 1.012880 1.019203 1.025312 1.031200 1.036861 1.042290 1.047479 1.052425 1.057120 1.061560 1.065740 1.069655 1.073300 1.076670 1.079762 1.082572 1.085096 1.087330 1.089273 1.090921 1.092272 1.093325 1.094078 1.094531 1.094681 1.094531 1.094078 1.093325 1.092272 1.090921 1.089273 1.087330 1.085096 1.082572 1.079762 1.076670 1.073300 1.069655 1.065740 1.061560 1.057120 1.052425 1.047479 1.042290 1.036861 1.031200 1.025312 1.019203 1.012880 1.006348 0.999613 0.992683 0.985562 0.978258 0.970777 0.963125 0.955307 0.947331 0.939202 0.930926 0.922509 0.913957 0.905275 0.896469 0.887545 0.878507 0.869362 0.860114 0.850768 0.841328 0.831800 0.822189 0.812498 0.802732 0.792895 0.782991 0.773024 0.762998 0.752916 0.742782 0.732600 0.722372 0.712101 0.701792 0.691446 0.681066 0.670656 0.660217 0.649753 0.639265 0.628756 0.618229 
0.627642 0.638297 0.648935 0.659554 0.670152 0.680726 0.691273 0.701792 0.712279 0.722731 0.733146 0.743521 0.753853 0.764137 0.774371 0.784551 0.794674 0.804735 0.814731 0.824657 0.834510 0.844285 0.853977 0.863582 0.873094 0.882510 0.891824 0.901030 0.910124 0.919099 0.927951 0.936673 0.945259 0.953705 0.962002 0.970147 0.978131 0.985949 0.993594 1.001060 1.008341 1.015429 1.022319 1.029003 1.035476 1.041731 1.047761 1.053560 1.059122 1.064440 1.069510 1.074324 1.078878 1.083165 1.087181 1.090921 1.094380 1.097553 1.100438 1.103029 1.105323 1.107318 1.109010 1.110398 1.111480 1.112253 1.112718 1.112873 1.112718 1.112253 1.111480 1.110398 1.109010 1.107318 1.105323 1.103029 1.100438 1.097553 1.094380 1.090921 1.087181 1.083165 1.078878 1.074324 1.069510 1.064440 1.059122 1.053560 1.047761 1.041731 1.035476 1.029003 1.022319 1.015429 1.008341 1.001060 0.993594 0.985949 0.978131 0.970147 0.962002 0.953705 0.945259 0.936673 0.927951 0.919099 0.910124 0.901030 0.891824 0.882510 0.873094 0.863582 0.853977 0.844285 0.834510 0.824657 0.814731 0.804735 0.794674 0.784551 0.774371 0.764137 0.753853 0.743521 0.733146 0.722731 0.712279 0.701792 0.691273 0.680726 0.670152 0.659554 0.648935 0.638297 0.627642 
0.637007 0.647791 0.658560 0.669312 0.680045 0.690755 0.701442 0.712101 0.722731 0.733329 0.743891 0.754415 0.764897 0.775335 0.785723 0.796060 0.806341 0.816563 0.826721 0.836811 0.846829 0.856770 0.866630 0.876404 0.886087 0.895674 0.905160 0.914539 0.923806 0.932956 0.941982 0.950878 0.959639 0.968259 0.976730 0.985047 0.993203 1.001192 1.009006 1.016640 1.024086 1.031338 1.038388 1.045230 1.051858 1.058263 1.064440 1.070383 1.076083 1.081536 1.086734 1.091671 1.096343 1.100742 1.104863 1.108702 1.112253 1.115512 1.118474 1.121135 1.123491 1.125541 1.127279 1.128706 1.129817 1.130612 1.131089 1.131248 1.131089 1.130612 1.129817 1.128706 1.127279 1.125541 1.123491 1.121135 1.118474 1.115512 1.112253 1.108702 1.104863 1.100742 1.096343 1.091671 1.086734 1.081536 1.076083 1.070383 1.064440 1.058263 1.051858 1.045230 1.038388 1.031338 1.024086 1.016640 1.009006 1.001192 0.993203 0.985047 0.976730 0.968259 0.959639 0.950878 0.941982 0.932956 0.923806 0.914539 0.905160 0.895674 0.886087 0.876404 0.866630 0.856770 0.846829 0.836811 0.826721 0.816563 0.806341 0.796060 0.785723 0.775335 0.764897 0.754415 0.743891 0.733329 0.722731 0.712101 0.701442 0.690755 0.680045 0.669312 0.658560 0.647791 0.637007 
0.646323 0.657237 0.668138 0.679024 0.689893 0.700742 0.711569 0.722372 0.733146 0.743891 0.754603 0.765278 0.775913 0.786506 0.797052 0.807549 0.817991 0.828376 0.838698 0.848955 0.859141 0.869253 0.879284 0.889231 0.899088 0.908851 0.918513 0.928070 0.937515 0.946843 0.956048 0.965124 0.974064 0.982862 0.991512 1.000007 1.008341 1.016505 1.024495 1.032301 1.039918 1.047338 1.054555 1.061560 1.068348 1.074910 1.081240 1.087330 1.093175 1.098766 1.104098 1.109164 1.113958 1.118474 1.122705 1.126647 1.130294 1.133641 1.136683 1.139418 1.141840 1.143946 1.145733 1.147199 1.148341 1.149158 1.149649 1.149812 1.149649 1.149158 1.148341 1.147199 1.145733 1.143946 1.141840 1.139418 1.136683 1.133641 1.130294 1.126647 1.122705 1.118474 1.113958 1.109164 1.104098 1.098766 1.093175 1.087330 1.081240 1.074910 1.068348 1.061560 1.054555 1.047338 1.039918 1.032301 1.024495 1.016505 1.008341 1.000007 0.991512 0.982862 0.974064 0.965124 0.956048 0.946843 0.937515 0.928070 0.918513 0.908851 0.899088 0.889231 0.879284 0.869253 0.859141 0.848955 0.838698 0.828376 0.817991 0.807549 0.797052 0.786506 0.775913 0.765278 0.754603 0.743891 0.733146 0.722372 0.711569 0.700742 0.689893 0.679024 0.668138 0.657237 0.646323 
0.655586 0.666631 0.677666 0.688687 0.699694 0.710683 0.721653 0.732600 0.743521 0.754415 0.765278 0.776106 0.786898 0.797648 0.808354 0.819013 0.829619 0.840170 0.850661 0.861087 0.871445 0.881730 0.891937 0.902060 0.912096 0.922038 0.931880 0.941619 0.951246 0.960758 0.970147 0.979406 0.988531 0.997514 1.006348 1.015026 1.023542 1.031888 1.040057 1.048043 1.055836 1.063431 1.070819 1.077994 1.084947 1.091671 1.098160 1.104404 1.110398 1.116134 1.121605 1.126805 1.131726 1.136363 1.140708 1.144757 1.148504 1.151944 1.155071 1.157881 1.160371 1.162536 1.164374 1.165882 1.167056 1.167897 1.168401 1.168570 1.168401 1.167897 1.167056 1.165882 1.164374 1.162536 1.160371 1.157881 1.155071 1.151944 1.148504 1.144757 1.140708 1.136363 1.131726 1.126805 1.121605 1.116134 1.110398 1.104404 1.098160 1.091671 1.084947 1.077994 1.070819 1.063431 1.055836 1.048043 1.040057 1.031888 1.023542 1.015026 1.006348 0.997514 0.988531 0.979406 0.970147 0.960758 0.951246 0.941619 0.931880 0.922038 0.912096 0.902060 0.891937 0.881730 0.871445 0.861087 0.850661 0.840170 0.829619 0.819013 0.808354 0.797648 0.786898 0.776106 0.765278 0.754415 0.743521 0.732600 0.721653 0.710683 0.699694 0.688687 0.677666 0.666631 0.655586 
0.664793 0.675971 0.687140 0.698299 0.709445 0.720575 0.731689 0.742782 0.753853 0.764897 0.775913 0.786898 0.797847 0.808758 0.819626 0.830449 0.841223 0.851943 0.862605 0.873205 0.883738 0.894199 0.904585 0.914889 0.925106 0.935232 0.945259 0.955184 0.964999 0.974698 0.984275 0.993724 1.003038 1.012210 1.021234 1.030101 1.038805 1.047338 1.055694 1.063863 1.071840 1.079615 1.087181 1.094531 1.101656 1.108548 1.115201 1.121605 1.127754 1.133641 1.139257 1.144595 1.149649 1.154411 1.158876 1.163037 1.166888 1.170424 1.173640 1.176530 1.179090 1.181318 1.183208 1.184759 1.185967 1.186832 1.187351 1.187525 1.187351 1.186832 1.185967 1.184759 1.183208 1.181318 1.179090 1.176530 1.173640 1.170424 1.166888 1.163037 1.158876 1.154411 1.149649 1.144595 1.139257 1.133641 1.127754 1.121605 1.115201 1.108548 1.101656 1.094531 1.087181 1.079615 1.071840 1.063863 1.055694 1.047338 1.038805 1.030101 1.021234 1.012210 1.003038 0.993724 0.984275 0.974698 0.964999 0.955184 0.945259 0.935232 0.925106 0.914889 0.904585 0.894199 0.883738 0.873205 0.862605 0.851943 0.841223 0.830449 0.819626 0.808758 0.797847 0.786898 0.775913 0.764897 0.753853 0.742782 0.731689 0.720575 0.709445 0.698299 0.687140 0.675971 0.664793 
0.673942 0.685253 0.696558 0.707855 0.719142 0.730416 0.741675 0.752916 0.764137 0.775335 0.786506 0.797648 0.808758 0.819831 0.830865 0.841855 0.852798 0.863690 0.874527 0.885303 0.896015 0.906657 0.917225 0.927713 0.938117 0.948430 0.958647 0.968762 0.978768 0.988660 0.998431 1.008075 1.017583 1.026950 1.036168 1.045230 1.054128 1.062855 1.071402 1.079762 1.087927 1.095889 1.103640 1.111170 1.118474 1.125541 1.132364 1.138934 1.145245 1.151287 1.157054 1.162536 1.167728 1.172622 1.177212 1.181489 1.185449 1.189086 1.192393 1.195366 1.198001 1.200293 1.202239 1.203835 1.205079 1.205969 1.206504 1.206682 1.206504 1.205969 1.205079 1.203835 1.202239 1.200293 1.198001 1.195366 1.192393 1.189086 1.185449 1.181489 1.177212 1.172622 1.167728 1.162536 1.157054 1.151287 1.145245 1.138934 1.132364 1.125541 1.118474 1.111170 1.103640 1.095889 1.087927 1.079762 1.071402 1.062855 1.054128 1.045230 1.036168 1.026950 1.017583 1.008075 0.998431 0.988660 0.978768 0.968762 0.958647 0.948430 0.938117 0.927713 0.917225 0.906657 0.896015 0.885303 0.874527 0.863690 0.852798 0.841855 0.830865 0.819831 0.808758 0.797648 0.786506 0.775335 0.764137 0.752916 0.741675 0.730416 0.719142 0.707855 0.696558 0.685253 0.673942 
0.683029 0.694474 0.705917 0.717353 0.728782 0.740201 0.751607 0.762998 0.774371 0.785723 0.797052 0.808354 0.819626 0.830865 0.842066 0.853227 0.864343 0.875409 0.886423 0.897379 0.908273 0.919099 0.929853 0.940530 0.951124 0.961629 0.972039 0.982349 0.992552 1.002642 1.012612 1.022455 1.032163 1.041731 1.051149 1.060412 1.069510 1.078436 1.087181 1.095738 1.104098 1.112253 1.120194 1.127913 1.135401 1.142649 1.149649 1.156392 1.162870 1.169075 1.174998 1.180631 1.185967 1.190998 1.195717 1.200116 1.204190 1.207931 1.211335 1.214395 1.217107 1.219467 1.221470 1.223114 1.224395 1.225312 1.225862 1.226046 1.225862 1.225312 1.224395 1.223114 1.221470 1.219467 1.217107 1.214395 1.211335 1.207931 1.204190 1.200116 1.195717 1.190998 1.185967 1.180631 1.174998 1.169075 1.162870 1.156392 1.149649 1.142649 1.135401 1.127913 1.120194 1.112253 1.104098 1.095738 1.087181 1.078436 1.069510 1.060412 1.051149 1.041731 1.032163 1.022455 1.012612 1.002642 0.992552 0.982349 0.972039 0.961629 0.951124 0.940530 0.929853 0.919099 0.908273 0.897379 0.886423 0.875409 0.864343 0.853227 0.842066 0.830865 0.819626 0.808354 0.797052 0.785723 0.774371 0.762998 0.751607 0.740201 0.728782 0.717353 0.705917 0.694474 0.683029 
0.692051 0.703632 0.715212 0.726790 0.738362 0.749927 0.761482 0.773024 0.784551 0.796060 0.807549 0.819013 0.830449 0.841855 0.853227 0.864560 0.875851 0.887096 0.898290 0.909429 0.920508 0.931522 0.942467 0.953335 0.964123 0.974825 0.985433 0.995943 1.006348 1.016640 1.026814 1.036861 1.046776 1.056549 1.066174 1.075643 1.084947 1.094078 1.103029 1.111789 1.120351 1.128706 1.136844 1.144757 1.152436 1.159872 1.167056 1.173979 1.180631 1.187005 1.193091 1.198882 1.204368 1.209541 1.214395 1.218922 1.223114 1.226965 1.230469 1.233620 1.236413 1.238844 1.240907 1.242601 1.243921 1.244865 1.245433 1.245622 1.245433 1.244865 1.243921 1.242601 1.240907 1.238844 1.236413 1.233620 1.230469 1.226965 1.223114 1.218922 1.214395 1.209541 1.204368 1.198882 1.193091 1.187005 1.180631 1.173979 1.167056 1.159872 1.152436 1.144757 1.136844 1.128706 1.120351 1.111789 1.103029 1.094078 1.084947 1.075643 1.066174 1.056549 1.046776 1.036861 1.026814 1.016640 1.006348 0.995943 0.985433 0.974825 0.964123 0.953335 0.942467 0.931522 0.920508 0.909429 0.898290 0.887096 0.875851 0.864560 0.853227 0.841855 0.830449 0.819013 0.807549 0.796060 0.784551 0.773024 0.761482 0.749927 0.738362 0.726790 0.715212 0.703632 0.692051 
0.701004 0.712722 0.724442 0.736162 0.747879 0.759591 0.771296 0.782991 0.794674 0.806341 0.817991 0.829619 0.841223 0.852798 0.864343 0.875851 0.887320 0.898746 0.910124 0.921449 0.932717 0.943922 0.955060 0.966125 0.977112 0.988014 0.998825 1.009539 1.020150 1.030650 1.041033 1.051291 1.061417 1.071402 1.081240 1.090921 1.100438 1.109781 1.118942 1.127913 1.136683 1.145245 1.153588 1.161703 1.169581 1.177212 1.184586 1.191695 1.198529 1.205079 1.211335 1.217289 1.222931 1.228254 1.233249 1.237908 1.242224 1.246190 1.249799 1.253045 1.255923 1.258428 1.260555 1.262300 1.263661 1.264635 1.265220 1.265415 1.265220 1.264635 1.263661 1.262300 1.260555 1.258428 1.255923 1.253045 1.249799 1.246190 1.242224 1.237908 1.233249 1.228254 1.222931 1.217289 1.211335 1.205079 1.198529 1.191695 1.184586 1.177212 1.169581 1.161703 1.153588 1.145245 1.136683 1.127913 1.118942 1.109781 1.100438 1.090921 1.081240 1.071402 1.061417 1.051291 1.041033 1.030650 1.020150 1.009539 0.998825 0.988014 0.977112 0.966125 0.955060 0.943922 0.932717 0.921449 0.910124 0.898746 0.887320 0.875851 0.864343 0.852798 0.841223 0.829619 0.817991 0.806341 0.794674 0.782991 0.771296 0.759591 0.747879 0.736162 0.724442 0.712722 0.701004 
0.709887 0.721742 0.733603 0.745465 0.757328 0.769189 0.781045 0.792895 0.804735 0.816563 0.828376 0.840170 0.851943 0.863690 0.875409 0.887096 0.898746 0.910355 0.921920 0.933434 0.944895 0.956295 0.967631 0.978896 0.990085 1.001192 1.012210 1.023134 1.033956 1.044669 1.055266 1.065740 1.076083 1.086287 1.096343 1.106243 1.115979 1.125541 1.134920 1.144108 1.153094 1.161869 1.170424 1.178748 1.186832 1.194665 1.202239 1.209541 1.216564 1.223297 1.229730 1.235854 1.241659 1.247138 1.252280 1.257078 1.261524 1.265610 1.269329 1.272675 1.275642 1.278224 1.280417 1.282217 1.283620 1.284625 1.285228 1.285429 1.285228 1.284625 1.283620 1.282217 1.280417 1.278224 1.275642 1.272675 1.269329 1.265610 1.261524 1.257078 1.252280 1.247138 1.241659 1.235854 1.229730 1.223297 1.216564 1.209541 1.202239 1.194665 1.186832 1.178748 1.170424 1.161869 1.153094 1.144108 1.134920 1.125541 1.115979 1.106243 1.096343 1.086287 1.076083 1.065740 1.055266 1.044669 1.033956 1.023134 1.012210 1.001192 0.990085 0.978896 0.967631 0.956295 0.944895 0.933434 0.921920 0.910355 0.898746 0.887096 0.875409 0.863690 0.851943 0.840170 0.828376 0.816563 0.804735 0.792895 0.781045 0.769189 0.757328 0.745465 0.733603 0.721742 0.709887 
0.718694 0.730688 0.742690 0.754696 0.766706 0.778717 0.790726 0.802732 0.814731 0.826721 0.838698 0.850661 0.862605 0.874527 0.886423 0.898290 0.910124 0.921920 0.933674 0.945381 0.957037 0.968636 0.980173 0.991642 1.003038 1.014355 1.025585 1.036723 1.047761 1.058692 1.069510 1.080205 1.090771 1.101199 1.111480 1.121605 1.131567 1.141354 1.150959 1.160371 1.169581 1.178577 1.187351 1.195892 1.204190 1.212233 1.220013 1.227517 1.234736 1.241659 1.248277 1.254579 1.260555 1.266196 1.271492 1.276435 1.281016 1.285228 1.289062 1.292512 1.295572 1.298236 1.300498 1.302356 1.303804 1.304840 1.305463 1.305670 1.305463 1.304840 1.303804 1.302356 1.300498 1.298236 1.295572 1.292512 1.289062 1.285228 1.281016 1.276435 1.271492 1.266196 1.260555 1.254579 1.248277 1.241659 1.234736 1.227517 1.220013 1.212233 1.204190 1.195892 1.187351 1.178577 1.169581 1.160371 1.150959 1.141354 1.131567 1.121605 1.111480 1.101199 1.090771 1.080205 1.069510 1.058692 1.047761 1.036723 1.025585 1.014355 1.003038 0.991642 0.980173 0.968636 0.957037 0.945381 0.933674 0.921920 0.910124 0.898290 0.886423 0.874527 0.862605 0.850661 0.838698 0.826721 0.814731 0.802732 0.790726 0.778717 0.766706 0.754696 0.742690 0.730688 0.718694 
0.727423 0.739557 0.751700 0.763852 0.776010 0.788172 0.800335 0.812498 0.824657 0.836811 0.848955 0.861087 0.873205 0.885303 0.897379 0.909429 0.921449 0.933434 0.945381 0.957284 0.969139 0.980940 0.992683 1.004360 1.015967 1.027497 1.038944 1.050301 1.061560 1.072715 1.083758 1.094681 1.105476 1.116134 1.126647 1.137005 1.147199 1.157219 1.167056 1.176700 1.186140 1.195366 1.204368 1.213133 1.221653 1.229915 1.237908 1.245622 1.253045 1.260168 1.266978 1.273465 1.279619 1.285429 1.290887 1.295981 1.300705 1.305048 1.309003 1.312562 1.315720 1.318469 1.320804 1.322721 1.324216 1.325286 1.325929 1.326144 1.325929 1.325286 1.324216 1.322721 1.320804 1.318469 1.315720 1.312562 1.309003 1.305048 1.300705 1.295981 1.290887 1.285429 1.279619 1.273465 1.266978 1.260168 1.253045 1.245622 1.237908 1.229915 1.221653 1.213133 1.204368 1.195366 1.186140 1.176700 1.167056 1.157219 1.147199 1.137005 1.126647 1.116134 1.105476 1.094681 1.083758 1.072715 1.061560 1.050301 1.038944 1.027497 1.015967 1.004360 0.992683 0.980940 0.969139 0.957284 0.945381 0.933434 0.921449 0.909429 0.897379 0.885303 0.873205 0.861087 0.848955 0.836811 0.824657 0.812498 0.800335 0.788172 0.776010 0.763852 0.751700 0.739557 0.727423 
0.736070 0.748344 0.760630 0.772928 0.785235 0.797549 0.809868 0.822189 0.834510 0.846829 0.859141 0.871445 0.883738 0.896015 0.908273 0.920508 0.932717 0.944895 0.957037 0.969139 0.981196 0.993203 1.005154 1.017044 1.028866 1.040615 1.052283 1.063863 1.075350 1.086734 1.098008 1.109164 1.120194 1.131089 1.141840 1.152436 1.162870 1.173131 1.183208 1.193091 1.202770 1.212233 1.221470 1.230469 1.239219 1.247707 1.255923 1.263856 1.271492 1.278821 1.285832 1.292512 1.298852 1.304840 1.310466 1.315720 1.320591 1.325072 1.329154 1.332828 1.336088 1.338926 1.341338 1.343319 1.344863 1.345969 1.346633 1.346854 1.346633 1.345969 1.344863 1.343319 1.341338 1.338926 1.336088 1.332828 1.329154 1.325072 1.320591 1.315720 1.310466 1.304840 1.298852 1.292512 1.285832 1.278821 1.271492 1.263856 1.255923 1.247707 1.239219 1.230469 1.221470 1.212233 1.202770 1.193091 1.183208 1.173131 1.162870 1.152436 1.141840 1.131089 1.120194 1.109164 1.098008 1.086734 1.075350 1.063863 1.052283 1.040615 1.028866 1.017044 1.005154 0.993203 0.981196 0.969139 0.957037 0.944895 0.932717 0.920508 0.908273 0.896015 0.883738 0.871445 0.859141 0.846829 0.834510 0.822189 0.809868 0.797549 0.785235 0.772928 0.760630 0.748344 0.736070 
0.744631 0.757045 0.769476 0.781920 0.794377 0.806844 0.819319 0.831800 0.844285 0.856770 0.869253 0.881730 0.894199 0.906657 0.919099 0.931522 0.943922 0.956295 0.968636 0.980940 0.993203 1.005419 1.017583 1.029689 1.041731 1.053702 1.065596 1.077405 1.089123 1.100742 1.112253 1.123649 1.134920 1.146058 1.157054 1.167897 1.178577 1.189086 1.199410 1.209541 1.219467 1.229176 1.238657 1.247897 1.256886 1.265610 1.274058 1.282217 1.290075 1.297620 1.304840 1.311723 1.318257 1.324430 1.330232 1.335652 1.340680 1.345305 1.349519 1.353314 1.356681 1.359614 1.362106 1.364153 1.365749 1.366892 1.367579 1.367808 1.367579 1.366892 1.365749 1.364153 1.362106 1.359614 1.356681 1.353314 1.349519 1.345305 1.340680 1.335652 1.330232 1.324430 1.318257 1.311723 1.304840 1.297620 1.290075 1.282217 1.274058 1.265610 1.256886 1.247897 1.238657 1.229176 1.219467 1.209541 1.199410 1.189086 1.178577 1.167897 1.157054 1.146058 1.134920 1.123649 1.112253 1.100742 1.089123 1.077405 1.065596 1.053702 1.041731 1.029689 1.017583 1.005419 0.993203 0.980940 0.968636 0.956295 0.943922 0.931522 0.919099 0.906657 0.894199 0.881730 0.869253 0.856770 0.844285 0.831800 0.819319 0.806844 0.794377 0.781920 0.769476 0.757045 0.744631 
0.753103 0.765658 0.778233 0.790825 0.803432 0.816054 0.828686 0.841328 0.853977 0.866630 0.879284 0.891937 0.904585 0.917225 0.929853 0.942467 0.955060 0.967631 0.980173 0.992683 1.005154 1.017583 1.029964 1.042290 1.054555 1.066753 1.078878 1.090921 1.102876 1.114734 1.126489 1.138130 1.149649 1.161037 1.172284 1.183380 1.194315 1.205079 1.215659 1.226046 1.236227 1.246190 1.255923 1.265415 1.274651 1.283620 1.292309 1.300705 1.308794 1.316564 1.324003 1.331096 1.337833 1.344201 1.350187 1.355781 1.360972 1.365749 1.370103 1.374024 1.377504 1.380536 1.383112 1.385229 1.386880 1.388061 1.388772 1.389009 1.388772 1.388061 1.386880 1.385229 1.383112 1.380536 1.377504 1.374024 1.370103 1.365749 1.360972 1.355781 1.350187 1.344201 1.337833 1.331096 1.324003 1.316564 1.308794 1.300705 1.292309 1.283620 1.274651 1.265415 1.255923 1.246190 1.236227 1.226046 1.215659 1.205079 1.194315 1.183380 1.172284 1.161037 1.149649 1.138130 1.126489 1.114734 1.102876 1.090921 1.078878 1.066753 1.054555 1.042290 1.029964 1.017583 1.005154 0.992683 0.980173 0.967631 0.955060 0.942467 0.929853 0.917225 0.904585 0.891937 0.879284 0.866630 0.853977 0.841328 0.828686 0.816054 0.803432 0.790825 0.778233 0.765658 0.753103 
0.761482 0.774178 0.786898 0.799638 0.812397 0.825173 0.837964 0.850768 0.863582 0.876404 0.889231 0.902060 0.914889 0.927713 0.940530 0.953335 0.966125 0.978896 0.991642 1.004360 1.017044 1.029689 1.042290 1.054839 1.067333 1.079762 1.092122 1.104404 1.116601 1.128706 1.140708 1.152601 1.164374 1.176019 1.187525 1.198882 1.210079 1.221106 1.231950 1.242601 1.253045 1.263272 1.273267 1.283018 1.292512 1.301736 1.310675 1.319317 1.327647 1.335652 1.343319 1.350633 1.357582 1.364153 1.370333 1.376109 1.381471 1.386407 1.390907 1.394961 1.398560 1.401696 1.404361 1.406551 1.408259 1.409482 1.410217 1.410463 1.410217 1.409482 1.408259 1.406551 1.404361 1.401696 1.398560 1.394961 1.390907 1.386407 1.381471 1.376109 1.370333 1.364153 1.357582 1.350633 1.343319 1.335652 1.327647 1.319317 1.310675 1.301736 1.292512 1.283018 1.273267 1.263272 1.253045 1.242601 1.231950 1.221106 1.210079 1.198882 1.187525 1.176019 1.164374 1.152601 1.140708 1.128706 1.116601 1.104404 1.092122 1.079762 1.067333 1.054839 1.042290 1.029689 1.017044 1.004360 0.991642 0.978896 0.966125 0.953335 0.940530 0.927713 0.914889 0.902060 0.889231 0.876404 0.863582 0.850768 0.837964 0.825173 0.812397 0.799638 0.786898 0.774178 0.761482 
0.769763 0.782601 0.795466 0.808354 0.821265 0.834197 0.847147 0.860114 0.873094 0.886087 0.899088 0.912096 0.925106 0.938117 0.951124 0.964123 0.977112 0.990085 1.003038 1.015967 1.028866 1.041731 1.054555 1.067333 1.080058 1.092723 1.105323 1.117849 1.130294 1.142649 1.154906 1.167056 1.179090 1.190998 1.202770 1.214395 1.225862 1.237160 1.248277 1.259201 1.269918 1.280417 1.290684 1.300705 1.310466 1.319954 1.329154 1.338052 1.346633 1.354883 1.362788 1.370333 1.377504 1.384287 1.390670 1.396638 1.402179 1.407283 1.411936 1.416129 1.419853 1.423098 1.425858 1.428125 1.429893 1.431160 1.431921 1.432175 1.431921 1.431160 1.429893 1.428125 1.425858 1.423098 1.419853 1.416129 1.411936 1.407283 1.402179 1.396638 1.390670 1.384287 1.377504 1.370333 1.362788 1.354883 1.346633 1.338052 1.329154 1.319954 1.310466 1.300705 1.290684 1.280417 1.269918 1.259201 1.248277 1.237160 1.225862 1.214395 1.202770 1.190998 1.179090 1.167056 1.154906 1.142649 1.130294 1.117849 1.105323 1.092723 1.080058 1.067333 1.054555 1.041731 1.028866 1.015967 1.003038 0.990085 0.977112 0.964123 0.951124 0.938117 0.925106 0.912096 0.899088 0.886087 0.873094 0.860114 0.847147 0.834197 0.821265 0.808354 0.795466 0.782601 0.769763 
0.777942 0.790923 0.803933 0.816971 0.830034 0.843122 0.856232 0.869362 0.882510 0.895674 0.908851 0.922038 0.935232 0.948430 0.961629 0.974825 0.988014 1.001192 1.014355 1.027497 1.040615 1.053702 1.066753 1.079762 1.092723 1.105629 1.118474 1.131248 1.143946 1.156557 1.169075 1.181489 1.193791 1.205969 1.218014 1.229915 1.241659 1.253237 1.264635 1.275840 1.286840 1.297620 1.308168 1.318469 1.328508 1.338270 1.347742 1.356906 1.365749 1.374255 1.382409 1.390195 1.397598 1.404604 1.411199 1.417368 1.423098 1.428377 1.433192 1.437532 1.441387 1.444748 1.447606 1.449954 1.451787 1.453099 1.453888 1.454151 1.453888 1.453099 1.451787 1.449954 1.447606 1.444748 1.441387 1.437532 1.433192 1.428377 1.423098 1.417368 1.411199 1.404604 1.397598 1.390195 1.382409 1.374255 1.365749 1.356906 1.347742 1.338270 1.328508 1.318469 1.308168 1.297620 1.286840 1.275840 1.264635 1.253237 1.241659 1.229915 1.218014 1.205969 1.193791 1.181489 1.169075 1.156557 1.143946 1.131248 1.118474 1.105629 1.092723 1.079762 1.066753 1.053702 1.040615 1.027497 1.014355 1.001192 0.988014 0.974825 0.961629 0.948430 0.935232 0.922038 0.908851 0.895674 0.882510 0.869362 0.856232 0.843122 0.830034 0.816971 0.803933 0.790923 0.777942 
0.786017 0.799140 0.812295 0.825482 0.838698 0.851943 0.865213 0.878507 0.891824 0.905160 0.918513 0.931880 0.945259 0.958647 0.972039 0.985433 0.998825 1.012210 1.025585 1.038944 1.052283 1.065596 1.078878 1.092122 1.105323 1.118474 1.131567 1.144595 1.157550 1.170424 1.183208 1.195892 1.208468 1.220923 1.233249 1.245433 1.257464 1.269329 1.281016 1.292512 1.303804 1.314876 1.325715 1.336306 1.346633 1.356681 1.366435 1.375877 1.384993 1.393766 1.402179 1.410217 1.417864 1.425104 1.431921 1.438301 1.444230 1.449693 1.454678 1.459173 1.463166 1.466648 1.469610 1.472044 1.473944 1.475305 1.476123 1.476396 1.476123 1.475305 1.473944 1.472044 1.469610 1.466648 1.463166 1.459173 1.454678 1.449693 1.444230 1.438301 1.431921 1.425104 1.417864 1.410217 1.402179 1.393766 1.384993 1.375877 1.366435 1.356681 1.346633 1.336306 1.325715 1.314876 1.303804 1.292512 1.281016 1.269329 1.257464 1.245433 1.233249 1.220923 1.208468 1.195892 1.183208 1.170424 1.157550 1.144595 1.131567 1.118474 1.105323 1.092122 1.078878 1.065596 1.052283 1.038944 1.025585 1.012210 0.998825 0.985433 0.972039 0.958647 0.945259 0.931880 0.918513 0.905160 0.891824 0.878507 0.865213 0.851943 0.838698 0.825482 0.812295 0.799140 0.786017 
0.793981 0.807247 0.820548 0.833884 0.847253 0.860655 0.874086 0.887545 0.901030 0.914539 0.928070 0.941619 0.955184 0.968762 0.982349 0.995943 1.009539 1.023134 1.036723 1.050301 1.063863 1.077405 1.090921 1.104404 1.117849 1.131248 1.144595 1.157881 1.171100 1.184241 1.197297 1.210258 1.223114 1.235854 1.248467 1.260942 1.273267 1.285429 1.297415 1.309211 1.320804 1.332178 1.343319 1.354210 1.364836 1.375182 1.385229 1.394961 1.404361 1.413413 1.422098 1.430400 1.438301 1.445786 1.452837 1.459438 1.465575 1.471232 1.476396 1.481054 1.485193 1.488803 1.491875 1.494400 1.496371 1.497782 1.498631 1.498914 1.498631 1.497782 1.496371 1.494400 1.491875 1.488803 1.485193 1.481054 1.476396 1.471232 1.465575 1.459438 1.452837 1.445786 1.438301 1.430400 1.422098 1.413413 1.404361 1.394961 1.385229 1.375182 1.364836 1.354210 1.343319 1.332178 1.320804 1.309211 1.297415 1.285429 1.273267 1.260942 1.248467 1.235854 1.223114 1.210258 1.197297 1.184241 1.171100 1.157881 1.144595 1.131248 1.117849 1.104404 1.090921 1.077405 1.063863 1.050301 1.036723 1.023134 1.009539 0.995943 0.982349 0.968762 0.955184 0.941619 0.928070 0.914539 0.901030 0.887545 0.874086 0.860655 0.847253 0.833884 0.820548 0.807247 0.793981 
0.801832 0.815239 0.828686 0.842172 0.855694 0.869253 0.882845 0.896469 0.910124 0.923806 0.937515 0.951246 0.964999 0.978768 0.992552 1.006348 1.020150 1.033956 1.047761 1.061560 1.075350 1.089123 1.102876 1.116601 1.130294 1.143946 1.157550 1.171100 1.184586 1.198001 1.211335 1.224578 1.237721 1.250752 1.263661 1.276435 1.289062 1.301529 1.313823 1.325929 1.337833 1.349519 1.360972 1.372175 1.383112 1.393766 1.404119 1.414152 1.423850 1.433192 1.442161 1.450739 1.458907 1.466648 1.473944 1.480779 1.487134 1.492996 1.498348 1.503177 1.507470 1.511216 1.514404 1.517024 1.519070 1.520536 1.521417 1.521711 1.521417 1.520536 1.519070 1.517024 1.514404 1.511216 1.507470 1.503177 1.498348 1.492996 1.487134 1.480779 1.473944 1.466648 1.458907 1.450739 1.442161 1.433192 1.423850 1.414152 1.404119 1.393766 1.383112 1.372175 1.360972 1.349519 1.337833 1.325929 1.313823 1.301529 1.289062 1.276435 1.263661 1.250752 1.237721 1.224578 1.211335 1.198001 1.184586 1.171100 1.157550 1.143946 1.130294 1.116601 1.102876 1.089123 1.075350 1.061560 1.047761 1.033956 1.020150 1.006348 0.992552 0.978768 0.964999 0.951246 0.937515 0.923806 0.910124 0.896469 0.882845 0.869253 0.855694 0.842172 0.828686 0.815239 0.801832 
0.809565 0.823114 0.836706 0.850341 0.864016 0.877732 0.891485 0.905275 0.919099 0.932956 0.946843 0.960758 0.974698 0.988660 1.002642 1.016640 1.030650 1.044669 1.058692 1.072715 1.086734 1.100742 1.114734 1.128706 1.142649 1.156557 1.170424 1.184241 1.198001 1.211694 1.225312 1.238844 1.252280 1.265610 1.278821 1.291902 1.304840 1.317621 1.330232 1.342658 1.354883 1.366892 1.378668 1.390195 1.401454 1.412428 1.423098 1.433446 1.443453 1.453099 1.462365 1.471232 1.479680 1.487690 1.495244 1.502322 1.508908 1.514985 1.520536 1.525546 1.530002 1.533890 1.537200 1.539921 1.542047 1.543569 1.544485 1.544790 1.544485 1.543569 1.542047 1.539921 1.537200 1.533890 1.530002 1.525546 1.520536 1.514985 1.508908 1.502322 1.495244 1.487690 1.479680 1.471232 1.462365 1.453099 1.443453 1.433446 1.423098 1.412428 1.401454 1.390195 1.378668 1.366892 1.354883 1.342658 1.330232 1.317621 1.304840 1.291902 1.278821 1.265610 1.252280 1.238844 1.225312 1.211694 1.198001 1.184241 1.170424 1.156557 1.142649 1.128706 1.114734 1.100742 1.086734 1.072715 1.058692 1.044669 1.030650 1.016640 1.002642 0.988660 0.974698 0.960758 0.946843 0.932956 0.919099 0.905275 0.891485 0.877732 0.864016 0.850341 0.836706 0.823114 0.809565 
0.817175 0.830865 0.844602 0.858386 0.872215 0.886087 0.900001 0.913957 0.927951 0.941982 0.956048 0.970147 0.984275 0.998431 1.012612 1.026814 1.041033 1.055266 1.069510 1.083758 1.098008 1.112253 1.126489 1.140708 1.154906 1.169075 1.183208 1.197297 1.211335 1.225312 1.239219 1.253045 1.266782 1.280417 1.293939 1.307334 1.320591 1.333696 1.346633 1.359388 1.371945 1.384287 1.396398 1.408259 1.419853 1.431160 1.442161 1.452837 1.463166 1.473129 1.482706 1.491875 1.500616 1.508908 1.516732 1.524068 1.530897 1.537200 1.542960 1.548161 1.552788 1.556827 1.560266 1.563095 1.565304 1.566887 1.567839 1.568157 1.567839 1.566887 1.565304 1.563095 1.560266 1.556827 1.552788 1.548161 1.542960 1.537200 1.530897 1.524068 1.516732 1.508908 1.500616 1.491875 1.482706 1.473129 1.463166 1.452837 1.442161 1.431160 1.419853 1.408259 1.396398 1.384287 1.371945 1.359388 1.346633 1.333696 1.320591 1.307334 1.293939 1.280417 1.266782 1.253045 1.239219 1.225312 1.211335 1.197297 1.183208 1.169075 1.154906 1.140708 1.126489 1.112253 1.098008 1.083758 1.069510 1.055266 1.041033 1.026814 1.012612 0.998431 0.984275 0.970147 0.956048 0.941982 0.927951 0.913957 0.900001 0.886087 0.872215 0.858386 0.844602 0.830865 0.817175 
0.824657 0.838488 0.852370 0.866303 0.880284 0.894313 0.908388 0.922509 0.936673 0.950878 0.965124 0.979406 0.993724 1.008075 1.022455 1.036861 1.051291 1.065740 1.080205 1.094681 1.109164 1.123649 1.138130 1.152601 1.167056 1.181489 1.195892 1.210258 1.224578 1.238844 1.253045 1.267173 1.281216 1.295163 1.309003 1.322721 1.336306 1.349742 1.363015 1.376109 1.389009 1.401696 1.414152 1.426361 1.438301 1.449954 1.461299 1.472316 1.482982 1.493276 1.503177 1.512663 1.521711 1.530300 1.538408 1.546014 1.553098 1.559639 1.565620 1.571023 1.575831 1.580030 1.583606 1.586548 1.588846 1.590493 1.591483 1.591814 1.591483 1.590493 1.588846 1.586548 1.583606 1.580030 1.575831 1.571023 1.565620 1.559639 1.553098 1.546014 1.538408 1.530300 1.521711 1.512663 1.503177 1.493276 1.482982 1.472316 1.461299 1.449954 1.438301 1.426361 1.414152 1.401696 1.389009 1.376109 1.363015 1.349742 1.336306 1.322721 1.309003 1.295163 1.281216 1.267173 1.253045 1.238844 1.224578 1.210258 1.195892 1.181489 1.167056 1.152601 1.138130 1.123649 1.109164 1.094681 1.080205 1.065740 1.051291 1.036861 1.022455 1.008075 0.993724 0.979406 0.965124 0.950878 0.936673 0.922509 0.908388 0.894313 0.880284 0.866303 0.852370 0.838488 0.824657 
0.832009 0.845980 0.860006 0.874086 0.888219 0.902404 0.916640 0.930926 0.945259 0.959639 0.974064 0.988531 1.003038 1.017583 1.032163 1.046776 1.061417 1.076083 1.090771 1.105476 1.120194 1.134920 1.149649 1.164374 1.179090 1.193791 1.208468 1.223114 1.237721 1.252280 1.266782 1.281216 1.295572 1.309838 1.324003 1.338052 1.351972 1.365749 1.379368 1.392812 1.406064 1.419106 1.431921 1.444489 1.456789 1.468801 1.480504 1.491875 1.502892 1.513533 1.523773 1.533590 1.542960 1.551860 1.560266 1.568157 1.575509 1.582303 1.588517 1.594133 1.599132 1.603499 1.607220 1.610282 1.612674 1.614389 1.615420 1.615764 1.615420 1.614389 1.612674 1.610282 1.607220 1.603499 1.599132 1.594133 1.588517 1.582303 1.575509 1.568157 1.560266 1.551860 1.542960 1.533590 1.523773 1.513533 1.502892 1.491875 1.480504 1.468801 1.456789 1.444489 1.431921 1.419106 1.406064 1.392812 1.379368 1.365749 1.351972 1.338052 1.324003 1.309838 1.295572 1.281216 1.266782 1.252280 1.237721 1.223114 1.208468 1.193791 1.179090 1.164374 1.149649 1.134920 1.120194 1.105476 1.090771 1.076083 1.061417 1.046776 1.032163 1.017583 1.003038 0.988531 0.974064 0.959639 0.945259 0.930926 0.916640 0.902404 0.888219 0.874086 0.860006 0.845980 0.832009 
0.839224 0.853334 0.867503 0.881730 0.896015 0.910355 0.924752 0.939202 0.953705 0.968259 0.982862 0.997514 1.012210 1.026950 1.041731 1.056549 1.071402 1.086287 1.101199 1.116134 1.131089 1.146058 1.161037 1.176019 1.190998 1.205969 1.220923 1.235854 1.250752 1.265610 1.280417 1.295163 1.309838 1.324430 1.338926 1.353314 1.367579 1.381706 1.395679 1.409482 1.423098 1.436508 1.449693 1.462632 1.475305 1.487690 1.499764 1.511505 1.522888 1.533890 1.544485 1.554649 1.564356 1.573583 1.582303 1.590493 1.598129 1.605188 1.611648 1.617488 1.622690 1.627236 1.631110 1.634299 1.636791 1.638578 1.639652 1.640011 1.639652 1.638578 1.636791 1.634299 1.631110 1.627236 1.622690 1.617488 1.611648 1.605188 1.598129 1.590493 1.582303 1.573583 1.564356 1.554649 1.544485 1.533890 1.522888 1.511505 1.499764 1.487690 1.475305 1.462632 1.449693 1.436508 1.423098 1.409482 1.395679 1.381706 1.367579 1.353314 1.338926 1.324430 1.309838 1.295163 1.280417 1.265610 1.250752 1.235854 1.220923 1.205969 1.190998 1.176019 1.161037 1.146058 1.131089 1.116134 1.101199 1.086287 1.071402 1.056549 1.041731 1.026950 1.012210 0.997514 0.982862 0.968259 0.953705 0.939202 0.924752 0.910355 0.896015 0.881730 0.867503 0.853334 0.839224 
0.846298 0.860546 0.874858 0.889231 0.903666 0.918161 0.932717 0.947331 0.962002 0.976730 0.991512 1.006348 1.021234 1.036168 1.051149 1.066174 1.081240 1.096343 1.111480 1.126647 1.141840 1.157054 1.172284 1.187525 1.202770 1.218014 1.233249 1.248467 1.263661 1.278821 1.293939 1.309003 1.324003 1.338926 1.353762 1.368495 1.383112 1.397598 1.411936 1.426109 1.440100 1.453888 1.467455 1.480779 1.493838 1.506609 1.519070 1.531195 1.542960 1.554338 1.565304 1.575831 1.585893 1.595462 1.604512 1.613017 1.620951 1.628290 1.635010 1.641088 1.646504 1.651239 1.655276 1.658600 1.661198 1.663061 1.664181 1.664555 1.664181 1.663061 1.661198 1.658600 1.655276 1.651239 1.646504 1.641088 1.635010 1.628290 1.620951 1.613017 1.604512 1.595462 1.585893 1.575831 1.565304 1.554338 1.542960 1.531195 1.519070 1.506609 1.493838 1.480779 1.467455 1.453888 1.440100 1.426109 1.411936 1.397598 1.383112 1.368495 1.353762 1.338926 1.324003 1.309003 1.293939 1.278821 1.263661 1.248467 1.233249 1.218014 1.202770 1.187525 1.172284 1.157054 1.141840 1.126647 1.111480 1.096343 1.081240 1.066174 1.051149 1.036168 1.021234 1.006348 0.991512 0.976730 0.962002 0.947331 0.932717 0.918161 0.903666 0.889231 0.874858 0.860546 0.846298 
