121 121
1.914256e+01 0 5
0.554422 0.565246 0.576037 0.586793 0.597511 0.608186 0.618817 0.629400 0.639930 0.650403 0.660817 0.671167 0.681448 0.691657 0.701788 0.711836 0.721798 0.731668 0.741441 0.751111 0.760673 0.770122 0.779451 0.788655 0.797727 0.806662 0.815452 0.824093 0.832576 0.840896 0.849045 0.857017 0.864806 0.872403 0.879802 0.886996 0.893979 0.900742 0.907279 0.913584 0.919649 0.925467 0.931033 0.936339 0.941380 0.946148 0.950640 0.954847 0.958767 0.962392 0.965719 0.968743 0.971461 0.973867 0.975960 0.977735 0.979191 0.980326 0.981138 0.981625 0.981788 0.981625 0.981138 0.980326 0.979191 0.977735 0.975960 0.973867 0.971461 0.968743 0.965719 0.962392 0.958767 0.954847 0.950640 0.946148 0.941380 0.936339 0.931033 0.925467 0.919649 0.913584 0.907279 0.900742 0.893979 0.886996 0.879802 0.872403 0.864806 0.857017 0.849045 0.840896 0.832576 0.824093 0.815452 0.806662 0.797727 0.788655 0.779451 0.770122 0.760673 0.751111 0.741441 0.731668 0.721798 0.711836 0.701788 0.691657 0.681448 0.671167 0.660817 0.650403 0.639930 0.629400 0.618817 0.608186 0.597511 0.586793 0.576037 0.565246 0.554422 
0.564879 0.575851 0.586793 0.597702 0.608574 0.619407 0.630197 0.640940 0.651633 0.662272 0.672853 0.683372 0.693824 0.704205 0.714510 0.724734 0.734873 0.744922 0.754874 0.764725 0.774469 0.784100 0.793612 0.802999 0.812255 0.821373 0.830348 0.839171 0.847837 0.856338 0.864668 0.872820 0.880785 0.888558 0.896130 0.903495 0.910644 0.917572 0.924270 0.930731 0.936948 0.942914 0.948623 0.954066 0.959238 0.964133 0.968743 0.973064 0.977089 0.980813 0.984231 0.987338 0.990131 0.992604 0.994755 0.996580 0.998077 0.999243 1.000078 1.000579 1.000746 1.000579 1.000078 0.999243 0.998077 0.996580 0.994755 0.992604 0.990131 0.987338 0.984231 0.980813 0.977089 0.973064 0.968743 0.964133 0.959238 0.954066 0.948623 0.942914 0.936948 0.930731 0.924270 0.917572 0.910644 0.903495 0.896130 0.888558 0.880785 0.872820 0.864668 0.856338 0.847837 0.839171 0.830348 0.821373 0.812255 0.802999 0.793612 0.784100 0.774469 0.764725 0.754874 0.744922 0.734873 0.724734 0.714510 0.704205 0.693824 0.683372 0.672853 0.662272 0.651633 0.640940 0.630197 0.619407 0.608574 0.597702 0.586793 0.575851 0.564879 
0.575294 0.586416 0.597511 0.608574 0.619603 0.630596 0.641547 0.652454 0.663313 0.674120 0.684871 0.695562 0.706188 0.716745 0.727227 0.737631 0.747951 0.758182 0.768318 0.778354 0.788284 0.798102 0.807802 0.817378 0.826822 0.836130 0.845293 0.854305 0.863159 0.871848 0.880364 0.888700 0.896849 0.904802 0.912553 0.920094 0.927418 0.934515 0.941380 0.948003 0.954379 0.960498 0.966355 0.971941 0.977250 0.982276 0.987011 0.991448 0.995584 0.999410 1.002923 1.006117 1.008988 1.011531 1.013742 1.015619 1.017159 1.018359 1.019218 1.019733 1.019905 1.019733 1.019218 1.018359 1.017159 1.015619 1.013742 1.011531 1.008988 1.006117 1.002923 0.999410 0.995584 0.991448 0.987011 0.982276 0.977250 0.971941 0.966355 0.960498 0.954379 0.948003 0.941380 0.934515 0.927418 0.920094 0.912553 0.904802 0.896849 0.888700 0.880364 0.871848 0.863159 0.854305 0.845293 0.836130 0.826822 0.817378 0.807802 0.798102 0.788284 0.778354 0.768318 0.758182 0.747951 0.737631 0.727227 0.716745 0.706188 0.695562 0.684871 0.674120 0.663313 0.652454 0.641547 0.630596 0.619603 0.608574 0.597511 0.586416 0.575294 
0.585664 0.596938 0.608186 0.619407 0.630596 0.641749 0.652865 0.663938 0.674966 0.685944 0.696868 0.707734 0.718538 0.729274 0.739938 0.750525 0.761030 0.771447 0.781772 0.791997 0.802118 0.812127 0.822020 0.831789 0.841427 0.850929 0.860286 0.869492 0.878540 0.887422 0.896130 0.904657 0.912995 0.921136 0.929072 0.936796 0.944298 0.951572 0.958609 0.965402 0.971941 0.978220 0.984231 0.989966 0.995418 1.000579 1.005443 1.010004 1.014254 1.018188 1.021799 1.025084 1.028036 1.030652 1.032927 1.034859 1.036443 1.037678 1.038561 1.039092 1.039268 1.039092 1.038561 1.037678 1.036443 1.034859 1.032927 1.030652 1.028036 1.025084 1.021799 1.018188 1.014254 1.010004 1.005443 1.000579 0.995418 0.989966 0.984231 0.978220 0.971941 0.965402 0.958609 0.951572 0.944298 0.936796 0.929072 0.921136 0.912995 0.904657 0.896130 0.887422 0.878540 0.869492 0.860286 0.850929 0.841427 0.831789 0.822020 0.812127 0.802118 0.791997 0.781772 0.771447 0.761030 0.750525 0.739938 0.729274 0.718538 0.707734 0.696868 0.685944 0.674966 0.663938 0.652865 0.641749 0.630596 0.619407 0.608186 0.596938 0.585664 
0.595984 0.607412 0.618817 0.630197 0.641547 0.652865 0.664147 0.675389 0.686589 0.697740 0.708841 0.719885 0.730869 0.741788 0.752637 0.763412 0.774105 0.784713 0.795230 0.805649 0.815965 0.826172 0.836262 0.846229 0.856067 0.865768 0.875325 0.884731 0.893979 0.903059 0.911965 0.920689 0.929223 0.937558 0.945685 0.953598 0.961287 0.968743 0.975960 0.982927 0.989637 0.996082 1.002253 1.008142 1.013742 1.019046 1.024045 1.028733 1.033103 1.037148 1.040863 1.044242 1.047280 1.049972 1.052314 1.054302 1.055932 1.057204 1.058113 1.058659 1.058842 1.058659 1.058113 1.057204 1.055932 1.054302 1.052314 1.049972 1.047280 1.044242 1.040863 1.037148 1.033103 1.028733 1.024045 1.019046 1.013742 1.008142 1.002253 0.996082 0.989637 0.982927 0.975960 0.968743 0.961287 0.953598 0.945685 0.937558 0.929223 0.920689 0.911965 0.903059 0.893979 0.884731 0.875325 0.865768 0.856067 0.846229 0.836262 0.826172 0.815965 0.805649 0.795230 0.784713 0.774105 0.763412 0.752637 0.741788 0.730869 0.719885 0.708841 0.697740 0.686589 0.675389 0.664147 0.652865 0.641547 0.630197 0.618817 0.607412 0.595984 
0.606252 0.617836 0.629400 0.640940 0.652454 0.663938 0.675389 0.686804 0.698177 0.709505 0.720785 0.732011 0.743179 0.754285 0.765322 0.776287 0.787174 0.797977 0.808691 0.819308 0.829824 0.840232 0.850525 0.860696 0.870738 0.880645 0.890407 0.900019 0.909472 0.918758 0.927868 0.936796 0.945531 0.954066 0.962392 0.970500 0.978382 0.986028 0.993430 1.000579 1.007466 1.014083 1.020421 1.026472 1.032226 1.037678 1.042817 1.047638 1.052133 1.056295 1.060118 1.063596 1.066723 1.069495 1.071906 1.073953 1.075633 1.076942 1.077879 1.078442 1.078629 1.078442 1.077879 1.076942 1.075633 1.073953 1.071906 1.069495 1.066723 1.063596 1.060118 1.056295 1.052133 1.047638 1.042817 1.037678 1.032226 1.026472 1.020421 1.014083 1.007466 1.000579 0.993430 0.986028 0.978382 0.970500 0.962392 0.954066 0.945531 0.936796 0.927868 0.918758 0.909472 0.900019 0.890407 0.880645 0.870738 0.860696 0.850525 0.840232 0.829824 0.819308 0.808691 0.797977 0.787174 0.776287 0.765322 0.754285 0.743179 0.732011 0.720785 0.709505 0.698177 0.686804 0.675389 0.663938 0.652454 0.640940 0.629400 0.617836 0.606252 
0.616464 0.628205 0.639930 0.651633 0.663313 0.674966 0.686589 0.698177 0.709727 0.721235 0.732697 0.744108 0.755464 0.766759 0.777989 0.789149 0.800233 0.811235 0.822149 0.832970 0.843691 0.854305 0.864806 0.875186 0.885438 0.895556 0.905530 0.915353 0.925018 0.934515 0.943837 0.952974 0.961918 0.970660 0.979191 0.987502 0.995584 1.003426 1.011021 1.018359 1.025430 1.032226 1.038738 1.044956 1.050872 1.056477 1.061763 1.066723 1.071349 1.075633 1.079569 1.083150 1.086370 1.089225 1.091709 1.093818 1.095549 1.096898 1.097863 1.098443 1.098637 1.098443 1.097863 1.096898 1.095549 1.093818 1.091709 1.089225 1.086370 1.083150 1.079569 1.075633 1.071349 1.066723 1.061763 1.056477 1.050872 1.044956 1.038738 1.032226 1.025430 1.018359 1.011021 1.003426 0.995584 0.987502 0.979191 0.970660 0.961918 0.952974 0.943837 0.934515 0.925018 0.915353 0.905530 0.895556 0.885438 0.875186 0.864806 0.854305 0.843691 0.832970 0.822149 0.811235 0.800233 0.789149 0.777989 0.766759 0.755464 0.744108 0.732697 0.721235 0.709727 0.698177 0.686589 0.674966 0.663313 0.651633 0.639930 0.628205 0.616464 
0.626616 0.638517 0.650403 0.662272 0.674120 0.685944 0.697740 0.709505 0.721235 0.732926 0.744573 0.756172 0.767718 0.779207 0.790633 0.801992 0.813277 0.824482 0.835602 0.846631 0.857561 0.868387 0.879101 0.889695 0.900164 0.910498 0.920689 0.930731 0.940614 0.950329 0.959868 0.969222 0.978382 0.987338 0.996082 1.004602 1.012891 1.020938 1.028733 1.036267 1.043529 1.050512 1.057204 1.063596 1.069680 1.075446 1.080886 1.085990 1.090752 1.095164 1.099217 1.102907 1.106225 1.109167 1.111727 1.113901 1.115685 1.117076 1.118072 1.118670 1.118869 1.118670 1.118072 1.117076 1.115685 1.113901 1.111727 1.109167 1.106225 1.102907 1.099217 1.095164 1.090752 1.085990 1.080886 1.075446 1.069680 1.063596 1.057204 1.050512 1.043529 1.036267 1.028733 1.020938 1.012891 1.004602 0.996082 0.987338 0.978382 0.969222 0.959868 0.950329 0.940614 0.930731 0.920689 0.910498 0.900164 0.889695 0.879101 0.868387 0.857561 0.846631 0.835602 0.824482 0.813277 0.801992 0.790633 0.779207 0.767718 0.756172 0.744573 0.732926 0.721235 0.709505 0.697740 0.685944 0.674120 0.662272 0.650403 0.638517 0.626616 
0.636705 0.648767 0.660817 0.672853 0.684871 0.696868 0.708841 0.720785 0.732697 0.744573 0.756408 0.768198 0.779939 0.791625 0.803251 0.814812 0.826302 0.837715 0.849045 0.860286 0.871431 0.882474 0.893406 0.904221 0.914911 0.925467 0.935883 0.946148 0.956256 0.966196 0.975960 0.985538 0.994920 1.004098 1.013061 1.021799 1.030303 1.038561 1.046564 1.054302 1.061763 1.068939 1.075820 1.082394 1.088653 1.094587 1.100186 1.105443 1.110347 1.114892 1.119069 1.122871 1.126292 1.129325 1.131965 1.134207 1.136047 1.137482 1.138509 1.139126 1.139332 1.139126 1.138509 1.137482 1.136047 1.134207 1.131965 1.129325 1.126292 1.122871 1.119069 1.114892 1.110347 1.105443 1.100186 1.094587 1.088653 1.082394 1.075820 1.068939 1.061763 1.054302 1.046564 1.038561 1.030303 1.021799 1.013061 1.004098 0.994920 0.985538 0.975960 0.966196 0.956256 0.946148 0.935883 0.925467 0.914911 0.904221 0.893406 0.882474 0.871431 0.860286 0.849045 0.837715 0.826302 0.814812 0.803251 0.791625 0.779939 0.768198 0.756408 0.744573 0.732697 0.720785 0.708841 0.696868 0.684871 0.672853 0.660817 0.648767 0.636705 
0.646726 0.658951 0.671167 0.683372 0.695562 0.707734 0.719885 0.732011 0.744108 0.756172 0.768198 0.780183 0.792121 0.804007 0.815837 0.827604 0.839304 0.850929 0.862474 0.873932 0.885297 0.896561 0.907717 0.918758 0.929675 0.940460 0.951106 0.961602 0.971941 0.982113 0.992108 1.001918 1.011531 1.020938 1.030128 1.039092 1.047818 1.056295 1.064514 1.072464 1.080133 1.087511 1.094587 1.101351 1.107792 1.113901 1.119668 1.125082 1.130136 1.134820 1.139126 1.143047 1.146575 1.149704 1.152427 1.154741 1.156640 1.158121 1.159181 1.159818 1.160030 1.159818 1.159181 1.158121 1.156640 1.154741 1.152427 1.149704 1.146575 1.143047 1.139126 1.134820 1.130136 1.125082 1.119668 1.113901 1.107792 1.101351 1.094587 1.087511 1.080133 1.072464 1.064514 1.056295 1.047818 1.039092 1.030128 1.020938 1.011531 1.001918 0.992108 0.982113 0.971941 0.961602 0.951106 0.940460 0.929675 0.918758 0.907717 0.896561 0.885297 0.873932 0.862474 0.850929 0.839304 0.827604 0.815837 0.804007 0.792121 0.780183 0.768198 0.756172 0.744108 0.732011 0.719885 0.707734 0.695562 0.683372 0.671167 0.658951 0.646726 
0.656676 0.669064 0.681448 0.693824 0.706188 0.718538 0.730869 0.743179 0.755464 0.767718 0.779939 0.792121 0.804260 0.816350 0.828387 0.840365 0.852277 0.864119 0.875883 0.887564 0.899153 0.910644 0.922030 0.933302 0.944452 0.955473 0.966355 0.977089 0.987666 0.998077 1.008311 1.018359 1.028210 1.037854 1.047280 1.056477 1.065434 1.074140 1.082583 1.090752 1.098637 1.106225 1.113505 1.120467 1.127099 1.133391 1.139332 1.144912 1.150122 1.154952 1.159393 1.163438 1.167078 1.170307 1.173119 1.175508 1.177469 1.178998 1.180093 1.180750 1.180970 1.180750 1.180093 1.178998 1.177469 1.175508 1.173119 1.170307 1.167078 1.163438 1.159393 1.154952 1.150122 1.144912 1.139332 1.133391 1.127099 1.120467 1.113505 1.106225 1.098637 1.090752 1.082583 1.074140 1.065434 1.056477 1.047280 1.037854 1.028210 1.018359 1.008311 0.998077 0.987666 0.977089 0.966355 0.955473 0.944452 0.933302 0.922030 0.910644 0.899153 0.887564 0.875883 0.864119 0.852277 0.840365 0.828387 0.816350 0.804260 0.792121 0.779939 0.767718 0.755464 0.743179 0.730869 0.718538 0.706188 0.693824 0.681448 0.669064 0.656676 
0.666549 0.679104 0.691657 0.704205 0.716745 0.729274 0.741788 0.754285 0.766759 0.779207 0.791625 0.804007 0.816350 0.828648 0.840896 0.853088 0.865218 0.877280 0.889269 0.901176 0.912995 0.924718 0.936339 0.947848 0.959238 0.970500 0.981625 0.992604 1.003426 1.014083 1.024564 1.034859 1.044956 1.054845 1.064514 1.073953 1.083150 1.092092 1.100768 1.109167 1.117275 1.125082 1.132576 1.139744 1.146575 1.153058 1.159181 1.164934 1.170307 1.175290 1.179873 1.184048 1.187807 1.191141 1.194045 1.196512 1.198538 1.200118 1.201249 1.201929 1.202155 1.201929 1.201249 1.200118 1.198538 1.196512 1.194045 1.191141 1.187807 1.184048 1.179873 1.175290 1.170307 1.164934 1.159181 1.153058 1.146575 1.139744 1.132576 1.125082 1.117275 1.109167 1.100768 1.092092 1.083150 1.073953 1.064514 1.054845 1.044956 1.034859 1.024564 1.014083 1.003426 0.992604 0.981625 0.970500 0.959238 0.947848 0.936339 0.924718 0.912995 0.901176 0.889269 0.877280 0.865218 0.853088 0.840896 0.828648 0.816350 0.804007 0.791625 0.779207 0.766759 0.754285 0.741788 0.729274 0.716745 0.704205 0.691657 0.679104 0.666549 
0.676343 0.689064 0.701788 0.714510 0.727227 0.739938 0.752637 0.765322 0.777989 0.790633 0.803251 0.815837 0.828387 0.840896 0.853358 0.865768 0.878120 0.890407 0.902624 0.914763 0.926817 0.938778 0.950640 0.962392 0.974028 0.985538 0.996912 1.008142 1.019218 1.030128 1.040863 1.051412 1.061763 1.071906 1.081828 1.091517 1.100962 1.110150 1.119069 1.127705 1.136047 1.144082 1.151798 1.159181 1.166220 1.172902 1.179217 1.185151 1.190696 1.195839 1.200570 1.204882 1.208764 1.212209 1.215210 1.217760 1.219854 1.221487 1.222657 1.223359 1.223594 1.223359 1.222657 1.221487 1.219854 1.217760 1.215210 1.212209 1.208764 1.204882 1.200570 1.195839 1.190696 1.185151 1.179217 1.172902 1.166220 1.159181 1.151798 1.144082 1.136047 1.127705 1.119069 1.110150 1.100962 1.091517 1.081828 1.071906 1.061763 1.051412 1.040863 1.030128 1.019218 1.008142 0.996912 0.985538 0.974028 0.962392 0.950640 0.938778 0.926817 0.914763 0.902624 0.890407 0.878120 0.865768 0.853358 0.840896 0.828387 0.815837 0.803251 0.790633 0.777989 0.765322 0.752637 0.739938 0.727227 0.714510 0.701788 0.689064 0.676343 
0.686051 0.698941 0.711836 0.724734 0.737631 0.750525 0.763412 0.776287 0.789149 0.801992 0.814812 0.827604 0.840365 0.853088 0.865768 0.878400 0.890978 0.903495 0.915944 0.928320 0.940614 0.952818 0.964926 0.976928 0.988815 1.000579 1.012210 1.023699 1.035034 1.046206 1.057204 1.068015 1.078629 1.089034 1.099217 1.109167 1.118869 1.128312 1.137482 1.146367 1.154952 1.163224 1.171171 1.178779 1.186035 1.192927 1.199441 1.205565 1.211289 1.216600 1.221487 1.225942 1.229954 1.233516 1.236618 1.239255 1.241421 1.243111 1.244320 1.245047 1.245290 1.245047 1.244320 1.243111 1.241421 1.239255 1.236618 1.233516 1.229954 1.225942 1.221487 1.216600 1.211289 1.205565 1.199441 1.192927 1.186035 1.178779 1.171171 1.163224 1.154952 1.146367 1.137482 1.128312 1.118869 1.109167 1.099217 1.089034 1.078629 1.068015 1.057204 1.046206 1.035034 1.023699 1.012210 1.000579 0.988815 0.976928 0.964926 0.952818 0.940614 0.928320 0.915944 0.903495 0.890978 0.878400 0.865768 0.853088 0.840365 0.827604 0.814812 0.801992 0.789149 0.776287 0.763412 0.750525 0.737631 0.724734 0.711836 0.698941 0.686051 
0.695671 0.708730 0.721798 0.734873 0.747951 0.761030 0.774105 0.787174 0.800233 0.813277 0.826302 0.839304 0.852277 0.865218 0.878120 0.890978 0.903785 0.916536 0.929223 0.941840 0.954379 0.966832 0.979191 0.991448 1.003594 1.015619 1.027514 1.039268 1.050872 1.062313 1.073580 1.084663 1.095549 1.106225 1.116679 1.126897 1.136867 1.146575 1.156007 1.165149 1.173987 1.182507 1.190696 1.198538 1.206021 1.213131 1.219854 1.226177 1.232089 1.237576 1.242628 1.247233 1.251382 1.255065 1.258275 1.261004 1.263245 1.264994 1.266246 1.266998 1.267249 1.266998 1.266246 1.264994 1.263245 1.261004 1.258275 1.255065 1.251382 1.247233 1.242628 1.237576 1.232089 1.226177 1.219854 1.213131 1.206021 1.198538 1.190696 1.182507 1.173987 1.165149 1.156007 1.146575 1.136867 1.126897 1.116679 1.106225 1.095549 1.084663 1.073580 1.062313 1.050872 1.039268 1.027514 1.015619 1.003594 0.991448 0.979191 0.966832 0.954379 0.941840 0.929223 0.916536 0.903785 0.890978 0.878120 0.865218 0.852277 0.839304 0.826302 0.813277 0.800233 0.787174 0.774105 0.761030 0.747951 0.734873 0.721798 0.708730 0.695671 
0.705196 0.718425 0.731668 0.744922 0.758182 0.771447 0.784713 0.797977 0.811235 0.824482 0.837715 0.850929 0.864119 0.877280 0.890407 0.903495 0.916536 0.929524 0.942454 0.955317 0.968106 0.980813 0.993430 1.005949 1.018359 1.030652 1.042817 1.054845 1.066723 1.078442 1.089988 1.101351 1.112517 1.123473 1.134207 1.144705 1.154952 1.164934 1.174638 1.184048 1.193150 1.201929 1.210369 1.218457 1.226177 1.233516 1.240458 1.246990 1.253098 1.258770 1.263994 1.268757 1.273050 1.276862 1.280185 1.283010 1.285331 1.287142 1.288438 1.289218 1.289478 1.289218 1.288438 1.287142 1.285331 1.283010 1.280185 1.276862 1.273050 1.268757 1.263994 1.258770 1.253098 1.246990 1.240458 1.233516 1.226177 1.218457 1.210369 1.201929 1.193150 1.184048 1.174638 1.164934 1.154952 1.144705 1.134207 1.123473 1.112517 1.101351 1.089988 1.078442 1.066723 1.054845 1.042817 1.030652 1.018359 1.005949 0.993430 0.980813 0.968106 0.955317 0.942454 0.929524 0.916536 0.903495 0.890407 0.877280 0.864119 0.850929 0.837715 0.824482 0.811235 0.797977 0.784713 0.771447 0.758182 0.744922 0.731668 0.718425 0.705196 
0.714621 0.728023 0.741441 0.754874 0.768318 0.781772 0.795230 0.808691 0.822149 0.835602 0.849045 0.862474 0.875883 0.889269 0.902624 0.915944 0.929223 0.942454 0.955629 0.968743 0.981788 0.994755 1.007635 1.020421 1.033103 1.045670 1.058113 1.070421 1.082583 1.094587 1.106421 1.118072 1.129527 1.140774 1.151798 1.162584 1.173119 1.183387 1.193374 1.203063 1.212439 1.221487 1.230191 1.238535 1.246503 1.254081 1.261252 1.268003 1.274318 1.280185 1.285589 1.290519 1.294963 1.298910 1.302352 1.305278 1.307683 1.309560 1.310904 1.311712 1.311981 1.311712 1.310904 1.309560 1.307683 1.305278 1.302352 1.298910 1.294963 1.290519 1.285589 1.280185 1.274318 1.268003 1.261252 1.254081 1.246503 1.238535 1.230191 1.221487 1.212439 1.203063 1.193374 1.183387 1.173119 1.162584 1.151798 1.140774 1.129527 1.118072 1.106421 1.094587 1.082583 1.070421 1.058113 1.045670 1.033103 1.020421 1.007635 0.994755 0.981788 0.968743 0.955629 0.942454 0.929223 0.915944 0.902624 0.889269 0.875883 0.862474 0.849045 0.835602 0.822149 0.808691 0.795230 0.781772 0.768318 0.754874 0.741441 0.728023 0.714621 
0.723943 0.737516 0.751111 0.764725 0.778354 0.791997 0.805649 0.819308 0.832970 0.846631 0.860286 0.873932 0.887564 0.901176 0.914763 0.928320 0.941840 0.955317 0.968743 0.982113 0.995418 1.008649 1.021799 1.034859 1.047818 1.060666 1.073394 1.085990 1.098443 1.110741 1.122871 1.134820 1.146575 1.158121 1.169445 1.180531 1.191364 1.201929 1.212209 1.222189 1.231851 1.241180 1.250159 1.258770 1.266998 1.274826 1.282238 1.289218 1.295750 1.301821 1.307415 1.312520 1.317124 1.321214 1.324780 1.327814 1.330307 1.332253 1.333647 1.334485 1.334764 1.334485 1.333647 1.332253 1.330307 1.327814 1.324780 1.321214 1.317124 1.312520 1.307415 1.301821 1.295750 1.289218 1.282238 1.274826 1.266998 1.258770 1.250159 1.241180 1.231851 1.222189 1.212209 1.201929 1.191364 1.180531 1.169445 1.158121 1.146575 1.134820 1.122871 1.110741 1.098443 1.085990 1.073394 1.060666 1.047818 1.034859 1.021799 1.008649 0.995418 0.982113 0.968743 0.955317 0.941840 0.928320 0.914763 0.901176 0.887564 0.873932 0.860286 0.846631 0.832970 0.819308 0.805649 0.791997 0.778354 0.764725 0.751111 0.737516 0.723943 
0.733155 0.746901 0.760673 0.774469 0.788284 0.802118 0.815965 0.829824 0.843691 0.857561 0.871431 0.885297 0.899153 0.912995 0.926817 0.940614 0.954379 0.968106 0.981788 0.995418 1.008988 1.022489 1.035914 1.049253 1.062496 1.075633 1.088653 1.101545 1.114297 1.126897 1.139332 1.151588 1.163651 1.175508 1.187142 1.198538 1.209681 1.220553 1.231139 1.241421 1.251382 1.261004 1.270269 1.279160 1.287660 1.295750 1.303414 1.310635 1.317395 1.323681 1.329475 1.334764 1.339536 1.343776 1.347475 1.350621 1.353208 1.355227 1.356674 1.357543 1.357833 1.357543 1.356674 1.355227 1.353208 1.350621 1.347475 1.343776 1.339536 1.334764 1.329475 1.323681 1.317395 1.310635 1.303414 1.295750 1.287660 1.279160 1.270269 1.261004 1.251382 1.241421 1.231139 1.220553 1.209681 1.198538 1.187142 1.175508 1.163651 1.151588 1.139332 1.126897 1.114297 1.101545 1.088653 1.075633 1.062496 1.049253 1.035914 1.022489 1.008988 0.995418 0.981788 0.968106 0.954379 0.940614 0.926817 0.912995 0.899153 0.885297 0.871431 0.857561 0.843691 0.829824 0.815965 0.802118 0.788284 0.774469 0.760673 0.746901 0.733155 
0.742252 0.756172 0.770122 0.784100 0.798102 0.812127 0.826172 0.840232 0.854305 0.868387 0.882474 0.896561 0.910644 0.924718 0.938778 0.952818 0.966832 0.980813 0.994755 1.008649 1.022489 1.036267 1.049972 1.063596 1.077129 1.090561 1.103881 1.117076 1.130136 1.143047 1.155795 1.168368 1.180750 1.192927 1.204882 1.216600 1.228063 1.239255 1.250159 1.260755 1.271026 1.280954 1.290519 1.299703 1.308487 1.316852 1.324780 1.332253 1.339254 1.345765 1.351770 1.357253 1.362201 1.366600 1.370438 1.373705 1.376390 1.378487 1.379989 1.380892 1.381193 1.380892 1.379989 1.378487 1.376390 1.373705 1.370438 1.366600 1.362201 1.357253 1.351770 1.345765 1.339254 1.332253 1.324780 1.316852 1.308487 1.299703 1.290519 1.280954 1.271026 1.260755 1.250159 1.239255 1.228063 1.216600 1.204882 1.192927 1.180750 1.168368 1.155795 1.143047 1.130136 1.117076 1.103881 1.090561 1.077129 1.063596 1.049972 1.036267 1.022489 1.008649 0.994755 0.980813 0.966832 0.952818 0.938778 0.924718 0.910644 0.896561 0.882474 0.868387 0.854305 0.840232 0.826172 0.812127 0.798102 0.784100 0.770122 0.756172 0.742252 
0.751228 0.765322 0.779451 0.793612 0.807802 0.822020 0.836262 0.850525 0.864806 0.879101 0.893406 0.907717 0.922030 0.936339 0.950640 0.964926 0.979191 0.993430 1.007635 1.021799 1.035914 1.049972 1.063963 1.077879 1.091709 1.105443 1.119069 1.132576 1.145951 1.159181 1.172253 1.185151 1.197862 1.210369 1.222657 1.234707 1.246503 1.258027 1.269261 1.280185 1.290779 1.301026 1.310904 1.320394 1.329475 1.338128 1.346334 1.354073 1.361325 1.368074 1.374300 1.379989 1.385123 1.389690 1.393675 1.397067 1.399857 1.402036 1.403597 1.404535 1.404848 1.404535 1.403597 1.402036 1.399857 1.397067 1.393675 1.389690 1.385123 1.379989 1.374300 1.368074 1.361325 1.354073 1.346334 1.338128 1.329475 1.320394 1.310904 1.301026 1.290779 1.280185 1.269261 1.258027 1.246503 1.234707 1.222657 1.210369 1.197862 1.185151 1.172253 1.159181 1.145951 1.132576 1.119069 1.105443 1.091709 1.077879 1.063963 1.049972 1.035914 1.021799 1.007635 0.993430 0.979191 0.964926 0.950640 0.936339 0.922030 0.907717 0.893406 0.879101 0.864806 0.850525 0.836262 0.822020 0.807802 0.793612 0.779451 0.765322 0.751228 
0.760079 0.774348 0.788655 0.802999 0.817378 0.831789 0.846229 0.860696 0.875186 0.889695 0.904221 0.918758 0.933302 0.947848 0.962392 0.976928 0.991448 1.005949 1.020421 1.034859 1.049253 1.063596 1.077879 1.092092 1.106225 1.120267 1.134207 1.148033 1.161732 1.175290 1.188694 1.201929 1.214979 1.227827 1.240458 1.252853 1.264994 1.276862 1.288438 1.299703 1.310635 1.321214 1.331419 1.341228 1.350621 1.359577 1.368074 1.376091 1.383609 1.390607 1.397067 1.402972 1.408303 1.413047 1.417187 1.420713 1.423613 1.425879 1.427502 1.428478 1.428803 1.428478 1.427502 1.425879 1.423613 1.420713 1.417187 1.413047 1.408303 1.402972 1.397067 1.390607 1.383609 1.376091 1.368074 1.359577 1.350621 1.341228 1.331419 1.321214 1.310635 1.299703 1.288438 1.276862 1.264994 1.252853 1.240458 1.227827 1.214979 1.201929 1.188694 1.175290 1.161732 1.148033 1.134207 1.120267 1.106225 1.092092 1.077879 1.063596 1.049253 1.034859 1.020421 1.005949 0.991448 0.976928 0.962392 0.947848 0.933302 0.918758 0.904221 0.889695 0.875186 0.860696 0.846229 0.831789 0.817378 0.802999 0.788655 0.774348 0.760079 
0.768799 0.783241 0.797727 0.812255 0.826822 0.841427 0.856067 0.870738 0.885438 0.900164 0.914911 0.929675 0.944452 0.959238 0.974028 0.988815 1.003594 1.018359 1.033103 1.047818 1.062496 1.077129 1.091709 1.106225 1.120667 1.135024 1.149285 1.163438 1.177469 1.191364 1.205110 1.218690 1.232089 1.245290 1.258275 1.271026 1.283525 1.295750 1.307683 1.319302 1.330585 1.341511 1.352057 1.362201 1.371921 1.381193 1.389995 1.398306 1.406102 1.413364 1.420071 1.426203 1.431742 1.436673 1.440978 1.444645 1.447662 1.450019 1.451708 1.452724 1.453063 1.452724 1.451708 1.450019 1.447662 1.444645 1.440978 1.436673 1.431742 1.426203 1.420071 1.413364 1.406102 1.398306 1.389995 1.381193 1.371921 1.362201 1.352057 1.341511 1.330585 1.319302 1.307683 1.295750 1.283525 1.271026 1.258275 1.245290 1.232089 1.218690 1.205110 1.191364 1.177469 1.163438 1.149285 1.135024 1.120667 1.106225 1.091709 1.077129 1.062496 1.047818 1.033103 1.018359 1.003594 0.988815 0.974028 0.959238 0.944452 0.929675 0.914911 0.900164 0.885438 0.870738 0.856067 0.841427 0.826822 0.812255 0.797727 0.783241 0.768799 
0.777381 0.791997 0.806662 0.821373 0.836130 0.850929 0.865768 0.880645 0.895556 0.910498 0.925467 0.940460 0.955473 0.970500 0.985538 1.000579 1.015619 1.030652 1.045670 1.060666 1.075633 1.090561 1.105443 1.120267 1.135024 1.149704 1.164293 1.178779 1.193150 1.207391 1.221487 1.235423 1.249182 1.262746 1.276098 1.289218 1.302086 1.314682 1.326985 1.338972 1.350621 1.361909 1.372812 1.383306 1.393368 1.402972 1.412095 1.420713 1.428803 1.436343 1.443309 1.449682 1.455441 1.460569 1.465048 1.468865 1.472006 1.474460 1.476219 1.477277 1.477630 1.477277 1.476219 1.474460 1.472006 1.468865 1.465048 1.460569 1.455441 1.449682 1.443309 1.436343 1.428803 1.420713 1.412095 1.402972 1.393368 1.383306 1.372812 1.361909 1.350621 1.338972 1.326985 1.314682 1.302086 1.289218 1.276098 1.262746 1.249182 1.235423 1.221487 1.207391 1.193150 1.178779 1.164293 1.149704 1.135024 1.120267 1.105443 1.090561 1.075633 1.060666 1.045670 1.030652 1.015619 1.000579 0.985538 0.970500 0.955473 0.940460 0.925467 0.910498 0.895556 0.880645 0.865768 0.850929 0.836130 0.821373 0.806662 0.791997 0.777381 
0.785820 0.800609 0.815452 0.830348 0.845293 0.860286 0.875325 0.890407 0.905530 0.920689 0.935883 0.951106 0.966355 0.981625 0.996912 1.012210 1.027514 1.042817 1.058113 1.073394 1.088653 1.103881 1.119069 1.134207 1.149285 1.164293 1.179217 1.194045 1.208764 1.223359 1.237816 1.252117 1.266246 1.280185 1.293914 1.307415 1.320667 1.333647 1.346334 1.358705 1.370735 1.382400 1.393675 1.404535 1.414954 1.424907 1.434367 1.443309 1.451708 1.459540 1.466780 1.473407 1.479398 1.484735 1.489399 1.493374 1.496646 1.499203 1.501037 1.502139 1.502507 1.502139 1.501037 1.499203 1.496646 1.493374 1.489399 1.484735 1.479398 1.473407 1.466780 1.459540 1.451708 1.443309 1.434367 1.424907 1.414954 1.404535 1.393675 1.382400 1.370735 1.358705 1.346334 1.333647 1.320667 1.307415 1.293914 1.280185 1.266246 1.252117 1.237816 1.223359 1.208764 1.194045 1.179217 1.164293 1.149285 1.134207 1.119069 1.103881 1.088653 1.073394 1.058113 1.042817 1.027514 1.012210 0.996912 0.981625 0.966355 0.951106 0.935883 0.920689 0.905530 0.890407 0.875325 0.860286 0.845293 0.830348 0.815452 0.800609 0.785820 
0.794109 0.809072 0.824093 0.839171 0.854305 0.869492 0.884731 0.900019 0.915353 0.930731 0.946148 0.961602 0.977089 0.992604 1.008142 1.023699 1.039268 1.054845 1.070421 1.085990 1.101545 1.117076 1.132576 1.148033 1.163438 1.178779 1.194045 1.209222 1.224297 1.239255 1.254081 1.268757 1.283267 1.297592 1.311712 1.325606 1.339254 1.352632 1.365718 1.378487 1.390913 1.402972 1.414636 1.425879 1.436673 1.446990 1.456804 1.466087 1.474811 1.482951 1.490481 1.497376 1.503613 1.509171 1.514030 1.518173 1.521584 1.524251 1.526163 1.527314 1.527698 1.527314 1.526163 1.524251 1.521584 1.518173 1.514030 1.509171 1.503613 1.497376 1.490481 1.482951 1.474811 1.466087 1.456804 1.446990 1.436673 1.425879 1.414636 1.402972 1.390913 1.378487 1.365718 1.352632 1.339254 1.325606 1.311712 1.297592 1.283267 1.268757 1.254081 1.239255 1.224297 1.209222 1.194045 1.178779 1.163438 1.148033 1.132576 1.117076 1.101545 1.085990 1.070421 1.054845 1.039268 1.023699 1.008142 0.992604 0.977089 0.961602 0.946148 0.930731 0.915353 0.900019 0.884731 0.869492 0.854305 0.839171 0.824093 0.809072 0.794109 
0.802243 0.817378 0.832576 0.847837 0.863159 0.878540 0.893979 0.909472 0.925018 0.940614 0.956256 0.971941 0.987666 1.003426 1.019218 1.035034 1.050872 1.066723 1.082583 1.098443 1.114297 1.130136 1.145951 1.161732 1.177469 1.193150 1.208764 1.224297 1.239736 1.255065 1.270269 1.285331 1.300232 1.314953 1.329475 1.343776 1.357833 1.371624 1.385123 1.398306 1.411145 1.423613 1.435683 1.447326 1.458512 1.469213 1.479398 1.489039 1.498106 1.506571 1.514406 1.521584 1.528082 1.533874 1.538941 1.543262 1.546821 1.549604 1.551599 1.552800 1.553201 1.552800 1.551599 1.549604 1.546821 1.543262 1.538941 1.533874 1.528082 1.521584 1.514406 1.506571 1.498106 1.489039 1.479398 1.469213 1.458512 1.447326 1.435683 1.423613 1.411145 1.398306 1.385123 1.371624 1.357833 1.343776 1.329475 1.314953 1.300232 1.285331 1.270269 1.255065 1.239736 1.224297 1.208764 1.193150 1.177469 1.161732 1.145951 1.130136 1.114297 1.098443 1.082583 1.066723 1.050872 1.035034 1.019218 1.003426 0.987666 0.971941 0.956256 0.940614 0.925018 0.909472 0.893979 0.878540 0.863159 0.847837 0.832576 0.817378 0.802243 
0.810216 0.825521 0.840896 0.856338 0.871848 0.887422 0.903059 0.918758 0.934515 0.950329 0.966196 0.982113 0.998077 1.014083 1.030128 1.046206 1.062313 1.078442 1.094587 1.110741 1.126897 1.143047 1.159181 1.175290 1.191364 1.207391 1.223359 1.239255 1.255065 1.270774 1.286365 1.301821 1.317124 1.332253 1.347189 1.361909 1.376390 1.390607 1.404535 1.418147 1.431415 1.444311 1.456804 1.468865 1.480462 1.491564 1.502139 1.512157 1.521584 1.530392 1.538549 1.546028 1.552800 1.558841 1.564127 1.568637 1.572353 1.575259 1.577344 1.578599 1.579018 1.578599 1.577344 1.575259 1.572353 1.568637 1.564127 1.558841 1.552800 1.546028 1.538549 1.530392 1.521584 1.512157 1.502139 1.491564 1.480462 1.468865 1.456804 1.444311 1.431415 1.418147 1.404535 1.390607 1.376390 1.361909 1.347189 1.332253 1.317124 1.301821 1.286365 1.270774 1.255065 1.239255 1.223359 1.207391 1.191364 1.175290 1.159181 1.143047 1.126897 1.110741 1.094587 1.078442 1.062313 1.046206 1.030128 1.014083 0.998077 0.982113 0.966196 0.950329 0.934515 0.918758 0.903059 0.887422 0.871848 0.856338 0.840896 0.825521 0.810216 
0.818021 0.833496 0.849045 0.864668 0.880364 0.896130 0.911965 0.927868 0.943837 0.959868 0.975960 0.992108 1.008311 1.024564 1.040863 1.057204 1.073580 1.089988 1.106421 1.122871 1.139332 1.155795 1.172253 1.188694 1.205110 1.221487 1.237816 1.254081 1.270269 1.286365 1.302352 1.318212 1.333926 1.349475 1.364837 1.379989 1.394906 1.409565 1.423936 1.437994 1.451708 1.465048 1.477983 1.490481 1.502507 1.514030 1.525015 1.535428 1.545236 1.554405 1.562903 1.570699 1.577762 1.584066 1.589585 1.594296 1.598179 1.601216 1.603396 1.604708 1.605146 1.604708 1.603396 1.601216 1.598179 1.594296 1.589585 1.584066 1.577762 1.570699 1.562903 1.554405 1.545236 1.535428 1.525015 1.514030 1.502507 1.490481 1.477983 1.465048 1.451708 1.437994 1.423936 1.409565 1.394906 1.379989 1.364837 1.349475 1.333926 1.318212 1.302352 1.286365 1.270269 1.254081 1.237816 1.221487 1.205110 1.188694 1.172253 1.155795 1.139332 1.122871 1.106421 1.089988 1.073580 1.057204 1.040863 1.024564 1.008311 0.992108 0.975960 0.959868 0.943837 0.927868 0.911965 0.896130 0.880364 0.864668 0.849045 0.833496 0.818021 
0.825651 0.841294 0.857017 0.872820 0.888700 0.904657 0.920689 0.936796 0.952974 0.969222 0.985538 1.001918 1.018359 1.034859 1.051412 1.068015 1.084663 1.101351 1.118072 1.134820 1.151588 1.168368 1.185151 1.201929 1.218690 1.235423 1.252117 1.268757 1.285331 1.301821 1.318212 1.334485 1.350621 1.366600 1.382400 1.397996 1.413364 1.428478 1.443309 1.457828 1.472006 1.485808 1.499203 1.512157 1.524633 1.536597 1.548012 1.558841 1.569049 1.578599 1.587456 1.595587 1.602959 1.609542 1.615308 1.620232 1.624292 1.627470 1.629750 1.631123 1.631581 1.631123 1.629750 1.627470 1.624292 1.620232 1.615308 1.609542 1.602959 1.595587 1.587456 1.578599 1.569049 1.558841 1.548012 1.536597 1.524633 1.512157 1.499203 1.485808 1.472006 1.457828 1.443309 1.428478 1.413364 1.397996 1.382400 1.366600 1.350621 1.334485 1.318212 1.301821 1.285331 1.268757 1.252117 1.235423 1.218690 1.201929 1.185151 1.168368 1.151588 1.134820 1.118072 1.101351 1.084663 1.068015 1.051412 1.034859 1.018359 1.001918 0.985538 0.969222 0.952974 0.936796 0.920689 0.904657 0.888700 0.872820 0.857017 0.841294 0.825651 
0.833101 0.848911 0.864806 0.880785 0.896849 0.912995 0.929223 0.945531 0.961918 0.978382 0.994920 1.011531 1.028210 1.044956 1.061763 1.078629 1.095549 1.112517 1.129527 1.146575 1.163651 1.180750 1.197862 1.214979 1.232089 1.249182 1.266246 1.283267 1.300232 1.317124 1.333926 1.350621 1.367189 1.383609 1.399857 1.415910 1.431742 1.447326 1.462632 1.477630 1.492287 1.506571 1.520445 1.533874 1.546821 1.559246 1.571112 1.582379 1.593007 1.602959 1.612197 1.620682 1.628381 1.635260 1.641288 1.646439 1.650687 1.654013 1.656401 1.657838 1.658318 1.657838 1.656401 1.654013 1.650687 1.646439 1.641288 1.635260 1.628381 1.620682 1.612197 1.602959 1.593007 1.582379 1.571112 1.559246 1.546821 1.533874 1.520445 1.506571 1.492287 1.477630 1.462632 1.447326 1.431742 1.415910 1.399857 1.383609 1.367189 1.350621 1.333926 1.317124 1.300232 1.283267 1.266246 1.249182 1.232089 1.214979 1.197862 1.180750 1.163651 1.146575 1.129527 1.112517 1.095549 1.078629 1.061763 1.044956 1.028210 1.011531 0.994920 0.978382 0.961918 0.945531 0.929223 0.912995 0.896849 0.880785 0.864806 0.848911 0.833101 
0.840365 0.856338 0.872403 0.888558 0.904802 0.921136 0.937558 0.954066 0.970660 0.987338 1.004098 1.020938 1.037854 1.054845 1.071906 1.089034 1.106225 1.123473 1.140774 1.158121 1.175508 1.192927 1.210369 1.227827 1.245290 1.262746 1.280185 1.297592 1.314953 1.332253 1.349475 1.366600 1.383609 1.400479 1.417187 1.433710 1.450019 1.466087 1.481883 1.497376 1.512531 1.527314 1.541687 1.555612 1.569049 1.581957 1.594296 1.606022 1.617094 1.627470 1.637108 1.645969 1.654013 1.661206 1.667513 1.672904 1.677353 1.680837 1.683339 1.684845 1.685348 1.684845 1.683339 1.680837 1.677353 1.672904 1.667513 1.661206 1.654013 1.645969 1.637108 1.627470 1.617094 1.606022 1.594296 1.581957 1.569049 1.555612 1.541687 1.527314 1.512531 1.497376 1.481883 1.466087 1.450019 1.433710 1.417187 1.400479 1.383609 1.366600 1.349475 1.332253 1.314953 1.297592 1.280185 1.262746 1.245290 1.227827 1.210369 1.192927 1.175508 1.158121 1.140774 1.123473 1.106225 1.089034 1.071906 1.054845 1.037854 1.020938 1.004098 0.987338 0.970660 0.954066 0.937558 0.921136 0.904802 0.888558 0.872403 0.856338 0.840365 
0.847435 0.863570 0.879802 0.896130 0.912553 0.929072 0.945685 0.962392 0.979191 0.996082 1.013061 1.030128 1.047280 1.064514 1.081828 1.099217 1.116679 1.134207 1.151798 1.169445 1.187142 1.204882 1.222657 1.240458 1.258275 1.276098 1.293914 1.311712 1.329475 1.347189 1.364837 1.382400 1.399857 1.417187 1.434367 1.451370 1.468169 1.484735 1.501037 1.517040 1.532711 1.548012 1.562903 1.577344 1.591294 1.604708 1.617541 1.629750 1.641288 1.652110 1.662172 1.671429 1.679839 1.687365 1.693967 1.699614 1.704276 1.707929 1.710552 1.712132 1.712660 1.712132 1.710552 1.707929 1.704276 1.699614 1.693967 1.687365 1.679839 1.671429 1.662172 1.652110 1.641288 1.629750 1.617541 1.604708 1.591294 1.577344 1.562903 1.548012 1.532711 1.517040 1.501037 1.484735 1.468169 1.451370 1.434367 1.417187 1.399857 1.382400 1.364837 1.347189 1.329475 1.311712 1.293914 1.276098 1.258275 1.240458 1.222657 1.204882 1.187142 1.169445 1.151798 1.134207 1.116679 1.099217 1.081828 1.064514 1.047280 1.030128 1.013061 0.996082 0.979191 0.962392 0.945685 0.929072 0.912553 0.896130 0.879802 0.863570 0.847435 
0.854305 0.870600 0.886996 0.903495 0.920094 0.936796 0.953598 0.970500 0.987502 1.004602 1.021799 1.039092 1.056477 1.073953 1.091517 1.109167 1.126897 1.144705 1.162584 1.180531 1.198538 1.216600 1.234707 1.252853 1.271026 1.289218 1.307415 1.325606 1.343776 1.361909 1.379989 1.397996 1.415910 1.433710 1.451370 1.468865 1.486166 1.503244 1.520066 1.536597 1.552800 1.568637 1.584066 1.599045 1.613528 1.627470 1.640822 1.653537 1.665565 1.676857 1.687365 1.697041 1.705839 1.713717 1.720633 1.726552 1.731441 1.735273 1.738026 1.739684 1.740238 1.739684 1.738026 1.735273 1.731441 1.726552 1.720633 1.713717 1.705839 1.697041 1.687365 1.676857 1.665565 1.653537 1.640822 1.627470 1.613528 1.599045 1.584066 1.568637 1.552800 1.536597 1.520066 1.503244 1.486166 1.468865 1.451370 1.433710 1.415910 1.397996 1.379989 1.361909 1.343776 1.325606 1.307415 1.289218 1.271026 1.252853 1.234707 1.216600 1.198538 1.180531 1.162584 1.144705 1.126897 1.109167 1.091517 1.073953 1.056477 1.039092 1.021799 1.004602 0.987502 0.970500 0.953598 0.936796 0.920094 0.903495 0.886996 0.870600 0.854305 
0.860969 0.877420 0.893979 0.910644 0.927418 0.944298 0.961287 0.978382 0.995584 1.012891 1.030303 1.047818 1.065434 1.083150 1.100962 1.118869 1.136867 1.154952 1.173119 1.191364 1.209681 1.228063 1.246503 1.264994 1.283525 1.302086 1.320667 1.339254 1.357833 1.376390 1.394906 1.413364 1.431742 1.450019 1.468169 1.486166 1.503982 1.521584 1.538941 1.556014 1.572767 1.589159 1.605146 1.620682 1.635721 1.650214 1.664108 1.677353 1.689895 1.701682 1.712660 1.722778 1.731987 1.740238 1.747488 1.753695 1.758826 1.762848 1.765739 1.767481 1.768063 1.767481 1.765739 1.762848 1.758826 1.753695 1.747488 1.740238 1.731987 1.722778 1.712660 1.701682 1.689895 1.677353 1.664108 1.650214 1.635721 1.620682 1.605146 1.589159 1.572767 1.556014 1.538941 1.521584 1.503982 1.486166 1.468169 1.450019 1.431742 1.413364 1.394906 1.376390 1.357833 1.339254 1.320667 1.302086 1.283525 1.264994 1.246503 1.228063 1.209681 1.191364 1.173119 1.154952 1.136867 1.118869 1.100962 1.083150 1.065434 1.047818 1.030303 1.012891 0.995584 0.978382 0.961287 0.944298 0.927418 0.910644 0.893979 0.877420 0.860969 
0.867421 0.884025 0.900742 0.917572 0.934515 0.951572 0.968743 0.986028 1.003426 1.020938 1.038561 1.056295 1.074140 1.092092 1.110150 1.128312 1.146575 1.164934 1.183387 1.201929 1.220553 1.239255 1.258027 1.276862 1.295750 1.314682 1.333647 1.352632 1.371624 1.390607 1.409565 1.428478 1.447326 1.466087 1.484735 1.503244 1.521584 1.539724 1.557628 1.575259 1.592579 1.609542 1.626106 1.642221 1.657838 1.672904 1.687365 1.701164 1.714246 1.726552 1.738026 1.748611 1.758253 1.766900 1.774503 1.781017 1.786404 1.790630 1.793668 1.795499 1.796110 1.795499 1.793668 1.790630 1.786404 1.781017 1.774503 1.766900 1.758253 1.748611 1.738026 1.726552 1.714246 1.701164 1.687365 1.672904 1.657838 1.642221 1.626106 1.609542 1.592579 1.575259 1.557628 1.539724 1.521584 1.503244 1.484735 1.466087 1.447326 1.428478 1.409565 1.390607 1.371624 1.352632 1.333647 1.314682 1.295750 1.276862 1.258027 1.239255 1.220553 1.201929 1.183387 1.164934 1.146575 1.128312 1.110150 1.092092 1.074140 1.056295 1.038561 1.020938 1.003426 0.986028 0.968743 0.951572 0.934515 0.917572 0.900742 0.884025 0.867421 
