101 101
9.375620e+00 0 5
0.476022 0.488384 0.500700 0.512964 0.525171 0.537315 0.549390 0.561391 0.573310 0.585141 0.596877 0.608510 0.620034 0.631439 0.642718 0.653863 0.664864 0.675713 0.686400 0.696915 0.707249 0.717392 0.727334 0.737063 0.746569 0.755842 0.764870 0.773642 0.782147 0.790374 0.798311 0.805948 0.813273 0.820276 0.826945 0.833270 0.839242 0.844849 0.850083 0.854934 0.859395 0.863456 0.867110 0.870351 0.873173 0.875570 0.877538 0.879072 0.880170 0.880830 0.881050 0.880830 0.880170 0.879072 0.877538 0.875570 0.873173 0.870351 0.867110 0.863456 0.859395 0.854934 0.850083 0.844849 0.839242 0.833270 0.826945 0.820276 0.813273 0.805948 0.798311 0.790374 0.782147 0.773642 0.764870 0.755842 0.746569 0.737063 0.727334 0.717392 0.707249 0.696915 0.686400 0.675713 0.664864 0.653863 0.642718 0.631439 0.620034 0.608510 0.596877 0.585141 0.573310 0.561391 0.549390 0.537315 0.525171 0.512964 0.500700 0.488384 0.476022 
0.488132 0.500700 0.513224 0.525700 0.538123 0.550485 0.562783 0.575008 0.587156 0.599218 0.611188 0.623057 0.634820 0.646466 0.657988 0.669378 0.680625 0.691721 0.702656 0.713421 0.724004 0.734396 0.744585 0.754562 0.764314 0.773830 0.783098 0.792108 0.800847 0.809304 0.817466 0.825322 0.832860 0.840069 0.846938 0.853454 0.859608 0.865388 0.870785 0.875789 0.880390 0.884581 0.888353 0.891699 0.894613 0.897088 0.899120 0.900705 0.901839 0.902521 0.902748 0.902521 0.901839 0.900705 0.899120 0.897088 0.894613 0.891699 0.888353 0.884581 0.880390 0.875789 0.870785 0.865388 0.859608 0.853454 0.846938 0.840069 0.832860 0.825322 0.817466 0.809304 0.800847 0.792108 0.783098 0.773830 0.764314 0.754562 0.744585 0.734396 0.724004 0.713421 0.702656 0.691721 0.680625 0.669378 0.657988 0.646466 0.634820 0.623057 0.611188 0.599218 0.587156 0.575008 0.562783 0.550485 0.538123 0.525700 0.513224 0.500700 0.488132 
0.500188 0.512964 0.525700 0.538392 0.551034 0.563619 0.576143 0.588598 0.600979 0.613277 0.625486 0.637597 0.649604 0.661498 0.673269 0.684910 0.696411 0.707762 0.718953 0.729974 0.740814 0.751463 0.761909 0.772141 0.782147 0.791915 0.801434 0.810690 0.819673 0.828368 0.836764 0.844849 0.852610 0.860034 0.867110 0.873826 0.880170 0.886132 0.891699 0.896863 0.901612 0.905939 0.909834 0.913290 0.916300 0.918858 0.920958 0.922596 0.923768 0.924473 0.924708 0.924473 0.923768 0.922596 0.920958 0.918858 0.916300 0.913290 0.909834 0.905939 0.901612 0.896863 0.891699 0.886132 0.880170 0.873826 0.867110 0.860034 0.852610 0.844849 0.836764 0.828368 0.819673 0.810690 0.801434 0.791915 0.782147 0.772141 0.761909 0.751463 0.740814 0.729974 0.718953 0.707762 0.696411 0.684910 0.673269 0.661498 0.649604 0.637597 0.625486 0.613277 0.600979 0.588598 0.576143 0.563619 0.551034 0.538392 0.525700 0.512964 0.500188 
0.512183 0.525171 0.538123 0.551034 0.563899 0.576711 0.589465 0.602155 0.614773 0.627312 0.639765 0.652125 0.664382 0.676529 0.688557 0.700456 0.712217 0.723829 0.735284 0.746569 0.757675 0.768589 0.779300 0.789796 0.800066 0.810096 0.819873 0.829386 0.838621 0.847566 0.856206 0.864528 0.872521 0.880170 0.887464 0.894388 0.900932 0.907082 0.912829 0.918159 0.923065 0.927534 0.931559 0.935131 0.938242 0.940886 0.943057 0.944751 0.945963 0.946692 0.946935 0.946692 0.945963 0.944751 0.943057 0.940886 0.938242 0.935131 0.931559 0.927534 0.923065 0.918159 0.912829 0.907082 0.900932 0.894388 0.887464 0.880170 0.872521 0.864528 0.856206 0.847566 0.838621 0.829386 0.819873 0.810096 0.800066 0.789796 0.779300 0.768589 0.757675 0.746569 0.735284 0.723829 0.712217 0.700456 0.688557 0.676529 0.664382 0.652125 0.639765 0.627312 0.614773 0.602155 0.589465 0.576711 0.563899 0.551034 0.538123 0.525171 0.512183 
0.524113 0.537315 0.550485 0.563619 0.576711 0.589755 0.602744 0.615672 0.628532 0.641318 0.654021 0.666634 0.679148 0.691554 0.703844 0.716008 0.728037 0.739919 0.751645 0.763203 0.774581 0.785770 0.796755 0.807525 0.818067 0.828368 0.838415 0.848194 0.857692 0.866895 0.875789 0.884360 0.892594 0.900478 0.907998 0.915141 0.921893 0.928243 0.934176 0.939683 0.944751 0.949370 0.953531 0.957224 0.960442 0.963177 0.965424 0.967176 0.968431 0.969185 0.969436 0.969185 0.968431 0.967176 0.965424 0.963177 0.960442 0.957224 0.953531 0.949370 0.944751 0.939683 0.934176 0.928243 0.921893 0.915141 0.907998 0.900478 0.892594 0.884360 0.875789 0.866895 0.857692 0.848194 0.838415 0.828368 0.818067 0.807525 0.796755 0.785770 0.774581 0.763203 0.751645 0.739919 0.728037 0.716008 0.703844 0.691554 0.679148 0.666634 0.654021 0.641318 0.628532 0.615672 0.602744 0.589755 0.576711 0.563619 0.550485 0.537315 0.524113 
0.535970 0.549390 0.562783 0.576143 0.589465 0.602744 0.615972 0.629143 0.642251 0.655288 0.668247 0.681118 0.693895 0.706567 0.719126 0.731562 0.743865 0.756025 0.768030 0.779868 0.791529 0.803000 0.814269 0.825322 0.836146 0.846729 0.857055 0.867110 0.876881 0.886353 0.895512 0.904342 0.912829 0.920958 0.928715 0.936086 0.943057 0.949614 0.955745 0.961435 0.966675 0.971452 0.975756 0.979577 0.982907 0.985737 0.988063 0.989877 0.991176 0.991957 0.992217 0.991957 0.991176 0.989877 0.988063 0.985737 0.982907 0.979577 0.975756 0.971452 0.966675 0.961435 0.955745 0.949614 0.943057 0.936086 0.928715 0.920958 0.912829 0.904342 0.895512 0.886353 0.876881 0.867110 0.857055 0.846729 0.836146 0.825322 0.814269 0.803000 0.791529 0.779868 0.768030 0.756025 0.743865 0.731562 0.719126 0.706567 0.693895 0.681118 0.668247 0.655288 0.642251 0.629143 0.615972 0.602744 0.589465 0.576143 0.562783 0.549390 0.535970 
0.547750 0.561391 0.575008 0.588598 0.602155 0.615672 0.629143 0.642563 0.655923 0.669216 0.682435 0.695571 0.708616 0.721561 0.734396 0.747111 0.759696 0.772141 0.784433 0.796561 0.808513 0.820276 0.831837 0.843183 0.854300 0.865173 0.875789 0.886132 0.896187 0.905939 0.915373 0.924473 0.933223 0.941609 0.949614 0.957224 0.964424 0.971199 0.977536 0.983420 0.988840 0.993782 0.998237 1.002192 1.005640 1.008572 1.010981 1.012860 1.014206 1.015015 1.015285 1.015015 1.014206 1.012860 1.010981 1.008572 1.005640 1.002192 0.998237 0.993782 0.988840 0.983420 0.977536 0.971199 0.964424 0.957224 0.949614 0.941609 0.933223 0.924473 0.915373 0.905939 0.896187 0.886132 0.875789 0.865173 0.854300 0.843183 0.831837 0.820276 0.808513 0.796561 0.784433 0.772141 0.759696 0.747111 0.734396 0.721561 0.708616 0.695571 0.682435 0.669216 0.655923 0.642563 0.629143 0.615672 0.602155 0.588598 0.575008 0.561391 0.547750 
0.559446 0.573310 0.587156 0.600979 0.614773 0.628532 0.642251 0.655923 0.669539 0.683094 0.696579 0.709986 0.723305 0.736529 0.749646 0.762648 0.775523 0.788260 0.800847 0.813273 0.825525 0.837589 0.849453 0.861102 0.872521 0.883696 0.894613 0.905254 0.915605 0.925648 0.935369 0.944751 0.953777 0.962430 0.970695 0.978556 0.985995 0.992999 0.999552 1.005640 1.011249 1.016366 1.020978 1.025076 1.028648 1.031686 1.034183 1.036131 1.037526 1.038365 1.038645 1.038365 1.037526 1.036131 1.034183 1.031686 1.028648 1.025076 1.020978 1.016366 1.011249 1.005640 0.999552 0.992999 0.985995 0.978556 0.970695 0.962430 0.953777 0.944751 0.935369 0.925648 0.915605 0.905254 0.894613 0.883696 0.872521 0.861102 0.849453 0.837589 0.825525 0.813273 0.800847 0.788260 0.775523 0.762648 0.749646 0.736529 0.723305 0.709986 0.696579 0.683094 0.669539 0.655923 0.642251 0.628532 0.614773 0.600979 0.587156 0.573310 0.559446 
0.571051 0.585141 0.599218 0.613277 0.627312 0.641318 0.655288 0.669216 0.683094 0.696915 0.710671 0.724354 0.737954 0.751463 0.764870 0.778165 0.791337 0.804374 0.817266 0.829998 0.842559 0.854934 0.867110 0.879072 0.890805 0.902294 0.913522 0.924473 0.935131 0.945478 0.955498 0.965174 0.974487 0.983420 0.991957 1.000080 1.007771 1.015015 1.021796 1.028097 1.033905 1.039205 1.043984 1.048231 1.051935 1.055085 1.057674 1.059695 1.061143 1.062013 1.062303 1.062013 1.061143 1.059695 1.057674 1.055085 1.051935 1.048231 1.043984 1.039205 1.033905 1.028097 1.021796 1.015015 1.007771 1.000080 0.991957 0.983420 0.974487 0.965174 0.955498 0.945478 0.935131 0.924473 0.913522 0.902294 0.890805 0.879072 0.867110 0.854934 0.842559 0.829998 0.817266 0.804374 0.791337 0.778165 0.764870 0.751463 0.737954 0.724354 0.710671 0.696915 0.683094 0.669216 0.655288 0.641318 0.627312 0.613277 0.599218 0.585141 0.571051 
0.582559 0.596877 0.611188 0.625486 0.639765 0.654021 0.668247 0.682435 0.696579 0.710671 0.724704 0.738668 0.752555 0.766355 0.780058 0.793653 0.807130 0.820477 0.833680 0.846729 0.859608 0.872304 0.884802 0.897088 0.909145 0.920958 0.932509 0.943783 0.954760 0.965424 0.975756 0.985737 0.995351 1.004577 1.013398 1.021796 1.029751 1.037247 1.044267 1.050793 1.056810 1.062303 1.067259 1.071663 1.075505 1.078774 1.081461 1.083559 1.085062 1.085965 1.086266 1.085965 1.085062 1.083559 1.081461 1.078774 1.075505 1.071663 1.067259 1.062303 1.056810 1.050793 1.044267 1.037247 1.029751 1.021796 1.013398 1.004577 0.995351 0.985737 0.975756 0.965424 0.954760 0.943783 0.932509 0.920958 0.909145 0.897088 0.884802 0.872304 0.859608 0.846729 0.833680 0.820477 0.807130 0.793653 0.780058 0.766355 0.752555 0.738668 0.724704 0.710671 0.696579 0.682435 0.668247 0.654021 0.639765 0.625486 0.611188 0.596877 0.582559 
0.593961 0.608510 0.623057 0.637597 0.652125 0.666634 0.681118 0.695571 0.709986 0.724354 0.738668 0.752919 0.767099 0.781196 0.795202 0.809106 0.822895 0.836558 0.850083 0.863456 0.876663 0.889689 0.902521 0.915141 0.927534 0.939683 0.951570 0.963177 0.974487 0.985480 0.996137 1.006438 1.016366 1.025898 1.035017 1.043702 1.051935 1.059695 1.066966 1.073729 1.079967 1.085664 1.090804 1.095375 1.099363 1.102757 1.105548 1.107727 1.109288 1.110226 1.110539 1.110226 1.109288 1.107727 1.105548 1.102757 1.099363 1.095375 1.090804 1.085664 1.079967 1.073729 1.066966 1.059695 1.051935 1.043702 1.035017 1.025898 1.016366 1.006438 0.996137 0.985480 0.974487 0.963177 0.951570 0.939683 0.927534 0.915141 0.902521 0.889689 0.876663 0.863456 0.850083 0.836558 0.822895 0.809106 0.795202 0.781196 0.767099 0.752919 0.738668 0.724354 0.709986 0.695571 0.681118 0.666634 0.652125 0.637597 0.623057 0.608510 0.593961 
0.605252 0.620034 0.634820 0.649604 0.664382 0.679148 0.693895 0.708616 0.723305 0.737954 0.752555 0.767099 0.781576 0.795978 0.810294 0.824512 0.838621 0.852610 0.866464 0.880170 0.893715 0.907082 0.920257 0.933223 0.945963 0.958460 0.970695 0.982650 0.994305 1.005640 1.016636 1.027272 1.037526 1.047380 1.056810 1.065797 1.074320 1.082359 1.089894 1.096906 1.103376 1.109288 1.114624 1.119371 1.123513 1.127040 1.129940 1.132205 1.133827 1.134803 1.135129 1.134803 1.133827 1.132205 1.129940 1.127040 1.123513 1.119371 1.114624 1.109288 1.103376 1.096906 1.089894 1.082359 1.074320 1.065797 1.056810 1.047380 1.037526 1.027272 1.016636 1.005640 0.994305 0.982650 0.970695 0.958460 0.945963 0.933223 0.920257 0.907082 0.893715 0.880170 0.866464 0.852610 0.838621 0.824512 0.810294 0.795978 0.781576 0.767099 0.752555 0.737954 0.723305 0.708616 0.693895 0.679148 0.664382 0.649604 0.634820 0.620034 0.605252 
0.616422 0.631439 0.646466 0.661498 0.676529 0.691554 0.706567 0.721561 0.736529 0.751463 0.766355 0.781196 0.795978 0.810690 0.825322 0.839862 0.854300 0.868621 0.882813 0.896863 0.910754 0.924473 0.938002 0.951325 0.964424 0.977281 0.989877 1.002192 1.014206 1.025898 1.037247 1.048231 1.058828 1.069017 1.078774 1.088078 1.096906 1.105237 1.113050 1.120324 1.127040 1.133178 1.138721 1.143653 1.147958 1.151625 1.154641 1.156997 1.158685 1.159700 1.160039 1.159700 1.158685 1.156997 1.154641 1.151625 1.147958 1.143653 1.138721 1.133178 1.127040 1.120324 1.113050 1.105237 1.096906 1.088078 1.078774 1.069017 1.058828 1.048231 1.037247 1.025898 1.014206 1.002192 0.989877 0.977281 0.964424 0.951325 0.938002 0.924473 0.910754 0.896863 0.882813 0.868621 0.854300 0.839862 0.825322 0.810690 0.795978 0.781196 0.766355 0.751463 0.736529 0.721561 0.706567 0.691554 0.676529 0.661498 0.646466 0.631439 0.616422 
0.627465 0.642718 0.657988 0.673269 0.688557 0.703844 0.719126 0.734396 0.749646 0.764870 0.780058 0.795202 0.810294 0.825322 0.840277 0.855146 0.869918 0.884581 0.899120 0.913522 0.927770 0.941850 0.955745 0.969436 0.982907 0.996137 1.009106 1.021796 1.034183 1.046246 1.057963 1.069310 1.080265 1.090804 1.100904 1.110539 1.119688 1.128327 1.136432 1.143983 1.150957 1.157334 1.163095 1.168224 1.172702 1.176517 1.179656 1.182108 1.183865 1.184922 1.185275 1.184922 1.183865 1.182108 1.179656 1.176517 1.172702 1.168224 1.163095 1.157334 1.150957 1.143983 1.136432 1.128327 1.119688 1.110539 1.100904 1.090804 1.080265 1.069310 1.057963 1.046246 1.034183 1.021796 1.009106 0.996137 0.982907 0.969436 0.955745 0.941850 0.927770 0.913522 0.899120 0.884581 0.869918 0.855146 0.840277 0.825322 0.810294 0.795202 0.780058 0.764870 0.749646 0.734396 0.719126 0.703844 0.688557 0.673269 0.657988 0.642718 0.627465 
0.638371 0.653863 0.669378 0.684910 0.700456 0.716008 0.731562 0.747111 0.762648 0.778165 0.793653 0.809106 0.824512 0.839862 0.855146 0.870351 0.885467 0.900478 0.915373 0.930136 0.944751 0.959203 0.973474 0.987545 1.001399 1.015015 1.028372 1.041450 1.054224 1.066674 1.078774 1.090501 1.101830 1.112736 1.123193 1.133178 1.142663 1.151625 1.160039 1.167880 1.175127 1.181757 1.187749 1.193085 1.197746 1.201718 1.204987 1.207541 1.209372 1.210473 1.210841 1.210473 1.209372 1.207541 1.204987 1.201718 1.197746 1.193085 1.187749 1.181757 1.175127 1.167880 1.160039 1.151625 1.142663 1.133178 1.123193 1.112736 1.101830 1.090501 1.078774 1.066674 1.054224 1.041450 1.028372 1.015015 1.001399 0.987545 0.973474 0.959203 0.944751 0.930136 0.915373 0.900478 0.885467 0.870351 0.855146 0.839862 0.824512 0.809106 0.793653 0.778165 0.762648 0.747111 0.731562 0.716008 0.700456 0.684910 0.669378 0.653863 0.638371 
0.649133 0.664864 0.680625 0.696411 0.712217 0.728037 0.743865 0.759696 0.775523 0.791337 0.807130 0.822895 0.838621 0.854300 0.869918 0.885467 0.900932 0.916300 0.931559 0.946692 0.961684 0.976518 0.991176 1.005640 1.019890 1.033905 1.047663 1.061143 1.074320 1.087171 1.099671 1.111794 1.123513 1.134803 1.145636 1.155986 1.165825 1.175127 1.183865 1.192014 1.199548 1.206445 1.212682 1.218237 1.223092 1.227231 1.230637 1.233300 1.235209 1.236357 1.236740 1.236357 1.235209 1.233300 1.230637 1.227231 1.223092 1.218237 1.212682 1.206445 1.199548 1.192014 1.183865 1.175127 1.165825 1.155986 1.145636 1.134803 1.123513 1.111794 1.099671 1.087171 1.074320 1.061143 1.047663 1.033905 1.019890 1.005640 0.991176 0.976518 0.961684 0.946692 0.931559 0.916300 0.900932 0.885467 0.869918 0.854300 0.838621 0.822895 0.807130 0.791337 0.775523 0.759696 0.743865 0.728037 0.712217 0.696411 0.680625 0.664864 0.649133 
0.659741 0.675713 0.691721 0.707762 0.723829 0.739919 0.756025 0.772141 0.788260 0.804374 0.820477 0.836558 0.852610 0.868621 0.884581 0.900478 0.916300 0.932034 0.947665 0.963177 0.978556 0.993782 1.008839 1.023707 1.038365 1.052792 1.066966 1.080863 1.094458 1.107727 1.120642 1.133178 1.145305 1.156997 1.168224 1.178957 1.189167 1.198827 1.207907 1.216380 1.224218 1.231397 1.237892 1.243680 1.248740 1.253055 1.256609 1.259386 1.261378 1.262577 1.262977 1.262577 1.261378 1.259386 1.256609 1.253055 1.248740 1.243680 1.237892 1.231397 1.224218 1.216380 1.207907 1.198827 1.189167 1.178957 1.168224 1.156997 1.145305 1.133178 1.120642 1.107727 1.094458 1.080863 1.066966 1.052792 1.038365 1.023707 1.008839 0.993782 0.978556 0.963177 0.947665 0.932034 0.916300 0.900478 0.884581 0.868621 0.852610 0.836558 0.820477 0.804374 0.788260 0.772141 0.756025 0.739919 0.723829 0.707762 0.691721 0.675713 0.659741 
0.670187 0.686400 0.702656 0.718953 0.735284 0.751645 0.768030 0.784433 0.800847 0.817266 0.833680 0.850083 0.866464 0.882813 0.899120 0.915373 0.931559 0.947665 0.963676 0.979577 0.995351 1.010981 1.026447 1.041731 1.056810 1.071663 1.086266 1.100595 1.114624 1.128327 1.141675 1.154641 1.167195 1.179306 1.190945 1.202080 1.212682 1.222717 1.232157 1.240972 1.249131 1.256609 1.263377 1.269411 1.274690 1.279192 1.282901 1.285801 1.287881 1.289133 1.289550 1.289133 1.287881 1.285801 1.282901 1.279192 1.274690 1.269411 1.263377 1.256609 1.249131 1.240972 1.232157 1.222717 1.212682 1.202080 1.190945 1.179306 1.167195 1.154641 1.141675 1.128327 1.114624 1.100595 1.086266 1.071663 1.056810 1.041731 1.026447 1.010981 0.995351 0.979577 0.963676 0.947665 0.931559 0.915373 0.899120 0.882813 0.866464 0.850083 0.833680 0.817266 0.800847 0.784433 0.768030 0.751645 0.735284 0.718953 0.702656 0.686400 0.670187 
0.680461 0.696915 0.713421 0.729974 0.746569 0.763203 0.779868 0.796561 0.813273 0.829998 0.846729 0.863456 0.880170 0.896863 0.913522 0.930136 0.946692 0.963177 0.979577 0.995875 1.012054 1.028097 1.043984 1.059695 1.075209 1.090501 1.105548 1.120324 1.134803 1.148956 1.162755 1.176169 1.189167 1.201718 1.213789 1.225346 1.236357 1.246789 1.256609 1.265783 1.274282 1.282075 1.289133 1.295429 1.300939 1.305640 1.309514 1.312544 1.314718 1.316026 1.316463 1.316026 1.314718 1.312544 1.309514 1.305640 1.300939 1.295429 1.289133 1.282075 1.274282 1.265783 1.256609 1.246789 1.236357 1.225346 1.213789 1.201718 1.189167 1.176169 1.162755 1.148956 1.134803 1.120324 1.105548 1.090501 1.075209 1.059695 1.043984 1.028097 1.012054 0.995875 0.979577 0.963177 0.946692 0.930136 0.913522 0.896863 0.880170 0.863456 0.846729 0.829998 0.813273 0.796561 0.779868 0.763203 0.746569 0.729974 0.713421 0.696915 0.680461 
0.690554 0.707249 0.724004 0.740814 0.757675 0.774581 0.791529 0.808513 0.825525 0.842559 0.859608 0.876663 0.893715 0.910754 0.927770 0.944751 0.961684 0.978556 0.995351 1.012054 1.028648 1.045114 1.061433 1.077583 1.093543 1.109288 1.124793 1.140032 1.154977 1.169598 1.183865 1.197746 1.211208 1.224218 1.236740 1.248740 1.260182 1.271031 1.281250 1.290805 1.299663 1.307789 1.315154 1.321727 1.327482 1.332395 1.336445 1.339614 1.341887 1.343255 1.343712 1.343255 1.341887 1.339614 1.336445 1.332395 1.327482 1.321727 1.315154 1.307789 1.299663 1.290805 1.281250 1.271031 1.260182 1.248740 1.236740 1.224218 1.211208 1.197746 1.183865 1.169598 1.154977 1.140032 1.124793 1.109288 1.093543 1.077583 1.061433 1.045114 1.028648 1.012054 0.995351 0.978556 0.961684 0.944751 0.927770 0.910754 0.893715 0.876663 0.859608 0.842559 0.825525 0.808513 0.791529 0.774581 0.757675 0.740814 0.724004 0.707249 0.690554 
0.700456 0.717392 0.734396 0.751463 0.768589 0.785770 0.803000 0.820276 0.837589 0.854934 0.872304 0.889689 0.907082 0.924473 0.941850 0.959203 0.976518 0.993782 1.010981 1.028097 1.045114 1.062013 1.078774 1.095375 1.111794 1.128005 1.143983 1.159700 1.175127 1.190233 1.204987 1.219354 1.233300 1.246789 1.259784 1.272248 1.284142 1.295429 1.306069 1.316026 1.325262 1.333742 1.341432 1.348299 1.354315 1.359453 1.363689 1.367005 1.369385 1.370817 1.371295 1.370817 1.369385 1.367005 1.363689 1.359453 1.354315 1.348299 1.341432 1.333742 1.325262 1.316026 1.306069 1.295429 1.284142 1.272248 1.259784 1.246789 1.233300 1.219354 1.204987 1.190233 1.175127 1.159700 1.143983 1.128005 1.111794 1.095375 1.078774 1.062013 1.045114 1.028097 1.010981 0.993782 0.976518 0.959203 0.941850 0.924473 0.907082 0.889689 0.872304 0.854934 0.837589 0.820276 0.803000 0.785770 0.768589 0.751463 0.734396 0.717392 0.700456 
0.710157 0.727334 0.744585 0.761909 0.779300 0.796755 0.814269 0.831837 0.849453 0.867110 0.884802 0.902521 0.920257 0.938002 0.955745 0.973474 0.991176 1.008839 1.026447 1.043984 1.061433 1.078774 1.095987 1.113050 1.129940 1.146630 1.163095 1.179306 1.195232 1.210841 1.226099 1.240972 1.255422 1.269411 1.282901 1.295851 1.308220 1.319967 1.331051 1.341432 1.351068 1.359922 1.367956 1.375135 1.381428 1.386804 1.391240 1.394713 1.397206 1.398706 1.399207 1.398706 1.397206 1.394713 1.391240 1.386804 1.381428 1.375135 1.367956 1.359922 1.351068 1.341432 1.331051 1.319967 1.308220 1.295851 1.282901 1.269411 1.255422 1.240972 1.226099 1.210841 1.195232 1.179306 1.163095 1.146630 1.129940 1.113050 1.095987 1.078774 1.061433 1.043984 1.026447 1.008839 0.991176 0.973474 0.955745 0.938002 0.920257 0.902521 0.884802 0.867110 0.849453 0.831837 0.814269 0.796755 0.779300 0.761909 0.744585 0.727334 0.710157 
0.719647 0.737063 0.754562 0.772141 0.789796 0.807525 0.825322 0.843183 0.861102 0.879072 0.897088 0.915141 0.933223 0.951325 0.969436 0.987545 1.005640 1.023707 1.041731 1.059695 1.077583 1.095375 1.113050 1.130586 1.147958 1.165142 1.182108 1.198827 1.215268 1.231397 1.247179 1.262577 1.277551 1.292063 1.306069 1.319528 1.332395 1.344627 1.356178 1.367005 1.377064 1.386314 1.394713 1.402223 1.408810 1.414440 1.419088 1.422727 1.425341 1.426915 1.427440 1.426915 1.425341 1.422727 1.419088 1.414440 1.408810 1.402223 1.394713 1.386314 1.377064 1.367005 1.356178 1.344627 1.332395 1.319528 1.306069 1.292063 1.277551 1.262577 1.247179 1.231397 1.215268 1.198827 1.182108 1.165142 1.147958 1.130586 1.113050 1.095375 1.077583 1.059695 1.041731 1.023707 1.005640 0.987545 0.969436 0.951325 0.933223 0.915141 0.897088 0.879072 0.861102 0.843183 0.825322 0.807525 0.789796 0.772141 0.754562 0.737063 0.719647 
0.728916 0.746569 0.764314 0.782147 0.800066 0.818067 0.836146 0.854300 0.872521 0.890805 0.909145 0.927534 0.945963 0.964424 0.982907 1.001399 1.019890 1.038365 1.056810 1.075209 1.093543 1.111794 1.129940 1.147958 1.165825 1.183513 1.200994 1.218237 1.235209 1.251876 1.268200 1.284142 1.299663 1.314718 1.329264 1.343255 1.356645 1.369385 1.381428 1.392726 1.403232 1.412899 1.421685 1.429547 1.436446 1.442347 1.447219 1.451037 1.453779 1.455431 1.455982 1.455431 1.453779 1.451037 1.447219 1.442347 1.436446 1.429547 1.421685 1.412899 1.403232 1.392726 1.381428 1.369385 1.356645 1.343255 1.329264 1.314718 1.299663 1.284142 1.268200 1.251876 1.235209 1.218237 1.200994 1.183513 1.165825 1.147958 1.129940 1.111794 1.093543 1.075209 1.056810 1.038365 1.019890 1.001399 0.982907 0.964424 0.945963 0.927534 0.909145 0.890805 0.872521 0.854300 0.836146 0.818067 0.800066 0.782147 0.764314 0.746569 0.728916 
0.737954 0.755842 0.773830 0.791915 0.810096 0.828368 0.846729 0.865173 0.883696 0.902294 0.920958 0.939683 0.958460 0.977281 0.996137 1.015015 1.033905 1.052792 1.071663 1.090501 1.109288 1.128005 1.146630 1.165142 1.183513 1.201718 1.219727 1.237508 1.255027 1.272248 1.289133 1.305640 1.321727 1.337349 1.352457 1.367005 1.380941 1.394215 1.406775 1.418569 1.429547 1.439657 1.448852 1.457087 1.464317 1.470506 1.475618 1.479625 1.482505 1.484239 1.484818 1.484239 1.482505 1.479625 1.475618 1.470506 1.464317 1.457087 1.448852 1.439657 1.429547 1.418569 1.406775 1.394215 1.380941 1.367005 1.352457 1.337349 1.321727 1.305640 1.289133 1.272248 1.255027 1.237508 1.219727 1.201718 1.183513 1.165142 1.146630 1.128005 1.109288 1.090501 1.071663 1.052792 1.033905 1.015015 0.996137 0.977281 0.958460 0.939683 0.920958 0.902294 0.883696 0.865173 0.846729 0.828368 0.810096 0.791915 0.773830 0.755842 0.737954 
0.746750 0.764870 0.783098 0.801434 0.819873 0.838415 0.857055 0.875789 0.894613 0.913522 0.932509 0.951570 0.970695 0.989877 1.009106 1.028372 1.047663 1.066966 1.086266 1.105548 1.124793 1.143983 1.163095 1.182108 1.200994 1.219727 1.238276 1.256609 1.274690 1.292483 1.309946 1.327038 1.343712 1.359922 1.375617 1.390745 1.405254 1.419088 1.432191 1.444507 1.455982 1.466560 1.476189 1.484818 1.492401 1.498895 1.504263 1.508472 1.511498 1.513320 1.513929 1.513320 1.511498 1.508472 1.504263 1.498895 1.492401 1.484818 1.476189 1.466560 1.455982 1.444507 1.432191 1.419088 1.405254 1.390745 1.375617 1.359922 1.343712 1.327038 1.309946 1.292483 1.274690 1.256609 1.238276 1.219727 1.200994 1.182108 1.163095 1.143983 1.124793 1.105548 1.086266 1.066966 1.047663 1.028372 1.009106 0.989877 0.970695 0.951570 0.932509 0.913522 0.894613 0.875789 0.857055 0.838415 0.819873 0.801434 0.783098 0.764870 0.746750 
0.755293 0.773642 0.792108 0.810690 0.829386 0.848194 0.867110 0.886132 0.905254 0.924473 0.943783 0.963177 0.982650 1.002192 1.021796 1.041450 1.061143 1.080863 1.100595 1.120324 1.140032 1.159700 1.179306 1.198827 1.218237 1.237508 1.256609 1.275506 1.294164 1.312544 1.330604 1.348299 1.365582 1.382402 1.398706 1.414440 1.429547 1.443966 1.457640 1.470506 1.482505 1.493577 1.503664 1.512712 1.520669 1.527488 1.533127 1.537552 1.540733 1.542650 1.543290 1.542650 1.540733 1.537552 1.533127 1.527488 1.520669 1.512712 1.503664 1.493577 1.482505 1.470506 1.457640 1.443966 1.429547 1.414440 1.398706 1.382402 1.365582 1.348299 1.330604 1.312544 1.294164 1.275506 1.256609 1.237508 1.218237 1.198827 1.179306 1.159700 1.140032 1.120324 1.100595 1.080863 1.061143 1.041450 1.021796 1.002192 0.982650 0.963177 0.943783 0.924473 0.905254 0.886132 0.867110 0.848194 0.829386 0.810690 0.792108 0.773642 0.755293 
0.763573 0.782147 0.800847 0.819673 0.838621 0.857692 0.876881 0.896187 0.915605 0.935131 0.954760 0.974487 0.994305 1.014206 1.034183 1.054224 1.074320 1.094458 1.114624 1.134803 1.154977 1.175127 1.195232 1.215268 1.235209 1.255027 1.274690 1.294164 1.313413 1.332395 1.351068 1.369385 1.387296 1.404748 1.421685 1.438049 1.453779 1.468812 1.483082 1.496526 1.509076 1.520669 1.531241 1.540733 1.549086 1.556250 1.562178 1.566831 1.570178 1.572196 1.572870 1.572196 1.570178 1.566831 1.562178 1.556250 1.549086 1.540733 1.531241 1.520669 1.509076 1.496526 1.483082 1.468812 1.453779 1.438049 1.421685 1.404748 1.387296 1.369385 1.351068 1.332395 1.313413 1.294164 1.274690 1.255027 1.235209 1.215268 1.195232 1.175127 1.154977 1.134803 1.114624 1.094458 1.074320 1.054224 1.034183 1.014206 0.994305 0.974487 0.954760 0.935131 0.915605 0.896187 0.876881 0.857692 0.838621 0.819673 0.800847 0.782147 0.763573 
0.771579 0.790374 0.809304 0.828368 0.847566 0.866895 0.886353 0.905939 0.925648 0.945478 0.965424 0.985480 1.005640 1.025898 1.046246 1.066674 1.087171 1.107727 1.128327 1.148956 1.169598 1.190233 1.210841 1.231397 1.251876 1.272248 1.292483 1.312544 1.332395 1.351994 1.371295 1.390251 1.408810 1.426915 1.444507 1.461526 1.477905 1.493577 1.508472 1.522521 1.535651 1.547793 1.558877 1.568837 1.577611 1.585140 1.591375 1.596272 1.599796 1.601920 1.602630 1.601920 1.599796 1.596272 1.591375 1.585140 1.577611 1.568837 1.558877 1.547793 1.535651 1.522521 1.508472 1.493577 1.477905 1.461526 1.444507 1.426915 1.408810 1.390251 1.371295 1.351994 1.332395 1.312544 1.292483 1.272248 1.251876 1.231397 1.210841 1.190233 1.169598 1.148956 1.128327 1.107727 1.087171 1.066674 1.046246 1.025898 1.005640 0.985480 0.965424 0.945478 0.925648 0.905939 0.886353 0.866895 0.847566 0.828368 0.809304 0.790374 0.771579 
0.779300 0.798311 0.817466 0.836764 0.856206 0.875789 0.895512 0.915373 0.935369 0.955498 0.975756 0.996137 1.016636 1.037247 1.057963 1.078774 1.099671 1.120642 1.141675 1.162755 1.183865 1.204987 1.226099 1.247179 1.268200 1.289133 1.309946 1.330604 1.351068 1.371295 1.391240 1.410851 1.430075 1.448852 1.467122 1.484818 1.501871 1.518209 1.533757 1.548439 1.562178 1.574897 1.586520 1.596975 1.606193 1.614110 1.620671 1.625826 1.629537 1.631776 1.632524 1.631776 1.629537 1.625826 1.620671 1.614110 1.606193 1.596975 1.586520 1.574897 1.562178 1.548439 1.533757 1.518209 1.501871 1.484818 1.467122 1.448852 1.430075 1.410851 1.391240 1.371295 1.351068 1.330604 1.309946 1.289133 1.268200 1.247179 1.226099 1.204987 1.183865 1.162755 1.141675 1.120642 1.099671 1.078774 1.057963 1.037247 1.016636 0.996137 0.975756 0.955498 0.935369 0.915373 0.895512 0.875789 0.856206 0.836764 0.817466 0.798311 0.779300 
0.786726 0.805948 0.825322 0.844849 0.864528 0.884360 0.904342 0.924473 0.944751 0.965174 0.985737 1.006438 1.027272 1.048231 1.069310 1.090501 1.111794 1.133178 1.154641 1.176169 1.197746 1.219354 1.240972 1.262577 1.284142 1.305640 1.327038 1.348299 1.369385 1.390251 1.410851 1.431132 1.451037 1.470506 1.489473 1.507869 1.525620 1.542650 1.558877 1.574220 1.588596 1.601920 1.614110 1.625087 1.634774 1.643102 1.650007 1.655437 1.659347 1.661706 1.662495 1.661706 1.659347 1.655437 1.650007 1.643102 1.634774 1.625087 1.614110 1.601920 1.588596 1.574220 1.558877 1.542650 1.525620 1.507869 1.489473 1.470506 1.451037 1.431132 1.410851 1.390251 1.369385 1.348299 1.327038 1.305640 1.284142 1.262577 1.240972 1.219354 1.197746 1.176169 1.154641 1.133178 1.111794 1.090501 1.069310 1.048231 1.027272 1.006438 0.985737 0.965174 0.944751 0.924473 0.904342 0.884360 0.864528 0.844849 0.825322 0.805948 0.786726 
0.793847 0.813273 0.832860 0.852610 0.872521 0.892594 0.912829 0.933223 0.953777 0.974487 0.995351 1.016366 1.037526 1.058828 1.080265 1.101830 1.123513 1.145305 1.167195 1.189167 1.211208 1.233300 1.255422 1.277551 1.299663 1.321727 1.343712 1.365582 1.387296 1.408810 1.430075 1.451037 1.471638 1.491814 1.511498 1.530614 1.549086 1.566831 1.583764 1.599796 1.614836 1.628793 1.641578 1.653103 1.663285 1.672045 1.679315 1.685035 1.689156 1.691644 1.692475 1.691644 1.689156 1.685035 1.679315 1.672045 1.663285 1.653103 1.641578 1.628793 1.614836 1.599796 1.583764 1.566831 1.549086 1.530614 1.511498 1.491814 1.471638 1.451037 1.430075 1.408810 1.387296 1.365582 1.343712 1.321727 1.299663 1.277551 1.255422 1.233300 1.211208 1.189167 1.167195 1.145305 1.123513 1.101830 1.080265 1.058828 1.037526 1.016366 0.995351 0.974487 0.953777 0.933223 0.912829 0.892594 0.872521 0.852610 0.832860 0.813273 0.793847 
0.800652 0.820276 0.840069 0.860034 0.880170 0.900478 0.920958 0.941609 0.962430 0.983420 1.004577 1.025898 1.047380 1.069017 1.090804 1.112736 1.134803 1.156997 1.179306 1.201718 1.224218 1.246789 1.269411 1.292063 1.314718 1.337349 1.359922 1.382402 1.404748 1.426915 1.448852 1.470506 1.491814 1.512712 1.533127 1.552983 1.572196 1.590679 1.608341 1.625087 1.640818 1.655437 1.668844 1.680943 1.691644 1.700859 1.708514 1.714540 1.718885 1.721508 1.722385 1.721508 1.718885 1.714540 1.708514 1.700859 1.691644 1.680943 1.668844 1.655437 1.640818 1.625087 1.608341 1.590679 1.572196 1.552983 1.533127 1.512712 1.491814 1.470506 1.448852 1.426915 1.404748 1.382402 1.359922 1.337349 1.314718 1.292063 1.269411 1.246789 1.224218 1.201718 1.179306 1.156997 1.134803 1.112736 1.090804 1.069017 1.047380 1.025898 1.004577 0.983420 0.962430 0.941609 0.920958 0.900478 0.880170 0.860034 0.840069 0.820276 0.800652 
0.807130 0.826945 0.846938 0.867110 0.887464 0.907998 0.928715 0.949614 0.970695 0.991957 1.013398 1.035017 1.056810 1.078774 1.100904 1.123193 1.145636 1.168224 1.190945 1.213789 1.236740 1.259784 1.282901 1.306069 1.329264 1.352457 1.375617 1.398706 1.421685 1.444507 1.467122 1.489473 1.511498 1.533127 1.554287 1.574897 1.594869 1.614110 1.632524 1.650007 1.666454 1.681759 1.695814 1.708514 1.719758 1.729451 1.737509 1.743858 1.748437 1.751203 1.752128 1.751203 1.748437 1.743858 1.737509 1.729451 1.719758 1.708514 1.695814 1.681759 1.666454 1.650007 1.632524 1.614110 1.594869 1.574897 1.554287 1.533127 1.511498 1.489473 1.467122 1.444507 1.421685 1.398706 1.375617 1.352457 1.329264 1.306069 1.282901 1.259784 1.236740 1.213789 1.190945 1.168224 1.145636 1.123193 1.100904 1.078774 1.056810 1.035017 1.013398 0.991957 0.970695 0.949614 0.928715 0.907998 0.887464 0.867110 0.846938 0.826945 0.807130 
0.813273 0.833270 0.853454 0.873826 0.894388 0.915141 0.936086 0.957224 0.978556 1.000080 1.021796 1.043702 1.065797 1.088078 1.110539 1.133178 1.155986 1.178957 1.202080 1.225346 1.248740 1.272248 1.295851 1.319528 1.343255 1.367005 1.390745 1.414440 1.438049 1.461526 1.484818 1.507869 1.530614 1.552983 1.574897 1.596272 1.617017 1.637033 1.656216 1.674458 1.691644 1.707658 1.722385 1.735708 1.747518 1.757711 1.766191 1.772877 1.777703 1.780619 1.781594 1.780619 1.777703 1.772877 1.766191 1.757711 1.747518 1.735708 1.722385 1.707658 1.691644 1.674458 1.656216 1.637033 1.617017 1.596272 1.574897 1.552983 1.530614 1.507869 1.484818 1.461526 1.438049 1.414440 1.390745 1.367005 1.343255 1.319528 1.295851 1.272248 1.248740 1.225346 1.202080 1.178957 1.155986 1.133178 1.110539 1.088078 1.065797 1.043702 1.021796 1.000080 0.978556 0.957224 0.936086 0.915141 0.894388 0.873826 0.853454 0.833270 0.813273 
0.819070 0.839242 0.859608 0.880170 0.900932 0.921893 0.943057 0.964424 0.985995 1.007771 1.029751 1.051935 1.074320 1.096906 1.119688 1.142663 1.165825 1.189167 1.212682 1.236357 1.260182 1.284142 1.308220 1.332395 1.356645 1.380941 1.405254 1.429547 1.453779 1.477905 1.501871 1.525620 1.549086 1.572196 1.594869 1.617017 1.638544 1.659347 1.679315 1.698331 1.716274 1.733018 1.748437 1.762406 1.774803 1.785513 1.794433 1.801472 1.806555 1.809627 1.810655 1.809627 1.806555 1.801472 1.794433 1.785513 1.774803 1.762406 1.748437 1.733018 1.716274 1.698331 1.679315 1.659347 1.638544 1.617017 1.594869 1.572196 1.549086 1.525620 1.501871 1.477905 1.453779 1.429547 1.405254 1.380941 1.356645 1.332395 1.308220 1.284142 1.260182 1.236357 1.212682 1.189167 1.165825 1.142663 1.119688 1.096906 1.074320 1.051935 1.029751 1.007771 0.985995 0.964424 0.943057 0.921893 0.900932 0.880170 0.859608 0.839242 0.819070 
0.824512 0.844849 0.865388 0.886132 0.907082 0.928243 0.949614 0.971199 0.992999 1.015015 1.037247 1.059695 1.082359 1.105237 1.128327 1.151625 1.175127 1.198827 1.222717 1.246789 1.271031 1.295429 1.319967 1.344627 1.369385 1.394215 1.419088 1.443966 1.468812 1.493577 1.518209 1.542650 1.566831 1.590679 1.614110 1.637033 1.659347 1.680943 1.701705 1.721508 1.740221 1.757711 1.773839 1.788471 1.801472 1.812717 1.822092 1.829495 1.834845 1.838080 1.839163 1.838080 1.834845 1.829495 1.822092 1.812717 1.801472 1.788471 1.773839 1.757711 1.740221 1.721508 1.701705 1.680943 1.659347 1.637033 1.614110 1.590679 1.566831 1.542650 1.518209 1.493577 1.468812 1.443966 1.419088 1.394215 1.369385 1.344627 1.319967 1.295429 1.271031 1.246789 1.222717 1.198827 1.175127 1.151625 1.128327 1.105237 1.082359 1.059695 1.037247 1.015015 0.992999 0.971199 0.949614 0.928243 0.907082 0.886132 0.865388 0.844849 0.824512 
0.829590 0.850083 0.870785 0.891699 0.912829 0.934176 0.955745 0.977536 0.999552 1.021796 1.044267 1.066966 1.089894 1.113050 1.136432 1.160039 1.183865 1.207907 1.232157 1.256609 1.281250 1.306069 1.331051 1.356178 1.381428 1.406775 1.432191 1.457640 1.483082 1.508472 1.533757 1.558877 1.583764 1.608341 1.632524 1.656216 1.679315 1.701705 1.723263 1.743858 1.763350 1.781594 1.798444 1.813751 1.827370 1.839163 1.849004 1.856783 1.862408 1.865811 1.866950 1.865811 1.862408 1.856783 1.849004 1.839163 1.827370 1.813751 1.798444 1.781594 1.763350 1.743858 1.723263 1.701705 1.679315 1.656216 1.632524 1.608341 1.583764 1.558877 1.533757 1.508472 1.483082 1.457640 1.432191 1.406775 1.381428 1.356178 1.331051 1.306069 1.281250 1.256609 1.232157 1.207907 1.183865 1.160039 1.136432 1.113050 1.089894 1.066966 1.044267 1.021796 0.999552 0.977536 0.955745 0.934176 0.912829 0.891699 0.870785 0.850083 0.829590 
0.834296 0.854934 0.875789 0.896863 0.918159 0.939683 0.961435 0.983420 1.005640 1.028097 1.050793 1.073729 1.096906 1.120324 1.143983 1.167880 1.192014 1.216380 1.240972 1.265783 1.290805 1.316026 1.341432 1.367005 1.392726 1.418569 1.444507 1.470506 1.496526 1.522521 1.548439 1.574220 1.599796 1.625087 1.650007 1.674458 1.698331 1.721508 1.743858 1.765242 1.785513 1.804516 1.822092 1.838080 1.852324 1.864674 1.874990 1.883151 1.889056 1.892630 1.893827 1.892630 1.889056 1.883151 1.874990 1.864674 1.852324 1.838080 1.822092 1.804516 1.785513 1.765242 1.743858 1.721508 1.698331 1.674458 1.650007 1.625087 1.599796 1.574220 1.548439 1.522521 1.496526 1.470506 1.444507 1.418569 1.392726 1.367005 1.341432 1.316026 1.290805 1.265783 1.240972 1.216380 1.192014 1.167880 1.143983 1.120324 1.096906 1.073729 1.050793 1.028097 1.005640 0.983420 0.961435 0.939683 0.918159 0.896863 0.875789 0.854934 0.834296 
0.838621 0.859395 0.880390 0.901612 0.923065 0.944751 0.966675 0.988840 1.011249 1.033905 1.056810 1.079967 1.103376 1.127040 1.150957 1.175127 1.199548 1.224218 1.249131 1.274282 1.299663 1.325262 1.351068 1.377064 1.403232 1.429547 1.455982 1.482505 1.509076 1.535651 1.562178 1.588596 1.614836 1.640818 1.666454 1.691644 1.716274 1.740221 1.763350 1.785513 1.806555 1.826310 1.844609 1.861278 1.876148 1.889056 1.899849 1.908395 1.914583 1.918330 1.919585 1.918330 1.914583 1.908395 1.899849 1.889056 1.876148 1.861278 1.844609 1.826310 1.806555 1.785513 1.763350 1.740221 1.716274 1.691644 1.666454 1.640818 1.614836 1.588596 1.562178 1.535651 1.509076 1.482505 1.455982 1.429547 1.403232 1.377064 1.351068 1.325262 1.299663 1.274282 1.249131 1.224218 1.199548 1.175127 1.150957 1.127040 1.103376 1.079967 1.056810 1.033905 1.011249 0.988840 0.966675 0.944751 0.923065 0.901612 0.880390 0.859395 0.838621 
0.842559 0.863456 0.884581 0.905939 0.927534 0.949370 0.971452 0.993782 1.016366 1.039205 1.062303 1.085664 1.109288 1.133178 1.157334 1.181757 1.206445 1.231397 1.256609 1.282075 1.307789 1.333742 1.359922 1.386314 1.412899 1.439657 1.466560 1.493577 1.520669 1.547793 1.574897 1.601920 1.628793 1.655437 1.681759 1.707658 1.733018 1.757711 1.781594 1.804516 1.826310 1.846802 1.865811 1.883151 1.898639 1.912100 1.923367 1.932296 1.938766 1.942685 1.943998 1.942685 1.938766 1.932296 1.923367 1.912100 1.898639 1.883151 1.865811 1.846802 1.826310 1.804516 1.781594 1.757711 1.733018 1.707658 1.681759 1.655437 1.628793 1.601920 1.574897 1.547793 1.520669 1.493577 1.466560 1.439657 1.412899 1.386314 1.359922 1.333742 1.307789 1.282075 1.256609 1.231397 1.206445 1.181757 1.157334 1.133178 1.109288 1.085664 1.062303 1.039205 1.016366 0.993782 0.971452 0.949370 0.927534 0.905939 0.884581 0.863456 0.842559 
0.846101 0.867110 0.888353 0.909834 0.931559 0.953531 0.975756 0.998237 1.020978 1.043984 1.067259 1.090804 1.114624 1.138721 1.163095 1.187749 1.212682 1.237892 1.263377 1.289133 1.315154 1.341432 1.367956 1.394713 1.421685 1.448852 1.476189 1.503664 1.531241 1.558877 1.586520 1.614110 1.641578 1.668844 1.695814 1.722385 1.748437 1.773839 1.798444 1.822092 1.844609 1.865811 1.885505 1.903496 1.919585 1.933584 1.945314 1.954617 1.961362 1.965451 1.966820 1.965451 1.961362 1.954617 1.945314 1.933584 1.919585 1.903496 1.885505 1.865811 1.844609 1.822092 1.798444 1.773839 1.748437 1.722385 1.695814 1.668844 1.641578 1.614110 1.586520 1.558877 1.531241 1.503664 1.476189 1.448852 1.421685 1.394713 1.367956 1.341432 1.315154 1.289133 1.263377 1.237892 1.212682 1.187749 1.163095 1.138721 1.114624 1.090804 1.067259 1.043984 1.020978 0.998237 0.975756 0.953531 0.931559 0.909834 0.888353 0.867110 0.846101 
0.849243 0.870351 0.891699 0.913290 0.935131 0.957224 0.979577 1.002192 1.025076 1.048231 1.071663 1.095375 1.119371 1.143653 1.168224 1.193085 1.218237 1.243680 1.269411 1.295429 1.321727 1.348299 1.375135 1.402223 1.429547 1.457087 1.484818 1.512712 1.540733 1.568837 1.596975 1.625087 1.653103 1.680943 1.708514 1.735708 1.762406 1.788471 1.813751 1.838080 1.861278 1.883151 1.903496 1.922104 1.938766 1.953278 1.965451 1.975113 1.982123 1.986373 1.987798 1.986373 1.982123 1.975113 1.965451 1.953278 1.938766 1.922104 1.903496 1.883151 1.861278 1.838080 1.813751 1.788471 1.762406 1.735708 1.708514 1.680943 1.653103 1.625087 1.596975 1.568837 1.540733 1.512712 1.484818 1.457087 1.429547 1.402223 1.375135 1.348299 1.321727 1.295429 1.269411 1.243680 1.218237 1.193085 1.168224 1.143653 1.119371 1.095375 1.071663 1.048231 1.025076 1.002192 0.979577 0.957224 0.935131 0.913290 0.891699 0.870351 0.849243 
