133 133
2.860065e+01 0 5
0.075963 0.083519 0.091056 0.098574 0.106070 0.113543 0.120992 0.128413 0.135806 0.143168 0.150496 0.157790 0.165046 0.172262 0.179435 0.186563 0.193644 0.200674 0.207651 0.214571 0.221433 0.228232 0.234965 0.241629 0.248221 0.254738 0.261175 0.267529 0.273797 0.279974 0.286057 0.292041 0.297923 0.303699 0.309364 0.314915 0.320346 0.325655 0.330836 0.335885 0.340798 0.345570 0.350198 0.354677 0.359002 0.363170 0.367176 0.371017 0.374688 0.378185 0.381505 0.384644 0.387598 0.390364 0.392939 0.395320 0.397503 0.399487 0.401269 0.402847 0.404218 0.405381 0.406335 0.407078 0.407610 0.407929 0.408035 0.407929 0.407610 0.407078 0.406335 0.405381 0.404218 0.402847 0.401269 0.399487 0.397503 0.395320 0.392939 0.390364 0.387598 0.384644 0.381505 0.378185 0.374688 0.371017 0.367176 0.363170 0.359002 0.354677 0.350198 0.345570 0.340798 0.335885 0.330836 0.325655 0.320346 0.314915 0.309364 0.303699 0.297923 0.292041 0.286057 0.279974 0.273797 0.267529 0.261175 0.254738 0.248221 0.241629 0.234965 0.228232 0.221433 0.214571 0.207651 0.200674 0.193644 0.186563 0.179435 0.172262 0.165046 0.157790 0.150496 0.143168 0.135806 0.128413 0.120992 0.113543 0.106070 0.098574 0.091056 0.083519 0.075963 
0.083170 0.090821 0.098454 0.106070 0.113665 0.121239 0.128790 0.136315 0.143812 0.151280 0.158717 0.166119 0.173485 0.180812 0.188098 0.195340 0.202535 0.209681 0.216775 0.223814 0.230794 0.237713 0.244566 0.251352 0.258066 0.264705 0.271264 0.277742 0.284132 0.290433 0.296639 0.302746 0.308751 0.314649 0.320436 0.326107 0.331658 0.337085 0.342384 0.347548 0.352575 0.357460 0.362198 0.366784 0.371215 0.375485 0.379591 0.383528 0.387291 0.390878 0.394283 0.397503 0.400535 0.403374 0.406017 0.408461 0.410703 0.412741 0.414571 0.416192 0.417601 0.418796 0.419776 0.420539 0.421085 0.421413 0.421523 0.421413 0.421085 0.420539 0.419776 0.418796 0.417601 0.416192 0.414571 0.412741 0.410703 0.408461 0.406017 0.403374 0.400535 0.397503 0.394283 0.390878 0.387291 0.383528 0.379591 0.375485 0.371215 0.366784 0.362198 0.357460 0.352575 0.347548 0.342384 0.337085 0.331658 0.326107 0.320436 0.314649 0.308751 0.302746 0.296639 0.290433 0.284132 0.277742 0.271264 0.264705 0.258066 0.251352 0.244566 0.237713 0.230794 0.223814 0.216775 0.209681 0.202535 0.195340 0.188098 0.180812 0.173485 0.166119 0.158717 0.151280 0.143812 0.136315 0.128790 0.121239 0.113665 0.106070 0.098454 0.090821 0.083170 
0.090351 0.098097 0.105828 0.113543 0.121239 0.128915 0.136570 0.144200 0.151804 0.159379 0.166925 0.174438 0.181916 0.189357 0.196757 0.204115 0.211428 0.218692 0.225906 0.233065 0.240167 0.247208 0.254185 0.261095 0.267934 0.274698 0.281384 0.287988 0.294505 0.300932 0.307265 0.313499 0.319631 0.325655 0.331567 0.337363 0.343038 0.348588 0.354007 0.359292 0.364437 0.369438 0.374290 0.378988 0.383528 0.387904 0.392113 0.396150 0.400011 0.403690 0.407184 0.410489 0.413601 0.416516 0.419231 0.421742 0.424045 0.426139 0.428019 0.429685 0.431133 0.432361 0.433369 0.434154 0.434715 0.435052 0.435165 0.435052 0.434715 0.434154 0.433369 0.432361 0.431133 0.429685 0.428019 0.426139 0.424045 0.421742 0.419231 0.416516 0.413601 0.410489 0.407184 0.403690 0.400011 0.396150 0.392113 0.387904 0.383528 0.378988 0.374290 0.369438 0.364437 0.359292 0.354007 0.348588 0.343038 0.337363 0.331567 0.325655 0.319631 0.313499 0.307265 0.300932 0.294505 0.287988 0.281384 0.274698 0.267934 0.261095 0.254185 0.247208 0.240167 0.233065 0.225906 0.218692 0.211428 0.204115 0.196757 0.189357 0.181916 0.174438 0.166925 0.159379 0.151804 0.144200 0.136570 0.128915 0.121239 0.113543 0.105828 0.098097 0.090351 
0.097502 0.105346 0.113176 0.120992 0.128790 0.136570 0.144329 0.152065 0.159778 0.167463 0.175120 0.182745 0.190338 0.197894 0.205411 0.212888 0.220320 0.227705 0.235041 0.242323 0.249550 0.256716 0.263820 0.270857 0.277824 0.284717 0.291533 0.298266 0.304914 0.311472 0.317935 0.324300 0.330562 0.336716 0.342757 0.348682 0.354485 0.360162 0.365707 0.371116 0.376383 0.381505 0.386475 0.391289 0.395942 0.400430 0.404746 0.408887 0.412848 0.416625 0.420212 0.423606 0.426802 0.429796 0.432585 0.435165 0.437532 0.439684 0.441618 0.443330 0.444819 0.446083 0.447119 0.447926 0.448504 0.448851 0.448966 0.448851 0.448504 0.447926 0.447119 0.446083 0.444819 0.443330 0.441618 0.439684 0.437532 0.435165 0.432585 0.429796 0.426802 0.423606 0.420212 0.416625 0.412848 0.408887 0.404746 0.400430 0.395942 0.391289 0.386475 0.381505 0.376383 0.371116 0.365707 0.360162 0.354485 0.348682 0.342757 0.336716 0.330562 0.324300 0.317935 0.311472 0.304914 0.298266 0.291533 0.284717 0.277824 0.270857 0.263820 0.256716 0.249550 0.242323 0.235041 0.227705 0.220320 0.212888 0.205411 0.197894 0.190338 0.182745 0.175120 0.167463 0.159778 0.152065 0.144329 0.136570 0.128790 0.120992 0.113176 0.105346 0.097502 
0.104623 0.112565 0.120496 0.128413 0.136315 0.144200 0.152065 0.159910 0.167732 0.175529 0.183299 0.191039 0.198748 0.206422 0.214058 0.221655 0.229210 0.236719 0.244179 0.251587 0.258941 0.266236 0.273469 0.280637 0.287735 0.294761 0.301709 0.308576 0.315358 0.322050 0.328648 0.335147 0.341543 0.347832 0.354007 0.360065 0.366001 0.371808 0.377484 0.383021 0.388416 0.393662 0.398755 0.403690 0.408461 0.413064 0.417492 0.421742 0.425808 0.429685 0.433369 0.436855 0.440139 0.443216 0.446083 0.448735 0.451169 0.453383 0.455371 0.457133 0.458665 0.459965 0.461031 0.461862 0.462456 0.462813 0.462932 0.462813 0.462456 0.461862 0.461031 0.459965 0.458665 0.457133 0.455371 0.453383 0.451169 0.448735 0.446083 0.443216 0.440139 0.436855 0.433369 0.429685 0.425808 0.421742 0.417492 0.413064 0.408461 0.403690 0.398755 0.393662 0.388416 0.383021 0.377484 0.371808 0.366001 0.360065 0.354007 0.347832 0.341543 0.335147 0.328648 0.322050 0.315358 0.308576 0.301709 0.294761 0.287735 0.280637 0.273469 0.266236 0.258941 0.251587 0.244179 0.236719 0.229210 0.221655 0.214058 0.206422 0.198748 0.191039 0.183299 0.175529 0.167732 0.159910 0.152065 0.144200 0.136315 0.128413 0.120496 0.112565 0.104623 
0.111711 0.119754 0.127786 0.135806 0.143812 0.151804 0.159778 0.167732 0.175666 0.183576 0.191461 0.199318 0.207144 0.214938 0.222696 0.230416 0.238095 0.245730 0.253318 0.260855 0.268339 0.275766 0.283131 0.290433 0.297666 0.304827 0.311912 0.318916 0.325836 0.332666 0.339402 0.346041 0.352575 0.359002 0.365316 0.371512 0.377584 0.383528 0.389338 0.395008 0.400535 0.405911 0.411132 0.416192 0.421085 0.425808 0.430353 0.434715 0.438890 0.442873 0.446658 0.450241 0.453616 0.456780 0.459728 0.462456 0.464961 0.467238 0.469284 0.471098 0.472674 0.474013 0.475110 0.475966 0.476578 0.476946 0.477068 0.476946 0.476578 0.475966 0.475110 0.474013 0.472674 0.471098 0.469284 0.467238 0.464961 0.462456 0.459728 0.456780 0.453616 0.450241 0.446658 0.442873 0.438890 0.434715 0.430353 0.425808 0.421085 0.416192 0.411132 0.405911 0.400535 0.395008 0.389338 0.383528 0.377584 0.371512 0.365316 0.359002 0.352575 0.346041 0.339402 0.332666 0.325836 0.318916 0.311912 0.304827 0.297666 0.290433 0.283131 0.275766 0.268339 0.260855 0.253318 0.245730 0.238095 0.230416 0.222696 0.214938 0.207144 0.199318 0.191461 0.183576 0.175666 0.167732 0.159778 0.151804 0.143812 0.135806 0.127786 0.119754 0.111711 
0.118765 0.126908 0.135043 0.143168 0.151280 0.159379 0.167463 0.175529 0.183576 0.191602 0.199603 0.207578 0.215525 0.223441 0.231323 0.239168 0.246974 0.254738 0.262456 0.270125 0.277742 0.285303 0.292804 0.300243 0.307614 0.314915 0.322140 0.329285 0.336346 0.343319 0.350198 0.356979 0.363657 0.370227 0.376683 0.383021 0.389235 0.395320 0.401269 0.407078 0.412741 0.418252 0.423606 0.428796 0.433817 0.438664 0.443330 0.447811 0.452100 0.456193 0.460083 0.463767 0.467238 0.470492 0.473526 0.476333 0.478911 0.481255 0.483362 0.485229 0.486853 0.488232 0.489363 0.490244 0.490875 0.491253 0.491380 0.491253 0.490875 0.490244 0.489363 0.488232 0.486853 0.485229 0.483362 0.481255 0.478911 0.476333 0.473526 0.470492 0.467238 0.463767 0.460083 0.456193 0.452100 0.447811 0.443330 0.438664 0.433817 0.428796 0.423606 0.418252 0.412741 0.407078 0.401269 0.395320 0.389235 0.383021 0.376683 0.370227 0.363657 0.356979 0.350198 0.343319 0.336346 0.329285 0.322140 0.314915 0.307614 0.300243 0.292804 0.285303 0.277742 0.270125 0.262456 0.254738 0.246974 0.239168 0.231323 0.223441 0.215525 0.207578 0.199603 0.191602 0.183576 0.175529 0.167463 0.159379 0.151280 0.143168 0.135043 0.126908 0.118765 
0.125783 0.134028 0.142266 0.150496 0.158717 0.166925 0.175120 0.183299 0.191461 0.199603 0.207723 0.215819 0.223888 0.231928 0.239936 0.247909 0.255845 0.263740 0.271591 0.279394 0.287147 0.294846 0.302487 0.310066 0.317579 0.325022 0.332391 0.339681 0.346888 0.354007 0.361033 0.367962 0.374787 0.381505 0.388109 0.394594 0.400954 0.407184 0.413279 0.419231 0.425036 0.430687 0.436178 0.441504 0.446658 0.451635 0.456427 0.461031 0.465439 0.469647 0.473647 0.477436 0.481008 0.484357 0.487479 0.490370 0.493025 0.495439 0.497610 0.499534 0.501207 0.502628 0.503793 0.504702 0.505352 0.505742 0.505873 0.505742 0.505352 0.504702 0.503793 0.502628 0.501207 0.499534 0.497610 0.495439 0.493025 0.490370 0.487479 0.484357 0.481008 0.477436 0.473647 0.469647 0.465439 0.461031 0.456427 0.451635 0.446658 0.441504 0.436178 0.430687 0.425036 0.419231 0.413279 0.407184 0.400954 0.394594 0.388109 0.381505 0.374787 0.367962 0.361033 0.354007 0.346888 0.339681 0.332391 0.325022 0.317579 0.310066 0.302487 0.294846 0.287147 0.279394 0.271591 0.263740 0.255845 0.247909 0.239936 0.231928 0.223888 0.215819 0.207723 0.199603 0.191461 0.183299 0.175120 0.166925 0.158717 0.150496 0.142266 0.134028 0.125783 
0.132761 0.141109 0.149453 0.157790 0.166119 0.174438 0.182745 0.191039 0.199318 0.207578 0.215819 0.224037 0.232231 0.240397 0.248534 0.256637 0.264705 0.272733 0.280720 0.288661 0.296553 0.304393 0.312176 0.319899 0.327557 0.335147 0.342664 0.350103 0.357460 0.364730 0.371907 0.378988 0.385966 0.392836 0.399592 0.406229 0.412741 0.419122 0.425366 0.431467 0.437419 0.443216 0.448851 0.454317 0.459610 0.464722 0.469647 0.474378 0.478911 0.483238 0.487354 0.491253 0.494930 0.498379 0.501594 0.504572 0.507307 0.509796 0.512033 0.514016 0.515742 0.517207 0.518409 0.519346 0.520016 0.520419 0.520553 0.520419 0.520016 0.519346 0.518409 0.517207 0.515742 0.514016 0.512033 0.509796 0.507307 0.504572 0.501594 0.498379 0.494930 0.491253 0.487354 0.483238 0.478911 0.474378 0.469647 0.464722 0.459610 0.454317 0.448851 0.443216 0.437419 0.431467 0.425366 0.419122 0.412741 0.406229 0.399592 0.392836 0.385966 0.378988 0.371907 0.364730 0.357460 0.350103 0.342664 0.335147 0.327557 0.319899 0.312176 0.304393 0.296553 0.288661 0.280720 0.272733 0.264705 0.256637 0.248534 0.240397 0.232231 0.224037 0.215819 0.207578 0.199318 0.191039 0.182745 0.174438 0.166119 0.157790 0.149453 0.141109 0.132761 
0.139699 0.148151 0.156601 0.165046 0.173485 0.181916 0.190338 0.198748 0.207144 0.215525 0.223888 0.232231 0.240551 0.248846 0.257113 0.265349 0.273551 0.281716 0.289842 0.297923 0.305958 0.313941 0.321870 0.329741 0.337548 0.345288 0.352957 0.360549 0.368060 0.375485 0.382819 0.390056 0.397191 0.404218 0.411132 0.417926 0.424595 0.431133 0.437532 0.443788 0.449893 0.455840 0.461624 0.467238 0.472674 0.477927 0.482990 0.487855 0.492518 0.496971 0.501207 0.505222 0.509008 0.512561 0.515875 0.518944 0.521764 0.524330 0.526637 0.528683 0.530463 0.531975 0.533215 0.534182 0.534874 0.535290 0.535428 0.535290 0.534874 0.534182 0.533215 0.531975 0.530463 0.528683 0.526637 0.524330 0.521764 0.518944 0.515875 0.512561 0.509008 0.505222 0.501207 0.496971 0.492518 0.487855 0.482990 0.477927 0.472674 0.467238 0.461624 0.455840 0.449893 0.443788 0.437532 0.431133 0.424595 0.417926 0.411132 0.404218 0.397191 0.390056 0.382819 0.375485 0.368060 0.360549 0.352957 0.345288 0.337548 0.329741 0.321870 0.313941 0.305958 0.297923 0.289842 0.281716 0.273551 0.265349 0.257113 0.248846 0.240551 0.232231 0.223888 0.215525 0.207144 0.198748 0.190338 0.181916 0.173485 0.165046 0.156601 0.148151 0.139699 
0.146593 0.155151 0.163707 0.172262 0.180812 0.189357 0.197894 0.206422 0.214938 0.223441 0.231928 0.240397 0.248846 0.257272 0.265671 0.274042 0.282382 0.290686 0.298953 0.307178 0.315358 0.323489 0.331567 0.339588 0.347548 0.355443 0.363267 0.371017 0.378687 0.386271 0.393766 0.401164 0.408461 0.415651 0.422728 0.429685 0.436516 0.443216 0.449777 0.456193 0.462456 0.468561 0.474500 0.480267 0.485853 0.491253 0.496460 0.501465 0.506263 0.510847 0.515210 0.519346 0.523248 0.526910 0.530326 0.533491 0.536400 0.539047 0.541429 0.543540 0.545378 0.546938 0.548219 0.549218 0.549932 0.550361 0.550505 0.550361 0.549932 0.549218 0.548219 0.546938 0.545378 0.543540 0.541429 0.539047 0.536400 0.533491 0.530326 0.526910 0.523248 0.519346 0.515210 0.510847 0.506263 0.501465 0.496460 0.491253 0.485853 0.480267 0.474500 0.468561 0.462456 0.456193 0.449777 0.443216 0.436516 0.429685 0.422728 0.415651 0.408461 0.401164 0.393766 0.386271 0.378687 0.371017 0.363267 0.355443 0.347548 0.339588 0.331567 0.323489 0.315358 0.307178 0.298953 0.290686 0.282382 0.274042 0.265671 0.257272 0.248846 0.240397 0.231928 0.223441 0.214938 0.206422 0.197894 0.189357 0.180812 0.172262 0.163707 0.155151 0.146593 
0.153442 0.162105 0.170770 0.179435 0.188098 0.196757 0.205411 0.214058 0.222696 0.231323 0.239936 0.248534 0.257113 0.265671 0.274206 0.282715 0.291194 0.299641 0.308051 0.316423 0.324751 0.333033 0.341264 0.349440 0.357556 0.365609 0.373594 0.381505 0.389338 0.397087 0.404746 0.412311 0.419776 0.427133 0.434378 0.441504 0.448504 0.455371 0.462100 0.468682 0.475110 0.481379 0.487479 0.493405 0.499148 0.504702 0.510058 0.515210 0.520150 0.524872 0.529367 0.533629 0.537652 0.541429 0.544953 0.548219 0.551221 0.553954 0.556413 0.558594 0.560492 0.562104 0.563428 0.564460 0.565198 0.565642 0.565790 0.565642 0.565198 0.564460 0.563428 0.562104 0.560492 0.558594 0.556413 0.553954 0.551221 0.548219 0.544953 0.541429 0.537652 0.533629 0.529367 0.524872 0.520150 0.515210 0.510058 0.504702 0.499148 0.493405 0.487479 0.481379 0.475110 0.468682 0.462100 0.455371 0.448504 0.441504 0.434378 0.427133 0.419776 0.412311 0.404746 0.397087 0.389338 0.381505 0.373594 0.365609 0.357556 0.349440 0.341264 0.333033 0.324751 0.316423 0.308051 0.299641 0.291194 0.282715 0.274206 0.265671 0.257113 0.248534 0.239936 0.231323 0.222696 0.214058 0.205411 0.196757 0.188098 0.179435 0.170770 0.162105 0.153442 
0.160242 0.169013 0.177787 0.186563 0.195340 0.204115 0.212888 0.221655 0.230416 0.239168 0.247909 0.256637 0.265349 0.274042 0.282715 0.291363 0.299985 0.308576 0.317134 0.325655 0.334135 0.342570 0.350958 0.359292 0.367569 0.375784 0.383933 0.392010 0.400011 0.407929 0.415759 0.423496 0.431133 0.438664 0.446083 0.453383 0.460557 0.467598 0.474500 0.481255 0.487855 0.494294 0.500563 0.506655 0.512561 0.518275 0.523788 0.529093 0.534182 0.539047 0.543681 0.548077 0.552226 0.556123 0.559761 0.563133 0.566234 0.569057 0.571598 0.573851 0.575813 0.577480 0.578848 0.579915 0.580679 0.581138 0.581291 0.581138 0.580679 0.579915 0.578848 0.577480 0.575813 0.573851 0.571598 0.569057 0.566234 0.563133 0.559761 0.556123 0.552226 0.548077 0.543681 0.539047 0.534182 0.529093 0.523788 0.518275 0.512561 0.506655 0.500563 0.494294 0.487855 0.481255 0.474500 0.467598 0.460557 0.453383 0.446083 0.438664 0.431133 0.423496 0.415759 0.407929 0.400011 0.392010 0.383933 0.375784 0.367569 0.359292 0.350958 0.342570 0.334135 0.325655 0.317134 0.308576 0.299985 0.291363 0.282715 0.274042 0.265349 0.256637 0.247909 0.239168 0.230416 0.221655 0.212888 0.204115 0.195340 0.186563 0.177787 0.169013 0.160242 
0.166992 0.175871 0.184755 0.193644 0.202535 0.211428 0.220320 0.229210 0.238095 0.246974 0.255845 0.264705 0.273551 0.282382 0.291194 0.299985 0.308751 0.317490 0.326198 0.334871 0.343506 0.352099 0.360646 0.369142 0.377584 0.385966 0.394283 0.402531 0.410703 0.418796 0.426802 0.434715 0.442530 0.450241 0.457839 0.465320 0.472674 0.479896 0.486979 0.493913 0.500692 0.507307 0.513751 0.520016 0.526093 0.531975 0.537652 0.543117 0.548362 0.553378 0.558157 0.562692 0.566975 0.570999 0.574756 0.578240 0.581444 0.584362 0.586989 0.589320 0.591349 0.593074 0.594489 0.595593 0.596383 0.596858 0.597017 0.596858 0.596383 0.595593 0.594489 0.593074 0.591349 0.589320 0.586989 0.584362 0.581444 0.578240 0.574756 0.570999 0.566975 0.562692 0.558157 0.553378 0.548362 0.543117 0.537652 0.531975 0.526093 0.520016 0.513751 0.507307 0.500692 0.493913 0.486979 0.479896 0.472674 0.465320 0.457839 0.450241 0.442530 0.434715 0.426802 0.418796 0.410703 0.402531 0.394283 0.385966 0.377584 0.369142 0.360646 0.352099 0.343506 0.334871 0.326198 0.317490 0.308751 0.299985 0.291194 0.282382 0.273551 0.264705 0.255845 0.246974 0.238095 0.229210 0.220320 0.211428 0.202535 0.193644 0.184755 0.175871 0.166992 
0.173689 0.182676 0.191672 0.200674 0.209681 0.218692 0.227705 0.236719 0.245730 0.254738 0.263740 0.272733 0.281716 0.290686 0.299641 0.308576 0.317490 0.326379 0.335239 0.344068 0.352861 0.361615 0.370326 0.378988 0.387598 0.396150 0.404641 0.413064 0.421413 0.429685 0.437872 0.445968 0.453967 0.461862 0.469647 0.477313 0.484855 0.492265 0.499534 0.506655 0.513619 0.520419 0.527046 0.533491 0.539746 0.545803 0.551652 0.557284 0.562692 0.567866 0.572798 0.577480 0.581904 0.586060 0.589943 0.593545 0.596858 0.599877 0.602595 0.605007 0.607107 0.608892 0.610358 0.611501 0.612320 0.612812 0.612976 0.612812 0.612320 0.611501 0.610358 0.608892 0.607107 0.605007 0.602595 0.599877 0.596858 0.593545 0.589943 0.586060 0.581904 0.577480 0.572798 0.567866 0.562692 0.557284 0.551652 0.545803 0.539746 0.533491 0.527046 0.520419 0.513619 0.506655 0.499534 0.492265 0.484855 0.477313 0.469647 0.461862 0.453967 0.445968 0.437872 0.429685 0.421413 0.413064 0.404641 0.396150 0.387598 0.378988 0.370326 0.361615 0.352861 0.344068 0.335239 0.326379 0.317490 0.308576 0.299641 0.290686 0.281716 0.272733 0.263740 0.254738 0.245730 0.236719 0.227705 0.218692 0.209681 0.200674 0.191672 0.182676 0.173689 
0.180330 0.189427 0.198534 0.207651 0.216775 0.225906 0.235041 0.244179 0.253318 0.262456 0.271591 0.280720 0.289842 0.298953 0.308051 0.317134 0.326198 0.335239 0.344256 0.353243 0.362198 0.371116 0.379993 0.388825 0.397607 0.406335 0.415003 0.423606 0.432138 0.440593 0.448966 0.457251 0.465439 0.473526 0.481503 0.489363 0.497098 0.504702 0.512165 0.519480 0.526637 0.533629 0.540447 0.547080 0.553522 0.559761 0.565790 0.571598 0.577177 0.582517 0.587610 0.592446 0.597017 0.601314 0.605329 0.609055 0.612484 0.615608 0.618422 0.620920 0.623096 0.624945 0.626464 0.627649 0.628497 0.629007 0.629177 0.629007 0.628497 0.627649 0.626464 0.624945 0.623096 0.620920 0.618422 0.615608 0.612484 0.609055 0.605329 0.601314 0.597017 0.592446 0.587610 0.582517 0.577177 0.571598 0.565790 0.559761 0.553522 0.547080 0.540447 0.533629 0.526637 0.519480 0.512165 0.504702 0.497098 0.489363 0.481503 0.473526 0.465439 0.457251 0.448966 0.440593 0.432138 0.423606 0.415003 0.406335 0.397607 0.388825 0.379993 0.371116 0.362198 0.353243 0.344256 0.335239 0.326198 0.317134 0.308051 0.298953 0.289842 0.280720 0.271591 0.262456 0.253318 0.244179 0.235041 0.225906 0.216775 0.207651 0.198534 0.189427 0.180330 
0.186912 0.196119 0.205339 0.214571 0.223814 0.233065 0.242323 0.251587 0.260855 0.270125 0.279394 0.288661 0.297923 0.307178 0.316423 0.325655 0.334871 0.344068 0.353243 0.362392 0.371512 0.380597 0.389645 0.398651 0.407610 0.416516 0.425366 0.434154 0.442873 0.451518 0.460083 0.468561 0.476946 0.485229 0.493405 0.501465 0.509402 0.517207 0.524872 0.532388 0.539746 0.546938 0.553954 0.560785 0.567420 0.573851 0.580068 0.586060 0.591819 0.597334 0.602595 0.607593 0.612320 0.616765 0.620920 0.624777 0.628327 0.631564 0.634480 0.637068 0.639324 0.641241 0.642816 0.644045 0.644925 0.645454 0.645630 0.645454 0.644925 0.644045 0.642816 0.641241 0.639324 0.637068 0.634480 0.631564 0.628327 0.624777 0.620920 0.616765 0.612320 0.607593 0.602595 0.597334 0.591819 0.586060 0.580068 0.573851 0.567420 0.560785 0.553954 0.546938 0.539746 0.532388 0.524872 0.517207 0.509402 0.501465 0.493405 0.485229 0.476946 0.468561 0.460083 0.451518 0.442873 0.434154 0.425366 0.416516 0.407610 0.398651 0.389645 0.380597 0.371512 0.362392 0.353243 0.344068 0.334871 0.325655 0.316423 0.307178 0.297923 0.288661 0.279394 0.270125 0.260855 0.251587 0.242323 0.233065 0.223814 0.214571 0.205339 0.196119 0.186912 
0.193432 0.202751 0.212084 0.221433 0.230794 0.240167 0.249550 0.258941 0.268339 0.277742 0.287147 0.296553 0.305958 0.315358 0.324751 0.334135 0.343506 0.352861 0.362198 0.371512 0.380799 0.390056 0.399278 0.408461 0.417601 0.426691 0.435728 0.444705 0.453616 0.462456 0.471219 0.479896 0.488483 0.496971 0.505352 0.513619 0.521764 0.529778 0.537652 0.545378 0.552945 0.560346 0.567569 0.574605 0.581444 0.588075 0.594489 0.600675 0.606622 0.612320 0.617759 0.622928 0.627818 0.632420 0.636722 0.640718 0.644397 0.647752 0.650775 0.653460 0.655800 0.657790 0.659424 0.660700 0.661613 0.662162 0.662345 0.662162 0.661613 0.660700 0.659424 0.657790 0.655800 0.653460 0.650775 0.647752 0.644397 0.640718 0.636722 0.632420 0.627818 0.622928 0.617759 0.612320 0.606622 0.600675 0.594489 0.588075 0.581444 0.574605 0.567569 0.560346 0.552945 0.545378 0.537652 0.529778 0.521764 0.513619 0.505352 0.496971 0.488483 0.479896 0.471219 0.462456 0.453616 0.444705 0.435728 0.426691 0.417601 0.408461 0.399278 0.390056 0.380799 0.371512 0.362198 0.352861 0.343506 0.334135 0.324751 0.315358 0.305958 0.296553 0.287147 0.277742 0.268339 0.258941 0.249550 0.240167 0.230794 0.221433 0.212084 0.202751 0.193432 
0.199888 0.209318 0.218766 0.228232 0.237713 0.247208 0.256716 0.266236 0.275766 0.285303 0.294846 0.304393 0.313941 0.323489 0.333033 0.342570 0.352099 0.361615 0.371116 0.380597 0.390056 0.399487 0.408887 0.418252 0.427576 0.436855 0.446083 0.455254 0.464363 0.473404 0.482370 0.491253 0.500048 0.508746 0.517340 0.525822 0.534182 0.542413 0.550505 0.558448 0.566234 0.573851 0.581291 0.588542 0.595593 0.602435 0.609055 0.615443 0.621588 0.627479 0.633105 0.638455 0.643518 0.648284 0.652743 0.656884 0.660700 0.664181 0.667318 0.670105 0.672535 0.674601 0.676299 0.677624 0.678573 0.679144 0.679334 0.679144 0.678573 0.677624 0.676299 0.674601 0.672535 0.670105 0.667318 0.664181 0.660700 0.656884 0.652743 0.648284 0.643518 0.638455 0.633105 0.627479 0.621588 0.615443 0.609055 0.602435 0.595593 0.588542 0.581291 0.573851 0.566234 0.558448 0.550505 0.542413 0.534182 0.525822 0.517340 0.508746 0.500048 0.491253 0.482370 0.473404 0.464363 0.455254 0.446083 0.436855 0.427576 0.418252 0.408887 0.399487 0.390056 0.380597 0.371116 0.361615 0.352099 0.342570 0.333033 0.323489 0.313941 0.304393 0.294846 0.285303 0.275766 0.266236 0.256716 0.247208 0.237713 0.228232 0.218766 0.209318 0.199888 
0.206277 0.215819 0.225382 0.234965 0.244566 0.254185 0.263820 0.273469 0.283131 0.292804 0.302487 0.312176 0.321870 0.331567 0.341264 0.350958 0.360646 0.370326 0.379993 0.389645 0.399278 0.408887 0.418469 0.428019 0.437532 0.447004 0.456427 0.465798 0.475110 0.484357 0.493532 0.502628 0.511638 0.520553 0.529367 0.538070 0.546654 0.555110 0.563428 0.571598 0.579610 0.587455 0.595120 0.602595 0.609869 0.616930 0.623768 0.630369 0.636722 0.642816 0.648639 0.654179 0.659424 0.664365 0.668988 0.673285 0.677245 0.680859 0.684118 0.687013 0.689538 0.691686 0.693451 0.694829 0.695816 0.696409 0.696607 0.696409 0.695816 0.694829 0.693451 0.691686 0.689538 0.687013 0.684118 0.680859 0.677245 0.673285 0.668988 0.664365 0.659424 0.654179 0.648639 0.642816 0.636722 0.630369 0.623768 0.616930 0.609869 0.602595 0.595120 0.587455 0.579610 0.571598 0.563428 0.555110 0.546654 0.538070 0.529367 0.520553 0.511638 0.502628 0.493532 0.484357 0.475110 0.465798 0.456427 0.447004 0.437532 0.428019 0.418469 0.408887 0.399278 0.389645 0.379993 0.370326 0.360646 0.350958 0.341264 0.331567 0.321870 0.312176 0.302487 0.292804 0.283131 0.273469 0.263820 0.254185 0.244566 0.234965 0.225382 0.215819 0.206277 
0.212596 0.222250 0.231928 0.241629 0.251352 0.261095 0.270857 0.280637 0.290433 0.300243 0.310066 0.319899 0.329741 0.339588 0.349440 0.359292 0.369142 0.378988 0.388825 0.398651 0.408461 0.418252 0.428019 0.437758 0.447465 0.457133 0.466758 0.476333 0.485853 0.495312 0.504702 0.514016 0.523248 0.532388 0.541429 0.550361 0.559177 0.567866 0.576419 0.584825 0.593074 0.601154 0.609055 0.616765 0.624272 0.631564 0.638629 0.645454 0.652026 0.658334 0.664365 0.670105 0.675544 0.680668 0.685467 0.689928 0.694041 0.697796 0.701184 0.704195 0.706821 0.709056 0.710893 0.712327 0.713354 0.713971 0.714178 0.713971 0.713354 0.712327 0.710893 0.709056 0.706821 0.704195 0.701184 0.697796 0.694041 0.689928 0.685467 0.680668 0.675544 0.670105 0.664365 0.658334 0.652026 0.645454 0.638629 0.631564 0.624272 0.616765 0.609055 0.601154 0.593074 0.584825 0.576419 0.567866 0.559177 0.550361 0.541429 0.532388 0.523248 0.514016 0.504702 0.495312 0.485853 0.476333 0.466758 0.457133 0.447465 0.437758 0.428019 0.418252 0.408461 0.398651 0.388825 0.378988 0.369142 0.359292 0.349440 0.339588 0.329741 0.319899 0.310066 0.300243 0.290433 0.280637 0.270857 0.261095 0.251352 0.241629 0.231928 0.222250 0.212596 
0.218840 0.228608 0.238402 0.248221 0.258066 0.267934 0.277824 0.287735 0.297666 0.307614 0.317579 0.327557 0.337548 0.347548 0.357556 0.367569 0.377584 0.387598 0.397607 0.407610 0.417601 0.427576 0.437532 0.447465 0.457368 0.467238 0.477068 0.486853 0.496587 0.506263 0.515875 0.525414 0.534874 0.544246 0.553522 0.562692 0.571748 0.580679 0.589476 0.598127 0.606622 0.614949 0.623096 0.631051 0.638802 0.646336 0.653640 0.660700 0.667503 0.674037 0.680286 0.686239 0.691882 0.697201 0.702185 0.706821 0.711097 0.715003 0.718527 0.721661 0.724395 0.726722 0.728636 0.730130 0.731200 0.731844 0.732058 0.731844 0.731200 0.730130 0.728636 0.726722 0.724395 0.721661 0.718527 0.715003 0.711097 0.706821 0.702185 0.697201 0.691882 0.686239 0.680286 0.674037 0.667503 0.660700 0.653640 0.646336 0.638802 0.631051 0.623096 0.614949 0.606622 0.598127 0.589476 0.580679 0.571748 0.562692 0.553522 0.544246 0.534874 0.525414 0.515875 0.506263 0.496587 0.486853 0.477068 0.467238 0.457368 0.447465 0.437532 0.427576 0.417601 0.407610 0.397607 0.387598 0.377584 0.367569 0.357556 0.347548 0.337548 0.327557 0.317579 0.307614 0.297666 0.287735 0.277824 0.267934 0.258066 0.248221 0.238402 0.228608 0.218840 
0.225008 0.234889 0.244799 0.254738 0.264705 0.274698 0.284717 0.294761 0.304827 0.314915 0.325022 0.335147 0.345288 0.355443 0.365609 0.375784 0.385966 0.396150 0.406335 0.416516 0.426691 0.436855 0.447004 0.457133 0.467238 0.477313 0.487354 0.497354 0.507307 0.517207 0.527046 0.536817 0.546512 0.556123 0.565642 0.575058 0.584362 0.593545 0.602595 0.611501 0.620253 0.628837 0.637241 0.645454 0.653460 0.661248 0.668802 0.676110 0.683157 0.689928 0.696409 0.702586 0.708445 0.713971 0.719152 0.723973 0.728423 0.732488 0.736158 0.739423 0.742272 0.744698 0.746694 0.748252 0.749368 0.750040 0.750264 0.750040 0.749368 0.748252 0.746694 0.744698 0.742272 0.739423 0.736158 0.732488 0.728423 0.723973 0.719152 0.713971 0.708445 0.702586 0.696409 0.689928 0.683157 0.676110 0.668802 0.661248 0.653460 0.645454 0.637241 0.628837 0.620253 0.611501 0.602595 0.593545 0.584362 0.575058 0.565642 0.556123 0.546512 0.536817 0.527046 0.517207 0.507307 0.497354 0.487354 0.477313 0.467238 0.457133 0.447004 0.436855 0.426691 0.416516 0.406335 0.396150 0.385966 0.375784 0.365609 0.355443 0.345288 0.335147 0.325022 0.314915 0.304827 0.294761 0.284717 0.274698 0.264705 0.254738 0.244799 0.234889 0.225008 
0.231096 0.241090 0.251117 0.261175 0.271264 0.281384 0.291533 0.301709 0.311912 0.322140 0.332391 0.342664 0.352957 0.363267 0.373594 0.383933 0.394283 0.404641 0.415003 0.425366 0.435728 0.446083 0.456427 0.466758 0.477068 0.487354 0.497610 0.507830 0.518008 0.528137 0.538210 0.548219 0.558157 0.568015 0.577784 0.587455 0.597017 0.606460 0.615773 0.624945 0.633964 0.642816 0.651490 0.659971 0.668245 0.676299 0.684118 0.691686 0.698989 0.706011 0.712737 0.719152 0.725240 0.730986 0.736375 0.741394 0.746027 0.750264 0.754089 0.757494 0.760467 0.762998 0.765081 0.766707 0.767873 0.768574 0.768808 0.768574 0.767873 0.766707 0.765081 0.762998 0.760467 0.757494 0.754089 0.750264 0.746027 0.741394 0.736375 0.730986 0.725240 0.719152 0.712737 0.706011 0.698989 0.691686 0.684118 0.676299 0.668245 0.659971 0.651490 0.642816 0.633964 0.624945 0.615773 0.606460 0.597017 0.587455 0.577784 0.568015 0.558157 0.548219 0.538210 0.528137 0.518008 0.507830 0.497610 0.487354 0.477068 0.466758 0.456427 0.446083 0.435728 0.425366 0.415003 0.404641 0.394283 0.383933 0.373594 0.363267 0.352957 0.342664 0.332391 0.322140 0.311912 0.301709 0.291533 0.281384 0.271264 0.261175 0.251117 0.241090 0.231096 
0.237101 0.247208 0.257351 0.267529 0.277742 0.287988 0.298266 0.308576 0.318916 0.329285 0.339681 0.350103 0.360549 0.371017 0.381505 0.392010 0.402531 0.413064 0.423606 0.434154 0.444705 0.455254 0.465798 0.476333 0.486853 0.497354 0.507830 0.518275 0.528683 0.539047 0.549360 0.559615 0.569803 0.579915 0.589943 0.599877 0.609706 0.619420 0.629007 0.638455 0.647752 0.656884 0.665839 0.674601 0.683157 0.691490 0.699586 0.707429 0.715003 0.722290 0.729275 0.735942 0.742272 0.748252 0.753863 0.759092 0.763922 0.768341 0.772333 0.775887 0.778991 0.781636 0.783812 0.785512 0.786731 0.787464 0.787709 0.787464 0.786731 0.785512 0.783812 0.781636 0.778991 0.775887 0.772333 0.768341 0.763922 0.759092 0.753863 0.748252 0.742272 0.735942 0.729275 0.722290 0.715003 0.707429 0.699586 0.691490 0.683157 0.674601 0.665839 0.656884 0.647752 0.638455 0.629007 0.619420 0.609706 0.599877 0.589943 0.579915 0.569803 0.559615 0.549360 0.539047 0.528683 0.518275 0.507830 0.497354 0.486853 0.476333 0.465798 0.455254 0.444705 0.434154 0.423606 0.413064 0.402531 0.392010 0.381505 0.371017 0.360549 0.350103 0.339681 0.329285 0.318916 0.308576 0.298266 0.287988 0.277742 0.267529 0.257351 0.247208 0.237101 
0.243018 0.253239 0.263499 0.273797 0.284132 0.294505 0.304914 0.315358 0.325836 0.336346 0.346888 0.357460 0.368060 0.378687 0.389338 0.400011 0.410703 0.421413 0.432138 0.442873 0.453616 0.464363 0.475110 0.485853 0.496587 0.507307 0.518008 0.528683 0.539327 0.549932 0.560492 0.570999 0.581444 0.591819 0.602114 0.612320 0.622425 0.632420 0.642291 0.652026 0.661613 0.671038 0.680286 0.689343 0.698194 0.706821 0.715209 0.723341 0.731200 0.738768 0.746027 0.752961 0.759550 0.765777 0.771626 0.777078 0.782118 0.786731 0.790901 0.794616 0.797861 0.800627 0.802904 0.804683 0.805959 0.806726 0.806982 0.806726 0.805959 0.804683 0.802904 0.800627 0.797861 0.794616 0.790901 0.786731 0.782118 0.777078 0.771626 0.765777 0.759550 0.752961 0.746027 0.738768 0.731200 0.723341 0.715209 0.706821 0.698194 0.689343 0.680286 0.671038 0.661613 0.652026 0.642291 0.632420 0.622425 0.612320 0.602114 0.591819 0.581444 0.570999 0.560492 0.549932 0.539327 0.528683 0.518008 0.507307 0.496587 0.485853 0.475110 0.464363 0.453616 0.442873 0.432138 0.421413 0.410703 0.400011 0.389338 0.378687 0.368060 0.357460 0.346888 0.336346 0.325836 0.315358 0.304914 0.294505 0.284132 0.273797 0.263499 0.253239 0.243018 
0.248846 0.259180 0.269556 0.279974 0.290433 0.300932 0.311472 0.322050 0.332666 0.343319 0.354007 0.364730 0.375485 0.386271 0.397087 0.407929 0.418796 0.429685 0.440593 0.451518 0.462456 0.473404 0.484357 0.495312 0.506263 0.517207 0.528137 0.539047 0.549932 0.560785 0.571598 0.582364 0.593074 0.603719 0.614290 0.624777 0.635169 0.645454 0.655620 0.665654 0.675544 0.685274 0.694829 0.704195 0.713354 0.722290 0.730986 0.739423 0.747583 0.755448 0.762998 0.770215 0.777078 0.783570 0.789671 0.795362 0.800627 0.805448 0.809809 0.813695 0.817092 0.819989 0.822374 0.824238 0.825575 0.826379 0.826647 0.826379 0.825575 0.824238 0.822374 0.819989 0.817092 0.813695 0.809809 0.805448 0.800627 0.795362 0.789671 0.783570 0.777078 0.770215 0.762998 0.755448 0.747583 0.739423 0.730986 0.722290 0.713354 0.704195 0.694829 0.685274 0.675544 0.665654 0.655620 0.645454 0.635169 0.624777 0.614290 0.603719 0.593074 0.582364 0.571598 0.560785 0.549932 0.539047 0.528137 0.517207 0.506263 0.495312 0.484357 0.473404 0.462456 0.451518 0.440593 0.429685 0.418796 0.407929 0.397087 0.386271 0.375485 0.364730 0.354007 0.343319 0.332666 0.322050 0.311472 0.300932 0.290433 0.279974 0.269556 0.259180 0.248846 
0.254580 0.265027 0.275519 0.286057 0.296639 0.307265 0.317935 0.328648 0.339402 0.350198 0.361033 0.371907 0.382819 0.393766 0.404746 0.415759 0.426802 0.437872 0.448966 0.460083 0.471219 0.482370 0.493532 0.504702 0.515875 0.527046 0.538210 0.549360 0.560492 0.571598 0.582671 0.593702 0.604684 0.615608 0.626464 0.637241 0.647929 0.658516 0.668988 0.679334 0.689538 0.699586 0.709463 0.719152 0.728636 0.737896 0.746916 0.755675 0.764154 0.772333 0.780191 0.787709 0.794864 0.801638 0.808008 0.813955 0.819461 0.824505 0.829071 0.833141 0.836702 0.839738 0.842240 0.844196 0.845598 0.846442 0.846724 0.846442 0.845598 0.844196 0.842240 0.839738 0.836702 0.833141 0.829071 0.824505 0.819461 0.813955 0.808008 0.801638 0.794864 0.787709 0.780191 0.772333 0.764154 0.755675 0.746916 0.737896 0.728636 0.719152 0.709463 0.699586 0.689538 0.679334 0.668988 0.658516 0.647929 0.637241 0.626464 0.615608 0.604684 0.593702 0.582671 0.571598 0.560492 0.549360 0.538210 0.527046 0.515875 0.504702 0.493532 0.482370 0.471219 0.460083 0.448966 0.437872 0.426802 0.415759 0.404746 0.393766 0.382819 0.371907 0.361033 0.350198 0.339402 0.328648 0.317935 0.307265 0.296639 0.286057 0.275519 0.265027 0.254580 
0.260216 0.270776 0.281384 0.292041 0.302746 0.313499 0.324300 0.335147 0.346041 0.356979 0.367962 0.378988 0.390056 0.401164 0.412311 0.423496 0.434715 0.445968 0.457251 0.468561 0.479896 0.491253 0.502628 0.514016 0.525414 0.536817 0.548219 0.559615 0.570999 0.582364 0.593702 0.605007 0.616269 0.627479 0.638629 0.649706 0.660700 0.671599 0.682390 0.693058 0.703591 0.713971 0.724184 0.734211 0.744035 0.753638 0.762998 0.772097 0.780913 0.789425 0.797611 0.805448 0.812915 0.819989 0.826647 0.832869 0.838631 0.843916 0.848701 0.852971 0.856707 0.859895 0.862522 0.864577 0.866051 0.866938 0.867234 0.866938 0.866051 0.864577 0.862522 0.859895 0.856707 0.852971 0.848701 0.843916 0.838631 0.832869 0.826647 0.819989 0.812915 0.805448 0.797611 0.789425 0.780913 0.772097 0.762998 0.753638 0.744035 0.734211 0.724184 0.713971 0.703591 0.693058 0.682390 0.671599 0.660700 0.649706 0.638629 0.627479 0.616269 0.605007 0.593702 0.582364 0.570999 0.559615 0.548219 0.536817 0.525414 0.514016 0.502628 0.491253 0.479896 0.468561 0.457251 0.445968 0.434715 0.423496 0.412311 0.401164 0.390056 0.378988 0.367962 0.356979 0.346041 0.335147 0.324300 0.313499 0.302746 0.292041 0.281384 0.270776 0.260216 
0.265752 0.276423 0.287147 0.297923 0.308751 0.319631 0.330562 0.341543 0.352575 0.363657 0.374787 0.385966 0.397191 0.408461 0.419776 0.431133 0.442530 0.453967 0.465439 0.476946 0.488483 0.500048 0.511638 0.523248 0.534874 0.546512 0.558157 0.569803 0.581444 0.593074 0.604684 0.616269 0.627818 0.639324 0.650775 0.662162 0.673473 0.684695 0.695816 0.706821 0.717695 0.728423 0.738986 0.749368 0.759550 0.769511 0.779231 0.788688 0.797861 0.806726 0.815260 0.823438 0.831237 0.838631 0.845598 0.852113 0.858153 0.863695 0.868718 0.873202 0.877128 0.880479 0.883242 0.885404 0.886956 0.887890 0.888201 0.887890 0.886956 0.885404 0.883242 0.880479 0.877128 0.873202 0.868718 0.863695 0.858153 0.852113 0.845598 0.838631 0.831237 0.823438 0.815260 0.806726 0.797861 0.788688 0.779231 0.769511 0.759550 0.749368 0.738986 0.728423 0.717695 0.706821 0.695816 0.684695 0.673473 0.662162 0.650775 0.639324 0.627818 0.616269 0.604684 0.593074 0.581444 0.569803 0.558157 0.546512 0.534874 0.523248 0.511638 0.500048 0.488483 0.476946 0.465439 0.453967 0.442530 0.431133 0.419776 0.408461 0.397191 0.385966 0.374787 0.363657 0.352575 0.341543 0.330562 0.319631 0.308751 0.297923 0.287147 0.276423 0.265752 
0.271183 0.281966 0.292804 0.303699 0.314649 0.325655 0.336716 0.347832 0.359002 0.370227 0.381505 0.392836 0.404218 0.415651 0.427133 0.438664 0.450241 0.461862 0.473526 0.485229 0.496971 0.508746 0.520553 0.532388 0.544246 0.556123 0.568015 0.579915 0.591819 0.603719 0.615608 0.627479 0.639324 0.651132 0.662895 0.674601 0.686239 0.697796 0.709259 0.720614 0.731844 0.742933 0.753863 0.764617 0.775174 0.785512 0.795612 0.805448 0.814998 0.824238 0.833141 0.841682 0.849836 0.857574 0.864871 0.871702 0.878039 0.883859 0.889138 0.893853 0.897984 0.901513 0.904424 0.906702 0.908337 0.909322 0.909650 0.909322 0.908337 0.906702 0.904424 0.901513 0.897984 0.893853 0.889138 0.883859 0.878039 0.871702 0.864871 0.857574 0.849836 0.841682 0.833141 0.824238 0.814998 0.805448 0.795612 0.785512 0.775174 0.764617 0.753863 0.742933 0.731844 0.720614 0.709259 0.697796 0.686239 0.674601 0.662895 0.651132 0.639324 0.627479 0.615608 0.603719 0.591819 0.579915 0.568015 0.556123 0.544246 0.532388 0.520553 0.508746 0.496971 0.485229 0.473526 0.461862 0.450241 0.438664 0.427133 0.415651 0.404218 0.392836 0.381505 0.370227 0.359002 0.347832 0.336716 0.325655 0.314649 0.303699 0.292804 0.281966 0.271183 
0.276506 0.287399 0.298352 0.309364 0.320436 0.331567 0.342757 0.354007 0.365316 0.376683 0.388109 0.399592 0.411132 0.422728 0.434378 0.446083 0.457839 0.469647 0.481503 0.493405 0.505352 0.517340 0.529367 0.541429 0.553522 0.565642 0.577784 0.589943 0.602114 0.614290 0.626464 0.638629 0.650775 0.662895 0.674978 0.687013 0.698989 0.710893 0.722710 0.734427 0.746027 0.757494 0.768808 0.779951 0.790901 0.801638 0.812136 0.822374 0.832324 0.841961 0.851258 0.860186 0.868718 0.876824 0.884476 0.891646 0.898304 0.904424 0.909979 0.914945 0.919299 0.923021 0.926091 0.928496 0.930223 0.931262 0.931609 0.931262 0.930223 0.928496 0.926091 0.923021 0.919299 0.914945 0.909979 0.904424 0.898304 0.891646 0.884476 0.876824 0.868718 0.860186 0.851258 0.841961 0.832324 0.822374 0.812136 0.801638 0.790901 0.779951 0.768808 0.757494 0.746027 0.734427 0.722710 0.710893 0.698989 0.687013 0.674978 0.662895 0.650775 0.638629 0.626464 0.614290 0.602114 0.589943 0.577784 0.565642 0.553522 0.541429 0.529367 0.517340 0.505352 0.493405 0.481503 0.469647 0.457839 0.446083 0.434378 0.422728 0.411132 0.399592 0.388109 0.376683 0.365316 0.354007 0.342757 0.331567 0.320436 0.309364 0.298352 0.287399 0.276506 
0.281716 0.292720 0.303786 0.314915 0.326107 0.337363 0.348682 0.360065 0.371512 0.383021 0.394594 0.406229 0.417926 0.429685 0.441504 0.453383 0.465320 0.477313 0.489363 0.501465 0.513619 0.525822 0.538070 0.550361 0.562692 0.575058 0.587455 0.599877 0.612320 0.624777 0.637241 0.649706 0.662162 0.674601 0.687013 0.699387 0.711712 0.723973 0.736158 0.748252 0.760237 0.772097 0.783812 0.795362 0.806726 0.817880 0.828801 0.839461 0.849836 0.859895 0.869611 0.878953 0.887890 0.896390 0.904424 0.911958 0.918963 0.925407 0.931262 0.936500 0.941096 0.945027 0.948272 0.950815 0.952641 0.953740 0.954108 0.953740 0.952641 0.950815 0.948272 0.945027 0.941096 0.936500 0.931262 0.925407 0.918963 0.911958 0.904424 0.896390 0.887890 0.878953 0.869611 0.859895 0.849836 0.839461 0.828801 0.817880 0.806726 0.795362 0.783812 0.772097 0.760237 0.748252 0.736158 0.723973 0.711712 0.699387 0.687013 0.674601 0.662162 0.649706 0.637241 0.624777 0.612320 0.599877 0.587455 0.575058 0.562692 0.550361 0.538070 0.525822 0.513619 0.501465 0.489363 0.477313 0.465320 0.453383 0.441504 0.429685 0.417926 0.406229 0.394594 0.383021 0.371512 0.360065 0.348682 0.337363 0.326107 0.314915 0.303786 0.292720 0.281716 
