145 145
6.918310e+01 0 5
0.794334 0.804007 0.813661 0.823295 0.832907 0.842495 0.852057 0.861592 0.871096 0.880568 0.890006 0.899407 0.908769 0.918089 0.927366 0.936595 0.945775 0.954902 0.963975 0.972988 0.981940 0.990827 0.999647 1.008394 1.017067 1.025661 1.034173 1.042599 1.050934 1.059176 1.067320 1.075362 1.083297 1.091122 1.098831 1.106421 1.113887 1.121224 1.128428 1.135494 1.142418 1.149194 1.155817 1.162283 1.168588 1.174725 1.180691 1.186481 1.192089 1.197512 1.202744 1.207780 1.212617 1.217250 1.221674 1.225885 1.229880 1.233654 1.237203 1.240524 1.243614 1.246469 1.249086 1.251463 1.253596 1.255484 1.257125 1.258516 1.259657 1.260545 1.261180 1.261562 1.261689 1.261562 1.261180 1.260545 1.259657 1.258516 1.257125 1.255484 1.253596 1.251463 1.249086 1.246469 1.243614 1.240524 1.237203 1.233654 1.229880 1.225885 1.221674 1.217250 1.212617 1.207780 1.202744 1.197512 1.192089 1.186481 1.180691 1.174725 1.168588 1.162283 1.155817 1.149194 1.142418 1.135494 1.128428 1.121224 1.113887 1.106421 1.098831 1.091122 1.083297 1.075362 1.067320 1.059176 1.050934 1.042599 1.034173 1.025661 1.017067 1.008394 0.999647 0.990827 0.981940 0.972988 0.963975 0.954902 0.945775 0.936595 0.927366 0.918089 0.908769 0.899407 0.890006 0.880568 0.871096 0.861592 0.852057 0.842495 0.832907 0.823295 0.813661 0.804007 0.794334 
0.803055 0.812835 0.822598 0.832343 0.842066 0.851768 0.861445 0.871096 0.880718 0.890310 0.899869 0.909392 0.918878 0.928324 0.937727 0.947084 0.956393 0.965651 0.974855 0.984002 0.993088 1.002110 1.011066 1.019951 1.028762 1.037495 1.046146 1.054712 1.063189 1.071572 1.079857 1.088041 1.096118 1.104085 1.111936 1.119668 1.127275 1.134753 1.142097 1.149302 1.156363 1.163275 1.170034 1.176634 1.183070 1.189337 1.195430 1.201345 1.207075 1.212617 1.217965 1.223115 1.228061 1.232800 1.237326 1.241635 1.245723 1.249586 1.253219 1.256620 1.259784 1.262707 1.265388 1.267823 1.270009 1.271943 1.273624 1.275050 1.276219 1.277129 1.277780 1.278171 1.278301 1.278171 1.277780 1.277129 1.276219 1.275050 1.273624 1.271943 1.270009 1.267823 1.265388 1.262707 1.259784 1.256620 1.253219 1.249586 1.245723 1.241635 1.237326 1.232800 1.228061 1.223115 1.217965 1.212617 1.207075 1.201345 1.195430 1.189337 1.183070 1.176634 1.170034 1.163275 1.156363 1.149302 1.142097 1.134753 1.127275 1.119668 1.111936 1.104085 1.096118 1.088041 1.079857 1.071572 1.063189 1.054712 1.046146 1.037495 1.028762 1.019951 1.011066 1.002110 0.993088 0.984002 0.974855 0.965651 0.956393 0.947084 0.937727 0.928324 0.918878 0.909392 0.899869 0.890310 0.880718 0.871096 0.861445 0.851768 0.842066 0.832343 0.822598 0.812835 0.803055 
0.811735 0.821623 0.831497 0.841353 0.851190 0.861006 0.870799 0.880568 0.890310 0.900022 0.909704 0.919351 0.928963 0.938536 0.948067 0.957554 0.966995 0.976386 0.985724 0.995006 1.004228 1.013389 1.022483 1.031508 1.040460 1.049335 1.058129 1.066838 1.075459 1.083987 1.092417 1.100746 1.108969 1.117081 1.125078 1.132955 1.140707 1.148330 1.155817 1.163165 1.170368 1.177421 1.184318 1.191056 1.197628 1.204029 1.210253 1.216297 1.222154 1.227819 1.233288 1.238554 1.243614 1.248462 1.253094 1.257504 1.261689 1.265644 1.269365 1.272848 1.276089 1.279084 1.281831 1.284326 1.286566 1.288548 1.290272 1.291733 1.292931 1.293865 1.294532 1.294933 1.295067 1.294933 1.294532 1.293865 1.292931 1.291733 1.290272 1.288548 1.286566 1.284326 1.281831 1.279084 1.276089 1.272848 1.269365 1.265644 1.261689 1.257504 1.253094 1.248462 1.243614 1.238554 1.233288 1.227819 1.222154 1.216297 1.210253 1.204029 1.197628 1.191056 1.184318 1.177421 1.170368 1.163165 1.155817 1.148330 1.140707 1.132955 1.125078 1.117081 1.108969 1.100746 1.092417 1.083987 1.075459 1.066838 1.058129 1.049335 1.040460 1.031508 1.022483 1.013389 1.004228 0.995006 0.985724 0.976386 0.966995 0.957554 0.948067 0.938536 0.928963 0.919351 0.909704 0.900022 0.890310 0.880568 0.870799 0.861006 0.851190 0.841353 0.831497 0.821623 0.811735 
0.820372 0.830370 0.840354 0.850323 0.860275 0.870207 0.880118 0.890006 0.899869 0.909704 0.919509 0.929283 0.939022 0.948723 0.958385 0.968005 0.977579 0.987104 0.996579 1.005998 1.015360 1.024661 1.033897 1.043064 1.052160 1.061180 1.070120 1.078976 1.087744 1.096419 1.104998 1.113476 1.121848 1.130109 1.138256 1.146282 1.154183 1.161953 1.169589 1.177083 1.184432 1.191630 1.198671 1.205550 1.212262 1.218801 1.225161 1.231338 1.237326 1.243119 1.248712 1.254099 1.259276 1.264238 1.268979 1.273495 1.277780 1.281831 1.285642 1.289211 1.292532 1.295601 1.298417 1.300974 1.303271 1.305304 1.307070 1.308569 1.309798 1.310755 1.311440 1.311851 1.311988 1.311851 1.311440 1.310755 1.309798 1.308569 1.307070 1.305304 1.303271 1.300974 1.298417 1.295601 1.292532 1.289211 1.285642 1.281831 1.277780 1.273495 1.268979 1.264238 1.259276 1.254099 1.248712 1.243119 1.237326 1.231338 1.225161 1.218801 1.212262 1.205550 1.198671 1.191630 1.184432 1.177083 1.169589 1.161953 1.154183 1.146282 1.138256 1.130109 1.121848 1.113476 1.104998 1.096419 1.087744 1.078976 1.070120 1.061180 1.052160 1.043064 1.033897 1.024661 1.015360 1.005998 0.996579 0.987104 0.977579 0.968005 0.958385 0.948723 0.939022 0.929283 0.919509 0.909704 0.899869 0.890006 0.880118 0.870207 0.860275 0.850323 0.840354 0.830370 0.820372 
0.828964 0.839073 0.849169 0.859252 0.869319 0.879368 0.889398 0.899407 0.909392 0.919351 0.929283 0.939184 0.949052 0.958884 0.968678 0.978432 0.988141 0.997804 1.007417 1.016977 1.026481 1.035924 1.045304 1.054617 1.063860 1.073027 1.082116 1.091122 1.100040 1.108867 1.117598 1.126228 1.134753 1.143167 1.151467 1.159646 1.167700 1.175623 1.183410 1.191056 1.198555 1.205902 1.213091 1.220116 1.226972 1.233654 1.240154 1.246469 1.252591 1.258516 1.264238 1.269751 1.275050 1.280129 1.284984 1.289608 1.293998 1.298148 1.302054 1.305711 1.309115 1.312262 1.315149 1.317771 1.320126 1.322211 1.324024 1.325561 1.326822 1.327804 1.328506 1.328928 1.329069 1.328928 1.328506 1.327804 1.326822 1.325561 1.324024 1.322211 1.320126 1.317771 1.315149 1.312262 1.309115 1.305711 1.302054 1.298148 1.293998 1.289608 1.284984 1.280129 1.275050 1.269751 1.264238 1.258516 1.252591 1.246469 1.240154 1.233654 1.226972 1.220116 1.213091 1.205902 1.198555 1.191056 1.183410 1.175623 1.167700 1.159646 1.151467 1.143167 1.134753 1.126228 1.117598 1.108867 1.100040 1.091122 1.082116 1.073027 1.063860 1.054617 1.045304 1.035924 1.026481 1.016977 1.007417 0.997804 0.988141 0.978432 0.968678 0.958884 0.949052 0.939184 0.929283 0.919351 0.909392 0.899407 0.889398 0.879368 0.869319 0.859252 0.849169 0.839073 0.828964 
0.837509 0.847729 0.857939 0.868136 0.878320 0.888488 0.898638 0.908769 0.918878 0.928963 0.939022 0.949052 0.959050 0.969015 0.978944 0.988834 0.998681 1.008483 1.018237 1.027940 1.037587 1.047176 1.056703 1.066165 1.075557 1.084875 1.094115 1.103274 1.112347 1.121328 1.130215 1.139001 1.147682 1.156254 1.164710 1.173046 1.181257 1.189337 1.197280 1.205082 1.212735 1.220236 1.227577 1.234753 1.241758 1.248587 1.255232 1.261689 1.267951 1.274013 1.279868 1.285511 1.290936 1.296137 1.301109 1.305847 1.310345 1.314598 1.318601 1.322351 1.325841 1.329069 1.332030 1.334720 1.337136 1.339276 1.341135 1.342713 1.344007 1.345015 1.345736 1.346169 1.346313 1.346169 1.345736 1.345015 1.344007 1.342713 1.341135 1.339276 1.337136 1.334720 1.332030 1.329069 1.325841 1.322351 1.318601 1.314598 1.310345 1.305847 1.301109 1.296137 1.290936 1.285511 1.279868 1.274013 1.267951 1.261689 1.255232 1.248587 1.241758 1.234753 1.227577 1.220236 1.212735 1.205082 1.197280 1.189337 1.181257 1.173046 1.164710 1.156254 1.147682 1.139001 1.130215 1.121328 1.112347 1.103274 1.094115 1.084875 1.075557 1.066165 1.056703 1.047176 1.037587 1.027940 1.018237 1.008483 0.998681 0.988834 0.978944 0.969015 0.959050 0.949052 0.939022 0.928963 0.918878 0.908769 0.898638 0.888488 0.878320 0.868136 0.857939 0.847729 0.837509 
0.846004 0.856337 0.866661 0.876974 0.887276 0.897564 0.907835 0.918089 0.928324 0.938536 0.948723 0.958884 0.969015 0.979115 0.989180 0.999208 1.009195 1.019138 1.029036 1.038883 1.048677 1.058414 1.068091 1.077704 1.087248 1.096720 1.106116 1.115431 1.124661 1.133801 1.142846 1.151792 1.160634 1.169366 1.177984 1.186481 1.194853 1.203094 1.211198 1.219159 1.226972 1.234631 1.242129 1.249461 1.256620 1.263600 1.270395 1.276999 1.283405 1.289608 1.295601 1.301379 1.306934 1.312262 1.317356 1.322211 1.326822 1.331182 1.335288 1.339133 1.342713 1.346024 1.349062 1.351823 1.354303 1.356499 1.358408 1.360028 1.361356 1.362391 1.363132 1.363576 1.363724 1.363576 1.363132 1.362391 1.361356 1.360028 1.358408 1.356499 1.354303 1.351823 1.349062 1.346024 1.342713 1.339133 1.335288 1.331182 1.326822 1.322211 1.317356 1.312262 1.306934 1.301379 1.295601 1.289608 1.283405 1.276999 1.270395 1.263600 1.256620 1.249461 1.242129 1.234631 1.226972 1.219159 1.211198 1.203094 1.194853 1.186481 1.177984 1.169366 1.160634 1.151792 1.142846 1.133801 1.124661 1.115431 1.106116 1.096720 1.087248 1.077704 1.068091 1.058414 1.048677 1.038883 1.029036 1.019138 1.009195 0.999208 0.989180 0.979115 0.969015 0.958884 0.948723 0.938536 0.928324 0.918089 0.907835 0.897564 0.887276 0.876974 0.866661 0.856337 0.846004 
0.854448 0.864894 0.875333 0.885763 0.896184 0.906592 0.916987 0.927366 0.937727 0.948067 0.958385 0.968678 0.978944 0.989180 0.999383 1.009551 1.019680 1.029767 1.039810 1.049805 1.059748 1.069636 1.079465 1.089232 1.098932 1.108561 1.118115 1.127589 1.136980 1.146282 1.155490 1.164600 1.173606 1.182503 1.191285 1.199948 1.208486 1.216892 1.225161 1.233288 1.241264 1.249086 1.256746 1.264238 1.271556 1.278693 1.285642 1.292398 1.298954 1.305304 1.311440 1.317356 1.323047 1.328506 1.333727 1.338704 1.343432 1.347903 1.352114 1.356059 1.359733 1.363132 1.366250 1.369084 1.371630 1.373885 1.375846 1.377510 1.378874 1.379937 1.380697 1.381154 1.381306 1.381154 1.380697 1.379937 1.378874 1.377510 1.375846 1.373885 1.371630 1.369084 1.366250 1.363132 1.359733 1.356059 1.352114 1.347903 1.343432 1.338704 1.333727 1.328506 1.323047 1.317356 1.311440 1.305304 1.298954 1.292398 1.285642 1.278693 1.271556 1.264238 1.256746 1.249086 1.241264 1.233288 1.225161 1.216892 1.208486 1.199948 1.191285 1.182503 1.173606 1.164600 1.155490 1.146282 1.136980 1.127589 1.118115 1.108561 1.098932 1.089232 1.079465 1.069636 1.059748 1.049805 1.039810 1.029767 1.019680 1.009551 0.999383 0.989180 0.978944 0.968678 0.958385 0.948067 0.937727 0.927366 0.916987 0.906592 0.896184 0.885763 0.875333 0.864894 0.854448 
0.862837 0.873397 0.883952 0.894501 0.905041 0.915572 0.926091 0.936595 0.947084 0.957554 0.968005 0.978432 0.988834 0.999208 1.009551 1.019860 1.030133 1.040367 1.050558 1.060702 1.070797 1.080838 1.090823 1.100746 1.110605 1.120394 1.130109 1.139747 1.149302 1.158769 1.168144 1.177421 1.186595 1.195661 1.204613 1.213446 1.222154 1.230730 1.239169 1.247465 1.255610 1.263600 1.271427 1.279084 1.286566 1.293865 1.300974 1.307887 1.314598 1.321099 1.327383 1.333444 1.339276 1.344871 1.350223 1.355327 1.360175 1.364763 1.369084 1.373133 1.376904 1.380393 1.383595 1.386506 1.389121 1.391438 1.393452 1.395161 1.396563 1.397656 1.398437 1.398906 1.399063 1.398906 1.398437 1.397656 1.396563 1.395161 1.393452 1.391438 1.389121 1.386506 1.383595 1.380393 1.376904 1.373133 1.369084 1.364763 1.360175 1.355327 1.350223 1.344871 1.339276 1.333444 1.327383 1.321099 1.314598 1.307887 1.300974 1.293865 1.286566 1.279084 1.271427 1.263600 1.255610 1.247465 1.239169 1.230730 1.222154 1.213446 1.204613 1.195661 1.186595 1.177421 1.168144 1.158769 1.149302 1.139747 1.130109 1.120394 1.110605 1.100746 1.090823 1.080838 1.070797 1.060702 1.050558 1.040367 1.030133 1.019860 1.009551 0.999208 0.988834 0.978432 0.968005 0.957554 0.947084 0.936595 0.926091 0.915572 0.905041 0.894501 0.883952 0.873397 0.862837 
0.871170 0.881845 0.892517 0.903184 0.913846 0.924499 0.935143 0.945775 0.956393 0.966995 0.977579 0.988141 0.998681 1.009195 1.019680 1.030133 1.040553 1.050934 1.061275 1.071572 1.081821 1.092018 1.102161 1.112244 1.122264 1.132216 1.142097 1.151901 1.161623 1.171259 1.180805 1.190253 1.199600 1.208839 1.217965 1.226972 1.235854 1.244606 1.253219 1.261689 1.270009 1.278171 1.286170 1.293998 1.301649 1.309115 1.316390 1.323466 1.330336 1.336994 1.343432 1.349643 1.355620 1.361356 1.366845 1.372081 1.377055 1.381763 1.386199 1.390356 1.394228 1.397812 1.401101 1.404092 1.406779 1.409160 1.411230 1.412987 1.414428 1.415551 1.416355 1.416837 1.416998 1.416837 1.416355 1.415551 1.414428 1.412987 1.411230 1.409160 1.406779 1.404092 1.401101 1.397812 1.394228 1.390356 1.386199 1.381763 1.377055 1.372081 1.366845 1.361356 1.355620 1.349643 1.343432 1.336994 1.330336 1.323466 1.316390 1.309115 1.301649 1.293998 1.286170 1.278171 1.270009 1.261689 1.253219 1.244606 1.235854 1.226972 1.217965 1.208839 1.199600 1.190253 1.180805 1.171259 1.161623 1.151901 1.142097 1.132216 1.122264 1.112244 1.102161 1.092018 1.081821 1.071572 1.061275 1.050934 1.040553 1.030133 1.019680 1.009195 0.998681 0.988141 0.977579 0.966995 0.956393 0.945775 0.935143 0.924499 0.913846 0.903184 0.892517 0.881845 0.871170 
0.879443 0.890234 0.901024 0.911811 0.922595 0.933372 0.944142 0.954902 0.965651 0.976386 0.987104 0.997804 1.008483 1.019138 1.029767 1.040367 1.050934 1.061466 1.071960 1.082411 1.092817 1.103173 1.113476 1.123722 1.133906 1.144025 1.154074 1.164047 1.173941 1.183751 1.193470 1.203094 1.212617 1.222034 1.231338 1.240524 1.249586 1.258516 1.267310 1.275959 1.284457 1.292798 1.300974 1.308978 1.316804 1.324443 1.331888 1.339133 1.346169 1.352989 1.359586 1.365952 1.372081 1.377964 1.383595 1.388967 1.394073 1.398906 1.403461 1.407730 1.411709 1.415391 1.418771 1.421845 1.424608 1.427055 1.429184 1.430991 1.432473 1.433628 1.434454 1.434951 1.435116 1.434951 1.434454 1.433628 1.432473 1.430991 1.429184 1.427055 1.424608 1.421845 1.418771 1.415391 1.411709 1.407730 1.403461 1.398906 1.394073 1.388967 1.383595 1.377964 1.372081 1.365952 1.359586 1.352989 1.346169 1.339133 1.331888 1.324443 1.316804 1.308978 1.300974 1.292798 1.284457 1.275959 1.267310 1.258516 1.249586 1.240524 1.231338 1.222034 1.212617 1.203094 1.193470 1.183751 1.173941 1.164047 1.154074 1.144025 1.133906 1.123722 1.113476 1.103173 1.092817 1.082411 1.071960 1.061466 1.050934 1.040367 1.029767 1.019138 1.008483 0.997804 0.987104 0.976386 0.965651 0.954902 0.944142 0.933372 0.922595 0.911811 0.901024 0.890234 0.879443 
0.887654 0.898562 0.909470 0.920378 0.931285 0.942187 0.953085 0.963975 0.974855 0.985724 0.996579 1.007417 1.018237 1.029036 1.039810 1.050558 1.061275 1.071960 1.082608 1.093216 1.103781 1.114298 1.124765 1.135177 1.145529 1.155817 1.166037 1.176184 1.186253 1.196239 1.206136 1.215940 1.225644 1.235242 1.244730 1.254099 1.263345 1.272460 1.281438 1.290272 1.298954 1.307479 1.315838 1.324024 1.332030 1.339847 1.347469 1.354888 1.362095 1.369084 1.375846 1.382373 1.388659 1.394695 1.400473 1.405988 1.411230 1.416194 1.420873 1.425259 1.429348 1.433133 1.436608 1.439769 1.442610 1.445127 1.447317 1.449176 1.450701 1.451889 1.452740 1.453251 1.453421 1.453251 1.452740 1.451889 1.450701 1.449176 1.447317 1.445127 1.442610 1.439769 1.436608 1.433133 1.429348 1.425259 1.420873 1.416194 1.411230 1.405988 1.400473 1.394695 1.388659 1.382373 1.375846 1.369084 1.362095 1.354888 1.347469 1.339847 1.332030 1.324024 1.315838 1.307479 1.298954 1.290272 1.281438 1.272460 1.263345 1.254099 1.244730 1.235242 1.225644 1.215940 1.206136 1.196239 1.186253 1.176184 1.166037 1.155817 1.145529 1.135177 1.124765 1.114298 1.103781 1.093216 1.082608 1.071960 1.061275 1.050558 1.039810 1.029036 1.018237 1.007417 0.996579 0.985724 0.974855 0.963975 0.953085 0.942187 0.931285 0.920378 0.909470 0.898562 0.887654 
0.895801 0.906825 0.917853 0.928883 0.939913 0.950942 0.961968 0.972988 0.984002 0.995006 1.005998 1.016977 1.027940 1.038883 1.049805 1.060702 1.071572 1.082411 1.093216 1.103984 1.114710 1.125392 1.136025 1.146605 1.157127 1.167589 1.177984 1.188307 1.198555 1.208721 1.218801 1.228788 1.238677 1.248462 1.258137 1.267694 1.277129 1.286434 1.295601 1.304625 1.313498 1.322211 1.330759 1.339133 1.347325 1.355327 1.363132 1.370730 1.378116 1.385279 1.392212 1.398906 1.405355 1.411549 1.417481 1.423143 1.428528 1.433628 1.438436 1.442945 1.447148 1.451040 1.454615 1.457866 1.460789 1.463380 1.465634 1.467547 1.469117 1.470340 1.471216 1.471741 1.471917 1.471741 1.471216 1.470340 1.469117 1.467547 1.465634 1.463380 1.460789 1.457866 1.454615 1.451040 1.447148 1.442945 1.438436 1.433628 1.428528 1.423143 1.417481 1.411549 1.405355 1.398906 1.392212 1.385279 1.378116 1.370730 1.363132 1.355327 1.347325 1.339133 1.330759 1.322211 1.313498 1.304625 1.295601 1.286434 1.277129 1.267694 1.258137 1.248462 1.238677 1.228788 1.218801 1.208721 1.198555 1.188307 1.177984 1.167589 1.157127 1.146605 1.136025 1.125392 1.114710 1.103984 1.093216 1.082411 1.071572 1.060702 1.049805 1.038883 1.027940 1.016977 1.005998 0.995006 0.984002 0.972988 0.961968 0.950942 0.939913 0.928883 0.917853 0.906825 0.895801 
0.903880 0.915022 0.926170 0.937322 0.948477 0.959633 0.970788 0.981940 0.993088 1.004228 1.015360 1.026481 1.037587 1.048677 1.059748 1.070797 1.081821 1.092817 1.103781 1.114710 1.125601 1.136449 1.147251 1.158002 1.168699 1.179336 1.189909 1.200413 1.210844 1.221194 1.231460 1.241635 1.251713 1.261689 1.271556 1.281307 1.290936 1.300435 1.309798 1.319017 1.328085 1.336994 1.345736 1.354303 1.362687 1.370880 1.378874 1.386659 1.394228 1.401572 1.408683 1.415551 1.422169 1.428528 1.434620 1.440436 1.445969 1.451210 1.456153 1.460789 1.465113 1.469117 1.472794 1.476141 1.479149 1.481816 1.484137 1.486107 1.487724 1.488984 1.489886 1.490427 1.490608 1.490427 1.489886 1.488984 1.487724 1.486107 1.484137 1.481816 1.479149 1.476141 1.472794 1.469117 1.465113 1.460789 1.456153 1.451210 1.445969 1.440436 1.434620 1.428528 1.422169 1.415551 1.408683 1.401572 1.394228 1.386659 1.378874 1.370880 1.362687 1.354303 1.345736 1.336994 1.328085 1.319017 1.309798 1.300435 1.290936 1.281307 1.271556 1.261689 1.251713 1.241635 1.231460 1.221194 1.210844 1.200413 1.189909 1.179336 1.168699 1.158002 1.147251 1.136449 1.125601 1.114710 1.103781 1.092817 1.081821 1.070797 1.059748 1.048677 1.037587 1.026481 1.015360 1.004228 0.993088 0.981940 0.970788 0.959633 0.948477 0.937322 0.926170 0.915022 0.903880 
0.911889 0.923150 0.934418 0.945693 0.956974 0.968257 0.979542 0.990827 1.002110 1.013389 1.024661 1.035924 1.047176 1.058414 1.069636 1.080838 1.092018 1.103173 1.114298 1.125392 1.136449 1.147467 1.158440 1.169366 1.180239 1.191056 1.201811 1.212499 1.223115 1.233654 1.244110 1.254477 1.264749 1.274920 1.284984 1.294933 1.304761 1.314460 1.324024 1.333444 1.342713 1.351823 1.360766 1.369533 1.378116 1.386506 1.394695 1.402673 1.410433 1.417965 1.425259 1.432308 1.439102 1.445632 1.451889 1.457866 1.463553 1.468942 1.474025 1.478795 1.483243 1.487364 1.491150 1.494595 1.497694 1.500441 1.502831 1.504861 1.506527 1.507825 1.508754 1.509313 1.509499 1.509313 1.508754 1.507825 1.506527 1.504861 1.502831 1.500441 1.497694 1.494595 1.491150 1.487364 1.483243 1.478795 1.474025 1.468942 1.463553 1.457866 1.451889 1.445632 1.439102 1.432308 1.425259 1.417965 1.410433 1.402673 1.394695 1.386506 1.378116 1.369533 1.360766 1.351823 1.342713 1.333444 1.324024 1.314460 1.304761 1.294933 1.284984 1.274920 1.264749 1.254477 1.244110 1.233654 1.223115 1.212499 1.201811 1.191056 1.180239 1.169366 1.158440 1.147467 1.136449 1.125392 1.114298 1.103173 1.092018 1.080838 1.069636 1.058414 1.047176 1.035924 1.024661 1.013389 1.002110 0.990827 0.979542 0.968257 0.956974 0.945693 0.934418 0.923150 0.911889 
0.919825 0.931204 0.942594 0.953993 0.965399 0.976812 0.988228 0.999647 1.011066 1.022483 1.033897 1.045304 1.056703 1.068091 1.079465 1.090823 1.102161 1.113476 1.124765 1.136025 1.147251 1.158440 1.169589 1.180691 1.191745 1.202744 1.213683 1.224559 1.235365 1.246096 1.256746 1.267310 1.277780 1.288151 1.298417 1.308569 1.318601 1.328506 1.338276 1.347903 1.357379 1.366696 1.375846 1.384819 1.393607 1.402201 1.410592 1.418771 1.426728 1.434454 1.441940 1.449176 1.456153 1.462861 1.469291 1.475435 1.481282 1.486825 1.492055 1.496964 1.501543 1.505786 1.509685 1.513234 1.516426 1.519257 1.521720 1.523813 1.525530 1.526868 1.527826 1.528402 1.528594 1.528402 1.527826 1.526868 1.525530 1.523813 1.521720 1.519257 1.516426 1.513234 1.509685 1.505786 1.501543 1.496964 1.492055 1.486825 1.481282 1.475435 1.469291 1.462861 1.456153 1.449176 1.441940 1.434454 1.426728 1.418771 1.410592 1.402201 1.393607 1.384819 1.375846 1.366696 1.357379 1.347903 1.338276 1.328506 1.318601 1.308569 1.298417 1.288151 1.277780 1.267310 1.256746 1.246096 1.235365 1.224559 1.213683 1.202744 1.191745 1.180691 1.169589 1.158440 1.147251 1.136025 1.124765 1.113476 1.102161 1.090823 1.079465 1.068091 1.056703 1.045304 1.033897 1.022483 1.011066 0.999647 0.988228 0.976812 0.965399 0.953993 0.942594 0.931204 0.919825 
0.927685 0.939184 0.950695 0.962218 0.973751 0.985293 0.996841 1.008394 1.019951 1.031508 1.043064 1.054617 1.066165 1.077704 1.089232 1.100746 1.112244 1.123722 1.135177 1.146605 1.158002 1.169366 1.180691 1.191974 1.203211 1.214395 1.225523 1.236590 1.247589 1.258516 1.269365 1.280129 1.290803 1.301379 1.311851 1.322211 1.332454 1.342570 1.352551 1.362391 1.372081 1.381611 1.390974 1.400160 1.409160 1.417965 1.426565 1.434951 1.443112 1.451040 1.458724 1.466155 1.473322 1.480215 1.486825 1.493142 1.499158 1.504861 1.510244 1.515298 1.520014 1.524384 1.528402 1.532059 1.535350 1.538268 1.540808 1.542966 1.544737 1.546118 1.547106 1.547700 1.547898 1.547700 1.547106 1.546118 1.544737 1.542966 1.540808 1.538268 1.535350 1.532059 1.528402 1.524384 1.520014 1.515298 1.510244 1.504861 1.499158 1.493142 1.486825 1.480215 1.473322 1.466155 1.458724 1.451040 1.443112 1.434951 1.426565 1.417965 1.409160 1.400160 1.390974 1.381611 1.372081 1.362391 1.352551 1.342570 1.332454 1.322211 1.311851 1.301379 1.290803 1.280129 1.269365 1.258516 1.247589 1.236590 1.225523 1.214395 1.203211 1.191974 1.180691 1.169366 1.158002 1.146605 1.135177 1.123722 1.112244 1.100746 1.089232 1.077704 1.066165 1.054617 1.043064 1.031508 1.019951 1.008394 0.996841 0.985293 0.973751 0.962218 0.950695 0.939184 0.927685 
0.935466 0.947084 0.958718 0.970366 0.982026 0.993697 1.005378 1.017067 1.028762 1.040460 1.052160 1.063860 1.075557 1.087248 1.098932 1.110605 1.122264 1.133906 1.145529 1.157127 1.168699 1.180239 1.191745 1.203211 1.214633 1.226006 1.237326 1.248587 1.259784 1.270911 1.281962 1.292931 1.303812 1.314598 1.325282 1.335856 1.346313 1.356646 1.366845 1.376904 1.386813 1.396563 1.406146 1.415551 1.424770 1.433793 1.442610 1.451210 1.459584 1.467721 1.475611 1.483243 1.490608 1.497694 1.504492 1.510990 1.517180 1.523051 1.528594 1.533799 1.538658 1.543162 1.547304 1.551075 1.554468 1.557478 1.560099 1.562325 1.564152 1.565577 1.566597 1.567210 1.567415 1.567210 1.566597 1.565577 1.564152 1.562325 1.560099 1.557478 1.554468 1.551075 1.547304 1.543162 1.538658 1.533799 1.528594 1.523051 1.517180 1.510990 1.504492 1.497694 1.490608 1.483243 1.475611 1.467721 1.459584 1.451210 1.442610 1.433793 1.424770 1.415551 1.406146 1.396563 1.386813 1.376904 1.366845 1.356646 1.346313 1.335856 1.325282 1.314598 1.303812 1.292931 1.281962 1.270911 1.259784 1.248587 1.237326 1.226006 1.214633 1.203211 1.191745 1.180239 1.168699 1.157127 1.145529 1.133906 1.122264 1.110605 1.098932 1.087248 1.075557 1.063860 1.052160 1.040460 1.028762 1.017067 1.005378 0.993697 0.982026 0.970366 0.958718 0.947084 0.935466 
0.943164 0.954902 0.966659 0.978432 0.990220 1.002022 1.013836 1.025661 1.037495 1.049335 1.061180 1.073027 1.084875 1.096720 1.108561 1.120394 1.132216 1.144025 1.155817 1.167589 1.179336 1.191056 1.202744 1.214395 1.226006 1.237571 1.249086 1.260545 1.271943 1.283274 1.294532 1.305711 1.316804 1.327804 1.338704 1.349497 1.360175 1.370730 1.381154 1.391438 1.401572 1.411549 1.421359 1.430991 1.440436 1.449684 1.458724 1.467547 1.476141 1.484495 1.492598 1.500441 1.508011 1.515298 1.522290 1.528978 1.535350 1.541396 1.547106 1.552470 1.557478 1.562122 1.566393 1.570283 1.573785 1.576891 1.579596 1.581894 1.583781 1.585252 1.586305 1.586938 1.587149 1.586938 1.586305 1.585252 1.583781 1.581894 1.579596 1.576891 1.573785 1.570283 1.566393 1.562122 1.557478 1.552470 1.547106 1.541396 1.535350 1.528978 1.522290 1.515298 1.508011 1.500441 1.492598 1.484495 1.476141 1.467547 1.458724 1.449684 1.440436 1.430991 1.421359 1.411549 1.401572 1.391438 1.381154 1.370730 1.360175 1.349497 1.338704 1.327804 1.316804 1.305711 1.294532 1.283274 1.271943 1.260545 1.249086 1.237571 1.226006 1.214395 1.202744 1.191056 1.179336 1.167589 1.155817 1.144025 1.132216 1.120394 1.108561 1.096720 1.084875 1.073027 1.061180 1.049335 1.037495 1.025661 1.013836 1.002022 0.990220 0.978432 0.966659 0.954902 0.943164 
0.950777 0.962636 0.974515 0.986414 0.998330 1.010263 1.022211 1.034173 1.046146 1.058129 1.070120 1.082116 1.094115 1.106116 1.118115 1.130109 1.142097 1.154074 1.166037 1.177984 1.189909 1.201811 1.213683 1.225523 1.237326 1.249086 1.260799 1.272460 1.284063 1.295601 1.307070 1.318463 1.329773 1.340992 1.352114 1.363132 1.374036 1.384819 1.395473 1.405988 1.416355 1.426565 1.436608 1.446474 1.456153 1.465634 1.474906 1.483958 1.492780 1.501359 1.509685 1.517746 1.525530 1.533025 1.540221 1.547106 1.553668 1.559897 1.565781 1.571311 1.576476 1.581266 1.585673 1.589688 1.593303 1.596510 1.599303 1.601677 1.603626 1.605146 1.606235 1.606888 1.607107 1.606888 1.606235 1.605146 1.603626 1.601677 1.599303 1.596510 1.593303 1.589688 1.585673 1.581266 1.576476 1.571311 1.565781 1.559897 1.553668 1.547106 1.540221 1.533025 1.525530 1.517746 1.509685 1.501359 1.492780 1.483958 1.474906 1.465634 1.456153 1.446474 1.436608 1.426565 1.416355 1.405988 1.395473 1.384819 1.374036 1.363132 1.352114 1.340992 1.329773 1.318463 1.307070 1.295601 1.284063 1.272460 1.260799 1.249086 1.237326 1.225523 1.213683 1.201811 1.189909 1.177984 1.166037 1.154074 1.142097 1.130109 1.118115 1.106116 1.094115 1.082116 1.070120 1.058129 1.046146 1.034173 1.022211 1.010263 0.998330 0.986414 0.974515 0.962636 0.950777 
0.958302 0.970281 0.982283 0.994308 1.006353 1.018417 1.030500 1.042599 1.054712 1.066838 1.078976 1.091122 1.103274 1.115431 1.127589 1.139747 1.151901 1.164047 1.176184 1.188307 1.200413 1.212499 1.224559 1.236590 1.248587 1.260545 1.272460 1.284326 1.296137 1.307887 1.319571 1.331182 1.342713 1.354157 1.365506 1.376753 1.387889 1.398906 1.409796 1.420549 1.431155 1.441605 1.451889 1.461997 1.471917 1.481638 1.491150 1.500441 1.509499 1.518312 1.526868 1.535156 1.543162 1.550876 1.558283 1.565374 1.572134 1.578554 1.584621 1.590324 1.595653 1.600597 1.605146 1.609292 1.613025 1.616339 1.619225 1.621678 1.623693 1.625264 1.626389 1.627065 1.627291 1.627065 1.626389 1.625264 1.623693 1.621678 1.619225 1.616339 1.613025 1.609292 1.605146 1.600597 1.595653 1.590324 1.584621 1.578554 1.572134 1.565374 1.558283 1.550876 1.543162 1.535156 1.526868 1.518312 1.509499 1.500441 1.491150 1.481638 1.471917 1.461997 1.451889 1.441605 1.431155 1.420549 1.409796 1.398906 1.387889 1.376753 1.365506 1.354157 1.342713 1.331182 1.319571 1.307887 1.296137 1.284326 1.272460 1.260545 1.248587 1.236590 1.224559 1.212499 1.200413 1.188307 1.176184 1.164047 1.151901 1.139747 1.127589 1.115431 1.103274 1.091122 1.078976 1.066838 1.054712 1.042599 1.030500 1.018417 1.006353 0.994308 0.982283 0.970281 0.958302 
0.965735 0.977834 0.989960 1.002110 1.014284 1.026481 1.038698 1.050934 1.063189 1.075459 1.087744 1.100040 1.112347 1.124661 1.136980 1.149302 1.161623 1.173941 1.186253 1.198555 1.210844 1.223115 1.235365 1.247589 1.259784 1.271943 1.284063 1.296137 1.308160 1.320126 1.332030 1.343863 1.355620 1.367293 1.378874 1.390356 1.401730 1.412987 1.424119 1.435116 1.445969 1.456666 1.467198 1.477555 1.487724 1.497694 1.507454 1.516991 1.526294 1.535350 1.544146 1.552669 1.560907 1.568847 1.576476 1.583781 1.590749 1.597368 1.603626 1.609511 1.615011 1.620116 1.624815 1.629098 1.632956 1.636381 1.639365 1.641901 1.643985 1.645610 1.646774 1.647473 1.647706 1.647473 1.646774 1.645610 1.643985 1.641901 1.639365 1.636381 1.632956 1.629098 1.624815 1.620116 1.615011 1.609511 1.603626 1.597368 1.590749 1.583781 1.576476 1.568847 1.560907 1.552669 1.544146 1.535350 1.526294 1.516991 1.507454 1.497694 1.487724 1.477555 1.467198 1.456666 1.445969 1.435116 1.424119 1.412987 1.401730 1.390356 1.378874 1.367293 1.355620 1.343863 1.332030 1.320126 1.308160 1.296137 1.284063 1.271943 1.259784 1.247589 1.235365 1.223115 1.210844 1.198555 1.186253 1.173941 1.161623 1.149302 1.136980 1.124661 1.112347 1.100040 1.087744 1.075459 1.063189 1.050934 1.038698 1.026481 1.014284 1.002110 0.989960 0.977834 0.965735 
0.973073 0.985293 0.997541 1.009818 1.022121 1.034449 1.046801 1.059176 1.071572 1.083987 1.096419 1.108867 1.121328 1.133801 1.146282 1.158769 1.171259 1.183751 1.196239 1.208721 1.221194 1.233654 1.246096 1.258516 1.270911 1.283274 1.295601 1.307887 1.320126 1.332312 1.344439 1.356499 1.368486 1.380393 1.392212 1.403934 1.415551 1.427055 1.438436 1.449684 1.460789 1.471741 1.482530 1.493142 1.503569 1.513796 1.523813 1.533606 1.543162 1.552470 1.561515 1.570283 1.578762 1.586938 1.594797 1.602326 1.609511 1.616339 1.622797 1.628872 1.634552 1.639825 1.644681 1.649108 1.653097 1.656639 1.659726 1.662351 1.664506 1.666189 1.667393 1.668117 1.668358 1.668117 1.667393 1.666189 1.664506 1.662351 1.659726 1.656639 1.653097 1.649108 1.644681 1.639825 1.634552 1.628872 1.622797 1.616339 1.609511 1.602326 1.594797 1.586938 1.578762 1.570283 1.561515 1.552470 1.543162 1.533606 1.523813 1.513796 1.503569 1.493142 1.482530 1.471741 1.460789 1.449684 1.438436 1.427055 1.415551 1.403934 1.392212 1.380393 1.368486 1.356499 1.344439 1.332312 1.320126 1.307887 1.295601 1.283274 1.270911 1.258516 1.246096 1.233654 1.221194 1.208721 1.196239 1.183751 1.171259 1.158769 1.146282 1.133801 1.121328 1.108867 1.096419 1.083987 1.071572 1.059176 1.046801 1.034449 1.022121 1.009818 0.997541 0.985293 0.973073 
0.980312 0.992653 1.005024 1.017427 1.029859 1.042319 1.054807 1.067320 1.079857 1.092417 1.104998 1.117598 1.130215 1.142846 1.155490 1.168144 1.180805 1.193470 1.206136 1.218801 1.231460 1.244110 1.256746 1.269365 1.281962 1.294532 1.307070 1.319571 1.332030 1.344439 1.356792 1.369084 1.381306 1.393452 1.405513 1.417481 1.429348 1.441104 1.452740 1.464246 1.475611 1.486825 1.497877 1.508754 1.519446 1.529939 1.540221 1.550279 1.560099 1.569667 1.578971 1.587994 1.596724 1.605146 1.613246 1.621008 1.628420 1.635466 1.642133 1.648407 1.654276 1.659726 1.664746 1.669325 1.673452 1.677117 1.680312 1.683029 1.685261 1.687003 1.688251 1.689001 1.689251 1.689001 1.688251 1.687003 1.685261 1.683029 1.680312 1.677117 1.673452 1.669325 1.664746 1.659726 1.654276 1.648407 1.642133 1.635466 1.628420 1.621008 1.613246 1.605146 1.596724 1.587994 1.578971 1.569667 1.560099 1.550279 1.540221 1.529939 1.519446 1.508754 1.497877 1.486825 1.475611 1.464246 1.452740 1.441104 1.429348 1.417481 1.405513 1.393452 1.381306 1.369084 1.356792 1.344439 1.332030 1.319571 1.307070 1.294532 1.281962 1.269365 1.256746 1.244110 1.231460 1.218801 1.206136 1.193470 1.180805 1.168144 1.155490 1.142846 1.130215 1.117598 1.104998 1.092417 1.079857 1.067320 1.054807 1.042319 1.029859 1.017427 1.005024 0.992653 0.980312 
0.987450 0.999910 1.012405 1.024934 1.037495 1.050087 1.062710 1.075362 1.088041 1.100746 1.113476 1.126228 1.139001 1.151792 1.164600 1.177421 1.190253 1.203094 1.215940 1.228788 1.241635 1.254477 1.267310 1.280129 1.292931 1.305711 1.318463 1.331182 1.343863 1.356499 1.369084 1.381611 1.394073 1.406462 1.418771 1.430991 1.443112 1.455127 1.467024 1.478795 1.490427 1.501911 1.513234 1.524384 1.535350 1.546118 1.556674 1.567006 1.577099 1.586938 1.596510 1.605799 1.614790 1.623469 1.631819 1.639825 1.647473 1.654748 1.661634 1.668117 1.674183 1.679820 1.685013 1.689751 1.694023 1.697818 1.701127 1.703941 1.706254 1.708059 1.709352 1.710129 1.710388 1.710129 1.709352 1.708059 1.706254 1.703941 1.701127 1.697818 1.694023 1.689751 1.685013 1.679820 1.674183 1.668117 1.661634 1.654748 1.647473 1.639825 1.631819 1.623469 1.614790 1.605799 1.596510 1.586938 1.577099 1.567006 1.556674 1.546118 1.535350 1.524384 1.513234 1.501911 1.490427 1.478795 1.467024 1.455127 1.443112 1.430991 1.418771 1.406462 1.394073 1.381611 1.369084 1.356499 1.343863 1.331182 1.318463 1.305711 1.292931 1.280129 1.267310 1.254477 1.241635 1.228788 1.215940 1.203094 1.190253 1.177421 1.164600 1.151792 1.139001 1.126228 1.113476 1.100746 1.088041 1.075362 1.062710 1.050087 1.037495 1.024934 1.012405 0.999910 0.987450 
0.994482 1.007062 1.019680 1.032334 1.045024 1.057748 1.070507 1.083297 1.096118 1.108969 1.121848 1.134753 1.147682 1.160634 1.173606 1.186595 1.199600 1.212617 1.225644 1.238677 1.251713 1.264749 1.277780 1.290803 1.303812 1.316804 1.329773 1.342713 1.355620 1.368486 1.381306 1.394073 1.406779 1.419417 1.431978 1.444455 1.456837 1.469117 1.481282 1.493324 1.505231 1.516991 1.528594 1.540026 1.551274 1.562325 1.573165 1.583781 1.594156 1.604277 1.614128 1.623693 1.632956 1.641901 1.650513 1.658775 1.666670 1.674183 1.681299 1.688001 1.694275 1.700107 1.705482 1.710388 1.714812 1.718744 1.722173 1.725090 1.727487 1.729359 1.730699 1.731505 1.731774 1.731505 1.730699 1.729359 1.727487 1.725090 1.722173 1.718744 1.714812 1.710388 1.705482 1.700107 1.694275 1.688001 1.681299 1.674183 1.666670 1.658775 1.650513 1.641901 1.632956 1.623693 1.614128 1.604277 1.594156 1.583781 1.573165 1.562325 1.551274 1.540026 1.528594 1.516991 1.505231 1.493324 1.481282 1.469117 1.456837 1.444455 1.431978 1.419417 1.406779 1.394073 1.381306 1.368486 1.355620 1.342713 1.329773 1.316804 1.303812 1.290803 1.277780 1.264749 1.251713 1.238677 1.225644 1.212617 1.199600 1.186595 1.173606 1.160634 1.147682 1.134753 1.121848 1.108969 1.096118 1.083297 1.070507 1.057748 1.045024 1.032334 1.019680 1.007062 0.994482 
1.001406 1.014105 1.026845 1.039625 1.052443 1.065299 1.078193 1.091122 1.104085 1.117081 1.130109 1.143167 1.156254 1.169366 1.182503 1.195661 1.208839 1.222034 1.235242 1.248462 1.261689 1.274920 1.288151 1.301379 1.314598 1.327804 1.340992 1.354157 1.367293 1.380393 1.393452 1.406462 1.419417 1.432308 1.445127 1.457866 1.470515 1.483065 1.495505 1.507825 1.520014 1.532059 1.543949 1.555671 1.567210 1.578554 1.589688 1.600597 1.611266 1.621678 1.631819 1.641670 1.651217 1.660441 1.669325 1.677853 1.686007 1.693771 1.701127 1.708059 1.714551 1.720588 1.726154 1.731236 1.735822 1.739897 1.743453 1.746478 1.748965 1.750907 1.752298 1.753134 1.753413 1.753134 1.752298 1.750907 1.748965 1.746478 1.743453 1.739897 1.735822 1.731236 1.726154 1.720588 1.714551 1.708059 1.701127 1.693771 1.686007 1.677853 1.669325 1.660441 1.651217 1.641670 1.631819 1.621678 1.611266 1.600597 1.589688 1.578554 1.567210 1.555671 1.543949 1.532059 1.520014 1.507825 1.495505 1.483065 1.470515 1.457866 1.445127 1.432308 1.419417 1.406462 1.393452 1.380393 1.367293 1.354157 1.340992 1.327804 1.314598 1.301379 1.288151 1.274920 1.261689 1.248462 1.235242 1.222034 1.208839 1.195661 1.182503 1.169366 1.156254 1.143167 1.130109 1.117081 1.104085 1.091122 1.078193 1.065299 1.052443 1.039625 1.026845 1.014105 1.001406 
1.008217 1.021035 1.033897 1.046801 1.059748 1.072736 1.085764 1.098831 1.111936 1.125078 1.138256 1.151467 1.164710 1.177984 1.191285 1.204613 1.217965 1.231338 1.244730 1.258137 1.271556 1.284984 1.298417 1.311851 1.325282 1.338704 1.352114 1.365506 1.378874 1.392212 1.405513 1.418771 1.431978 1.445127 1.458209 1.471216 1.484137 1.496964 1.509685 1.522290 1.534768 1.547106 1.559291 1.571311 1.583151 1.594797 1.606235 1.617447 1.628420 1.639135 1.649576 1.659726 1.669567 1.679082 1.688251 1.697057 1.705482 1.713508 1.721116 1.728289 1.735010 1.741262 1.747030 1.752298 1.757052 1.761280 1.764969 1.768108 1.770690 1.772706 1.774150 1.775019 1.775308 1.775019 1.774150 1.772706 1.770690 1.768108 1.764969 1.761280 1.757052 1.752298 1.747030 1.741262 1.735010 1.728289 1.721116 1.713508 1.705482 1.697057 1.688251 1.679082 1.669567 1.659726 1.649576 1.639135 1.628420 1.617447 1.606235 1.594797 1.583151 1.571311 1.559291 1.547106 1.534768 1.522290 1.509685 1.496964 1.484137 1.471216 1.458209 1.445127 1.431978 1.418771 1.405513 1.392212 1.378874 1.365506 1.352114 1.338704 1.325282 1.311851 1.298417 1.284984 1.271556 1.258137 1.244730 1.231338 1.217965 1.204613 1.191285 1.177984 1.164710 1.151467 1.138256 1.125078 1.111936 1.098831 1.085764 1.072736 1.059748 1.046801 1.033897 1.021035 1.008217 
1.014912 1.027848 1.040831 1.053860 1.066935 1.080053 1.093216 1.106421 1.119668 1.132955 1.146282 1.159646 1.173046 1.186481 1.199948 1.213446 1.226972 1.240524 1.254099 1.267694 1.281307 1.294933 1.308569 1.322211 1.335856 1.349497 1.363132 1.376753 1.390356 1.403934 1.417481 1.430991 1.444455 1.457866 1.471216 1.484495 1.497694 1.510804 1.523813 1.536710 1.549484 1.562122 1.574612 1.586938 1.599088 1.611046 1.622797 1.634324 1.645610 1.656639 1.667393 1.677853 1.688001 1.697818 1.707285 1.716382 1.725090 1.733390 1.741262 1.748688 1.755650 1.762129 1.768108 1.773572 1.778505 1.782893 1.786723 1.789983 1.792665 1.794759 1.796260 1.797162 1.797463 1.797162 1.796260 1.794759 1.792665 1.789983 1.786723 1.782893 1.778505 1.773572 1.768108 1.762129 1.755650 1.748688 1.741262 1.733390 1.725090 1.716382 1.707285 1.697818 1.688001 1.677853 1.667393 1.656639 1.645610 1.634324 1.622797 1.611046 1.599088 1.586938 1.574612 1.562122 1.549484 1.536710 1.523813 1.510804 1.497694 1.484495 1.471216 1.457866 1.444455 1.430991 1.417481 1.403934 1.390356 1.376753 1.363132 1.349497 1.335856 1.322211 1.308569 1.294933 1.281307 1.267694 1.254099 1.240524 1.226972 1.213446 1.199948 1.186481 1.173046 1.159646 1.146282 1.132955 1.119668 1.106421 1.093216 1.080053 1.066935 1.053860 1.040831 1.027848 1.014912 
1.021487 1.034541 1.047645 1.060798 1.073999 1.087248 1.100544 1.113887 1.127275 1.140707 1.154183 1.167700 1.181257 1.194853 1.208486 1.222154 1.235854 1.249586 1.263345 1.277129 1.290936 1.304761 1.318601 1.332454 1.346313 1.360175 1.374036 1.387889 1.401730 1.415551 1.429348 1.443112 1.456837 1.470515 1.484137 1.497694 1.511177 1.524575 1.537878 1.551075 1.564152 1.577099 1.589900 1.602543 1.615011 1.627291 1.639365 1.651217 1.662829 1.674183 1.685261 1.696044 1.706511 1.716644 1.726421 1.735822 1.744826 1.753413 1.761563 1.769254 1.776469 1.783186 1.789389 1.795059 1.800180 1.804737 1.808716 1.812104 1.814892 1.817069 1.818629 1.819568 1.819881 1.819568 1.818629 1.817069 1.814892 1.812104 1.808716 1.804737 1.800180 1.795059 1.789389 1.783186 1.776469 1.769254 1.761563 1.753413 1.744826 1.735822 1.726421 1.716644 1.706511 1.696044 1.685261 1.674183 1.662829 1.651217 1.639365 1.627291 1.615011 1.602543 1.589900 1.577099 1.564152 1.551075 1.537878 1.524575 1.511177 1.497694 1.484137 1.470515 1.456837 1.443112 1.429348 1.415551 1.401730 1.387889 1.374036 1.360175 1.346313 1.332454 1.318601 1.304761 1.290936 1.277129 1.263345 1.249586 1.235854 1.222154 1.208486 1.194853 1.181257 1.167700 1.154183 1.140707 1.127275 1.113887 1.100544 1.087248 1.073999 1.060798 1.047645 1.034541 1.021487 
