87 87
5.296634e+00 0 5
0.394298 0.408260 0.422160 0.435989 0.449740 0.463404 0.476969 0.490428 0.503769 0.516982 0.530054 0.542974 0.555730 0.568308 0.580695 0.592877 0.604840 0.616569 0.628048 0.639261 0.650194 0.660828 0.671149 0.681138 0.690780 0.700057 0.708951 0.717447 0.725528 0.733177 0.740378 0.747117 0.753377 0.759144 0.764406 0.769150 0.773364 0.777039 0.780164 0.782731 0.784736 0.786171 0.787034 0.787321 0.787034 0.786171 0.784736 0.782731 0.780164 0.777039 0.773364 0.769150 0.764406 0.759144 0.753377 0.747117 0.740378 0.733177 0.725528 0.717447 0.708951 0.700057 0.690780 0.681138 0.671149 0.660828 0.650194 0.639261 0.628048 0.616569 0.604840 0.592877 0.580695 0.568308 0.555730 0.542974 0.530054 0.516982 0.503769 0.490428 0.476969 0.463404 0.449740 0.435989 0.422160 0.408260 0.394298 
0.407928 0.422160 0.436334 0.450444 0.464479 0.478432 0.492292 0.506049 0.519693 0.533212 0.546595 0.559829 0.572901 0.585798 0.598507 0.611011 0.623298 0.635350 0.647152 0.658688 0.669941 0.680893 0.691527 0.701826 0.711771 0.721345 0.730530 0.739307 0.747659 0.755568 0.763017 0.769991 0.776472 0.782446 0.787897 0.792814 0.797183 0.800993 0.804234 0.806898 0.808977 0.810466 0.811362 0.811660 0.811362 0.810466 0.808977 0.806898 0.804234 0.800993 0.797183 0.792814 0.787897 0.782446 0.776472 0.769991 0.763017 0.755568 0.747659 0.739307 0.730530 0.721345 0.711771 0.701826 0.691527 0.680893 0.669941 0.658688 0.647152 0.635350 0.623298 0.611011 0.598507 0.585798 0.572901 0.559829 0.546595 0.533212 0.519693 0.506049 0.492292 0.478432 0.464479 0.450444 0.436334 0.422160 0.407928 
0.421484 0.435989 0.450444 0.464838 0.479164 0.493413 0.507573 0.521636 0.535590 0.549424 0.563125 0.576682 0.590080 0.603306 0.616346 0.629183 0.641804 0.654192 0.666329 0.678199 0.689785 0.701067 0.712028 0.722650 0.732912 0.742796 0.752284 0.761355 0.769991 0.778173 0.785884 0.793104 0.799818 0.806009 0.811660 0.816759 0.821291 0.825244 0.828608 0.831373 0.833532 0.835078 0.836008 0.836318 0.836008 0.835078 0.833532 0.831373 0.828608 0.825244 0.821291 0.816759 0.811660 0.806009 0.799818 0.793104 0.785884 0.778173 0.769991 0.761355 0.752284 0.742796 0.732912 0.722650 0.712028 0.701067 0.689785 0.678199 0.666329 0.654192 0.641804 0.629183 0.616346 0.603306 0.590080 0.576682 0.563125 0.549424 0.535590 0.521636 0.507573 0.493413 0.479164 0.464838 0.450444 0.435989 0.421484 
0.434956 0.449740 0.464479 0.479164 0.493787 0.508337 0.522805 0.537180 0.551452 0.565608 0.579637 0.593525 0.607258 0.620823 0.634204 0.647386 0.660352 0.673086 0.685571 0.697788 0.709719 0.721345 0.732647 0.743604 0.754197 0.764406 0.774210 0.783590 0.792524 0.800993 0.808977 0.816458 0.823417 0.829836 0.835698 0.840989 0.845693 0.849797 0.853291 0.856163 0.858406 0.860013 0.860979 0.861301 0.860979 0.860013 0.858406 0.856163 0.853291 0.849797 0.845693 0.840989 0.835698 0.829836 0.823417 0.816458 0.808977 0.800993 0.792524 0.783590 0.774210 0.764406 0.754197 0.743604 0.732647 0.721345 0.709719 0.697788 0.685571 0.673086 0.660352 0.647386 0.634204 0.620823 0.607258 0.593525 0.579637 0.565608 0.551452 0.537180 0.522805 0.508337 0.493787 0.479164 0.464479 0.449740 0.434956 
0.448336 0.463404 0.478432 0.493413 0.508337 0.523195 0.537976 0.552672 0.567268 0.581755 0.596119 0.610347 0.624426 0.638339 0.652072 0.665609 0.678933 0.692026 0.704870 0.717447 0.729737 0.741721 0.753377 0.764684 0.775623 0.786171 0.796307 0.806009 0.815255 0.824025 0.832298 0.840052 0.847268 0.853928 0.860013 0.865506 0.870392 0.874657 0.878287 0.881273 0.883605 0.885276 0.886280 0.886616 0.886280 0.885276 0.883605 0.881273 0.878287 0.874657 0.870392 0.865506 0.860013 0.853928 0.847268 0.840052 0.832298 0.824025 0.815255 0.806009 0.796307 0.786171 0.775623 0.764684 0.753377 0.741721 0.729737 0.717447 0.704870 0.692026 0.678933 0.665609 0.652072 0.638339 0.624426 0.610347 0.596119 0.581755 0.567268 0.552672 0.537976 0.523195 0.508337 0.493413 0.478432 0.463404 0.448336 
0.461614 0.476969 0.492292 0.507573 0.522805 0.537976 0.553079 0.568100 0.583029 0.597855 0.612563 0.627140 0.641573 0.655845 0.669941 0.683844 0.697537 0.711001 0.724218 0.737168 0.749831 0.762186 0.774210 0.785884 0.797183 0.808085 0.818568 0.828608 0.838182 0.847268 0.855843 0.863886 0.871374 0.878287 0.884607 0.890314 0.895393 0.899827 0.903602 0.906708 0.909134 0.910873 0.911918 0.912267 0.911918 0.910873 0.909134 0.906708 0.903602 0.899827 0.895393 0.890314 0.884607 0.878287 0.871374 0.863886 0.855843 0.847268 0.838182 0.828608 0.818568 0.808085 0.797183 0.785884 0.774210 0.762186 0.749831 0.737168 0.724218 0.711001 0.697537 0.683844 0.669941 0.655845 0.641573 0.627140 0.612563 0.597855 0.583029 0.568100 0.553079 0.537976 0.522805 0.507573 0.492292 0.476969 0.461614 
0.474781 0.490428 0.506049 0.521636 0.537180 0.552672 0.568100 0.583455 0.598724 0.613896 0.628956 0.643892 0.658688 0.673329 0.687799 0.702079 0.716153 0.730001 0.743604 0.756941 0.769991 0.782731 0.795140 0.807194 0.818870 0.830143 0.840989 0.851383 0.861301 0.870719 0.879613 0.887958 0.895733 0.902914 0.909481 0.915415 0.920697 0.925310 0.929239 0.932472 0.934998 0.936809 0.937897 0.938261 0.937897 0.936809 0.934998 0.932472 0.929239 0.925310 0.920697 0.915415 0.909481 0.902914 0.895733 0.887958 0.879613 0.870719 0.861301 0.851383 0.840989 0.830143 0.818870 0.807194 0.795140 0.782731 0.769991 0.756941 0.743604 0.730001 0.716153 0.702079 0.687799 0.673329 0.658688 0.643892 0.628956 0.613896 0.598724 0.583455 0.568100 0.552672 0.537180 0.521636 0.506049 0.490428 0.474781 
0.487827 0.503769 0.519693 0.535590 0.551452 0.567268 0.583029 0.598724 0.614340 0.629866 0.645287 0.660590 0.675760 0.690780 0.705634 0.720304 0.734771 0.749015 0.763017 0.776755 0.790207 0.803348 0.816157 0.828608 0.840676 0.852336 0.863562 0.874328 0.884607 0.894374 0.903602 0.912267 0.920343 0.927807 0.934637 0.940810 0.946306 0.951109 0.955201 0.958569 0.961201 0.963088 0.964222 0.964601 0.964222 0.963088 0.961201 0.958569 0.955201 0.951109 0.946306 0.940810 0.934637 0.927807 0.920343 0.912267 0.903602 0.894374 0.884607 0.874328 0.863562 0.852336 0.840676 0.828608 0.816157 0.803348 0.790207 0.776755 0.763017 0.749015 0.734771 0.720304 0.705634 0.690780 0.675760 0.660590 0.645287 0.629866 0.614340 0.598724 0.583029 0.567268 0.551452 0.535590 0.519693 0.503769 0.487827 
0.500741 0.516982 0.533212 0.549424 0.565608 0.581755 0.597855 0.613896 0.629866 0.645753 0.661543 0.677222 0.692775 0.708184 0.723433 0.738504 0.753377 0.768031 0.782446 0.796599 0.810466 0.824025 0.837250 0.850114 0.862592 0.874657 0.886280 0.897435 0.908093 0.918227 0.927807 0.936809 0.945203 0.952966 0.960072 0.966498 0.972223 0.977226 0.981491 0.985002 0.987747 0.989714 0.990898 0.991293 0.990898 0.989714 0.987747 0.985002 0.981491 0.977226 0.972223 0.966498 0.960072 0.952966 0.945203 0.936809 0.927807 0.918227 0.908093 0.897435 0.886280 0.874657 0.862592 0.850114 0.837250 0.824025 0.810466 0.796599 0.782446 0.768031 0.753377 0.738504 0.723433 0.708184 0.692775 0.677222 0.661543 0.645753 0.629866 0.613896 0.597855 0.581755 0.565608 0.549424 0.533212 0.516982 0.500741 
0.513511 0.530054 0.546595 0.563125 0.579637 0.596119 0.612563 0.628956 0.645287 0.661543 0.677711 0.693775 0.709719 0.725528 0.741183 0.756666 0.771957 0.787034 0.801875 0.816458 0.830758 0.844749 0.858406 0.871701 0.884607 0.897094 0.909134 0.920697 0.931752 0.942271 0.952222 0.961578 0.970309 0.978387 0.985785 0.992479 0.998446 1.003662 1.008111 1.011774 1.014637 1.016691 1.017927 1.018339 1.017927 1.016691 1.014637 1.011774 1.008111 1.003662 0.998446 0.992479 0.985785 0.978387 0.970309 0.961578 0.952222 0.942271 0.931752 0.920697 0.909134 0.897094 0.884607 0.871701 0.858406 0.844749 0.830758 0.816458 0.801875 0.787034 0.771957 0.756666 0.741183 0.725528 0.709719 0.693775 0.677711 0.661543 0.645287 0.628956 0.612563 0.596119 0.579637 0.563125 0.546595 0.530054 0.513511 
0.526126 0.542974 0.559829 0.576682 0.593525 0.610347 0.627140 0.643892 0.660590 0.677222 0.693775 0.710232 0.726578 0.742796 0.758868 0.774775 0.790496 0.806009 0.821291 0.836318 0.851066 0.865506 0.879613 0.893357 0.906708 0.919637 0.932112 0.944102 0.955575 0.966498 0.976840 0.986569 0.995654 1.004065 1.011774 1.018752 1.024974 1.030417 1.035059 1.038884 1.041875 1.044020 1.045311 1.045741 1.045311 1.044020 1.041875 1.038884 1.035059 1.030417 1.024974 1.018752 1.011774 1.004065 0.995654 0.986569 0.976840 0.966498 0.955575 0.944102 0.932112 0.919637 0.906708 0.893357 0.879613 0.865506 0.851066 0.836318 0.821291 0.806009 0.790496 0.774775 0.758868 0.742796 0.726578 0.710232 0.693775 0.677222 0.660590 0.643892 0.627140 0.610347 0.593525 0.576682 0.559829 0.542974 0.526126 
0.538574 0.555730 0.572901 0.590080 0.607258 0.624426 0.641573 0.658688 0.675760 0.692775 0.709719 0.726578 0.743335 0.759972 0.776472 0.792814 0.808977 0.824939 0.840676 0.856163 0.871374 0.886280 0.900854 0.915065 0.928881 0.942271 0.955201 0.967639 0.979549 0.990898 1.001651 1.011774 1.021233 1.029996 1.038032 1.045311 1.051804 1.057487 1.062337 1.066333 1.069459 1.071701 1.073051 1.073501 1.073051 1.071701 1.069459 1.066333 1.062337 1.057487 1.051804 1.045311 1.038032 1.029996 1.021233 1.011774 1.001651 0.990898 0.979549 0.967639 0.955201 0.942271 0.928881 0.915065 0.900854 0.886280 0.871374 0.856163 0.840676 0.824939 0.808977 0.792814 0.776472 0.759972 0.743335 0.726578 0.709719 0.692775 0.675760 0.658688 0.641573 0.624426 0.607258 0.590080 0.572901 0.555730 0.538574 
0.550843 0.568308 0.585798 0.603306 0.620823 0.638339 0.655845 0.673329 0.690780 0.708184 0.725528 0.742796 0.759972 0.777039 0.793976 0.810765 0.827383 0.843807 0.860013 0.875975 0.891665 0.907054 0.922113 0.936809 0.951109 0.964980 0.978387 0.991293 1.003662 1.015458 1.026643 1.037181 1.047036 1.056171 1.064554 1.072151 1.078932 1.084870 1.089940 1.094118 1.097388 1.099734 1.101146 1.101618 1.101146 1.099734 1.097388 1.094118 1.089940 1.084870 1.078932 1.072151 1.064554 1.056171 1.047036 1.037181 1.026643 1.015458 1.003662 0.991293 0.978387 0.964980 0.951109 0.936809 0.922113 0.907054 0.891665 0.875975 0.860013 0.843807 0.827383 0.810765 0.793976 0.777039 0.759972 0.742796 0.725528 0.708184 0.690780 0.673329 0.655845 0.638339 0.620823 0.603306 0.585798 0.568308 0.550843 
0.562919 0.580695 0.598507 0.616346 0.634204 0.652072 0.669941 0.687799 0.705634 0.723433 0.741183 0.758868 0.776472 0.793976 0.811362 0.828608 0.845693 0.862592 0.879281 0.895733 0.911918 0.927807 0.943369 0.958569 0.973374 0.987747 1.001651 1.015048 1.027899 1.040164 1.051804 1.062779 1.073051 1.082580 1.091329 1.099264 1.106351 1.112560 1.117863 1.122236 1.125659 1.128115 1.129594 1.130088 1.129594 1.128115 1.125659 1.122236 1.117863 1.112560 1.106351 1.099264 1.091329 1.082580 1.073051 1.062779 1.051804 1.040164 1.027899 1.015048 1.001651 0.987747 0.973374 0.958569 0.943369 0.927807 0.911918 0.895733 0.879281 0.862592 0.845693 0.828608 0.811362 0.793976 0.776472 0.758868 0.741183 0.723433 0.705634 0.687799 0.669941 0.652072 0.634204 0.616346 0.598507 0.580695 0.562919 
0.574789 0.592877 0.611011 0.629183 0.647386 0.665609 0.683844 0.702079 0.720304 0.738504 0.756666 0.774775 0.792814 0.810765 0.828608 0.846323 0.863886 0.881273 0.898459 0.915415 0.932112 0.948518 0.964601 0.980325 0.995654 1.010550 1.024974 1.038884 1.052239 1.064998 1.077117 1.088553 1.099264 1.109209 1.118347 1.126640 1.134052 1.140548 1.146100 1.150679 1.154265 1.156840 1.158389 1.158907 1.158389 1.156840 1.154265 1.150679 1.146100 1.140548 1.134052 1.126640 1.118347 1.109209 1.099264 1.088553 1.077117 1.064998 1.052239 1.038884 1.024974 1.010550 0.995654 0.980325 0.964601 0.948518 0.932112 0.915415 0.898459 0.881273 0.863886 0.846323 0.828608 0.810765 0.792814 0.774775 0.756666 0.738504 0.720304 0.702079 0.683844 0.665609 0.647386 0.629183 0.611011 0.592877 0.574789 
0.586439 0.604840 0.623298 0.641804 0.660352 0.678933 0.697537 0.716153 0.734771 0.753377 0.771957 0.790496 0.808977 0.827383 0.845693 0.863886 0.881939 0.899827 0.917523 0.934998 0.952222 0.969163 0.985785 1.002053 1.017927 1.033367 1.048333 1.062779 1.076664 1.089940 1.102561 1.114483 1.125659 1.136043 1.145593 1.154265 1.162021 1.168823 1.174639 1.179439 1.183199 1.185899 1.187525 1.188067 1.187525 1.185899 1.183199 1.179439 1.174639 1.168823 1.162021 1.154265 1.145593 1.136043 1.125659 1.114483 1.102561 1.089940 1.076664 1.062779 1.048333 1.033367 1.017927 1.002053 0.985785 0.969163 0.952222 0.934998 0.917523 0.899827 0.881939 0.863886 0.845693 0.827383 0.808977 0.790496 0.771957 0.753377 0.734771 0.716153 0.697537 0.678933 0.660352 0.641804 0.623298 0.604840 0.586439 
0.597855 0.616569 0.635350 0.654192 0.673086 0.692026 0.711001 0.730001 0.749015 0.768031 0.787034 0.806009 0.824939 0.843807 0.862592 0.881273 0.899827 0.918227 0.936446 0.954455 0.972223 0.989714 1.006894 1.023724 1.040164 1.056171 1.071701 1.086709 1.101146 1.114965 1.128115 1.140548 1.152214 1.163063 1.173048 1.182122 1.190244 1.197371 1.203468 1.208503 1.212448 1.215281 1.216988 1.217558 1.216988 1.215281 1.212448 1.208503 1.203468 1.197371 1.190244 1.182122 1.173048 1.163063 1.152214 1.140548 1.128115 1.114965 1.101146 1.086709 1.071701 1.056171 1.040164 1.023724 1.006894 0.989714 0.972223 0.954455 0.936446 0.918227 0.899827 0.881273 0.862592 0.843807 0.824939 0.806009 0.787034 0.768031 0.749015 0.730001 0.711001 0.692026 0.673086 0.654192 0.635350 0.616569 0.597855 
0.609022 0.628048 0.647152 0.666329 0.685571 0.704870 0.724218 0.743604 0.763017 0.782446 0.801875 0.821291 0.840676 0.860013 0.879281 0.898459 0.917523 0.936446 0.955201 0.973758 0.992084 1.010143 1.027899 1.045311 1.062337 1.078932 1.095051 1.110643 1.125659 1.140046 1.153752 1.166722 1.178904 1.190244 1.200689 1.210190 1.218700 1.226172 1.232569 1.237853 1.241996 1.244972 1.246765 1.247364 1.246765 1.244972 1.241996 1.237853 1.232569 1.226172 1.218700 1.210190 1.200689 1.190244 1.178904 1.166722 1.153752 1.140046 1.125659 1.110643 1.095051 1.078932 1.062337 1.045311 1.027899 1.010143 0.992084 0.973758 0.955201 0.936446 0.917523 0.898459 0.879281 0.860013 0.840676 0.821291 0.801875 0.782446 0.763017 0.743604 0.724218 0.704870 0.685571 0.666329 0.647152 0.628048 0.609022 
0.619925 0.639261 0.658688 0.678199 0.697788 0.717447 0.737168 0.756941 0.776755 0.796599 0.816458 0.836318 0.856163 0.875975 0.895733 0.915415 0.934998 0.954455 0.973758 0.992875 1.011774 1.030417 1.048765 1.066778 1.084411 1.101618 1.118347 1.134549 1.150169 1.165151 1.179439 1.192975 1.205701 1.217558 1.228491 1.238443 1.247364 1.255204 1.261919 1.267469 1.271822 1.274951 1.276836 1.277466 1.276836 1.274951 1.271822 1.267469 1.261919 1.255204 1.247364 1.238443 1.228491 1.217558 1.205701 1.192975 1.179439 1.165151 1.150169 1.134549 1.118347 1.101618 1.084411 1.066778 1.048765 1.030417 1.011774 0.992875 0.973758 0.954455 0.934998 0.915415 0.895733 0.875975 0.856163 0.836318 0.816458 0.796599 0.776755 0.756941 0.737168 0.717447 0.697788 0.678199 0.658688 0.639261 0.619925 
0.630549 0.650194 0.669941 0.689785 0.709719 0.729737 0.749831 0.769991 0.790207 0.810466 0.830758 0.851066 0.871374 0.891665 0.911918 0.932112 0.952222 0.972223 0.992084 1.011774 1.031258 1.050500 1.069459 1.088091 1.106351 1.124189 1.141554 1.158389 1.174639 1.190244 1.205142 1.219271 1.232569 1.244972 1.256419 1.266850 1.276207 1.284436 1.291490 1.297323 1.301901 1.305192 1.307175 1.307838 1.307175 1.305192 1.301901 1.297323 1.291490 1.284436 1.276207 1.266850 1.256419 1.244972 1.232569 1.219271 1.205142 1.190244 1.174639 1.158389 1.141554 1.124189 1.106351 1.088091 1.069459 1.050500 1.031258 1.011774 0.992084 0.972223 0.952222 0.932112 0.911918 0.891665 0.871374 0.851066 0.830758 0.810466 0.790207 0.769991 0.749831 0.729737 0.709719 0.689785 0.669941 0.650194 0.630549 
0.640878 0.660828 0.680893 0.701067 0.721345 0.741721 0.762186 0.782731 0.803348 0.824025 0.844749 0.865506 0.886280 0.907054 0.927807 0.948518 0.969163 0.989714 1.010143 1.030417 1.050500 1.070355 1.089940 1.109209 1.128115 1.146607 1.164628 1.182122 1.199028 1.215281 1.230818 1.245569 1.259468 1.272446 1.284436 1.295373 1.305192 1.313835 1.321248 1.327383 1.332199 1.335663 1.337751 1.338449 1.337751 1.335663 1.332199 1.327383 1.321248 1.313835 1.305192 1.295373 1.284436 1.272446 1.259468 1.245569 1.230818 1.215281 1.199028 1.182122 1.164628 1.146607 1.128115 1.109209 1.089940 1.070355 1.050500 1.030417 1.010143 0.989714 0.969163 0.948518 0.927807 0.907054 0.886280 0.865506 0.844749 0.824025 0.803348 0.782731 0.762186 0.741721 0.721345 0.701067 0.680893 0.660828 0.640878 
0.650897 0.671149 0.691527 0.712028 0.732647 0.753377 0.774210 0.795140 0.816157 0.837250 0.858406 0.879613 0.900854 0.922113 0.943369 0.964601 0.985785 1.006894 1.027899 1.048765 1.069459 1.089940 1.110165 1.130088 1.149659 1.168823 1.187525 1.205701 1.223287 1.240217 1.256419 1.271822 1.286352 1.299935 1.312497 1.323967 1.334275 1.343357 1.351152 1.357607 1.362677 1.366325 1.368525 1.369261 1.368525 1.366325 1.362677 1.357607 1.351152 1.343357 1.334275 1.323967 1.312497 1.299935 1.286352 1.271822 1.256419 1.240217 1.223287 1.205701 1.187525 1.168823 1.149659 1.130088 1.110165 1.089940 1.069459 1.048765 1.027899 1.006894 0.985785 0.964601 0.943369 0.922113 0.900854 0.879613 0.858406 0.837250 0.816157 0.795140 0.774210 0.753377 0.732647 0.712028 0.691527 0.671149 0.650897 
0.660590 0.681138 0.701826 0.722650 0.743604 0.764684 0.785884 0.807194 0.828608 0.850114 0.871701 0.893357 0.915065 0.936809 0.958569 0.980325 1.002053 1.023724 1.045311 1.066778 1.088091 1.109209 1.130088 1.150679 1.170932 1.190789 1.210190 1.229071 1.247364 1.264996 1.281892 1.297975 1.313166 1.327383 1.340547 1.352580 1.363405 1.372950 1.381150 1.387946 1.393286 1.397130 1.399449 1.400224 1.399449 1.397130 1.393286 1.387946 1.381150 1.372950 1.363405 1.352580 1.340547 1.327383 1.313166 1.297975 1.281892 1.264996 1.247364 1.229071 1.210190 1.190789 1.170932 1.150679 1.130088 1.109209 1.088091 1.066778 1.045311 1.023724 1.002053 0.980325 0.958569 0.936809 0.915065 0.893357 0.871701 0.850114 0.828608 0.807194 0.785884 0.764684 0.743604 0.722650 0.701826 0.681138 0.660590 
0.669941 0.690780 0.711771 0.732912 0.754197 0.775623 0.797183 0.818870 0.840676 0.862592 0.884607 0.906708 0.928881 0.951109 0.973374 0.995654 1.017927 1.040164 1.062337 1.084411 1.106351 1.128115 1.149659 1.170932 1.191881 1.212448 1.232569 1.252176 1.271198 1.289558 1.307175 1.323967 1.339847 1.354729 1.368525 1.381150 1.392520 1.402556 1.411184 1.418340 1.423967 1.428020 1.430465 1.431282 1.430465 1.428020 1.423967 1.418340 1.411184 1.402556 1.392520 1.381150 1.368525 1.354729 1.339847 1.323967 1.307175 1.289558 1.271198 1.252176 1.232569 1.212448 1.191881 1.170932 1.149659 1.128115 1.106351 1.084411 1.062337 1.040164 1.017927 0.995654 0.973374 0.951109 0.928881 0.906708 0.884607 0.862592 0.840676 0.818870 0.797183 0.775623 0.754197 0.732912 0.711771 0.690780 0.669941 
0.678933 0.700057 0.721345 0.742796 0.764406 0.786171 0.808085 0.830143 0.852336 0.874657 0.897094 0.919637 0.942271 0.964980 0.987747 1.010550 1.033367 1.056171 1.078932 1.101618 1.124189 1.146607 1.168823 1.190789 1.212448 1.233739 1.254597 1.274951 1.294724 1.313835 1.332199 1.349727 1.366325 1.381901 1.396359 1.409606 1.421549 1.432101 1.441182 1.448719 1.454649 1.458923 1.461502 1.462365 1.461502 1.458923 1.454649 1.448719 1.441182 1.432101 1.421549 1.409606 1.396359 1.381901 1.366325 1.349727 1.332199 1.313835 1.294724 1.274951 1.254597 1.233739 1.212448 1.190789 1.168823 1.146607 1.124189 1.101618 1.078932 1.056171 1.033367 1.010550 0.987747 0.964980 0.942271 0.919637 0.897094 0.874657 0.852336 0.830143 0.808085 0.786171 0.764406 0.742796 0.721345 0.700057 0.678933 
0.687551 0.708951 0.730530 0.752284 0.774210 0.796307 0.818568 0.840989 0.863562 0.886280 0.909134 0.932112 0.955201 0.978387 1.001651 1.024974 1.048333 1.071701 1.095051 1.118347 1.141554 1.164628 1.187525 1.210190 1.232569 1.254597 1.276207 1.297323 1.317867 1.337751 1.356886 1.375175 1.392520 1.408818 1.423967 1.437863 1.450407 1.461502 1.471060 1.478999 1.485250 1.489757 1.492479 1.493389 1.492479 1.489757 1.485250 1.478999 1.471060 1.461502 1.450407 1.437863 1.423967 1.408818 1.392520 1.375175 1.356886 1.337751 1.317867 1.297323 1.276207 1.254597 1.232569 1.210190 1.187525 1.164628 1.141554 1.118347 1.095051 1.071701 1.048333 1.024974 1.001651 0.978387 0.955201 0.932112 0.909134 0.886280 0.863562 0.840989 0.818568 0.796307 0.774210 0.752284 0.730530 0.708951 0.687551 
0.695778 0.717447 0.739307 0.761355 0.783590 0.806009 0.828608 0.851383 0.874328 0.897435 0.920697 0.944102 0.967639 0.991293 1.015048 1.038884 1.062779 1.086709 1.110643 1.134549 1.158389 1.182122 1.205701 1.229071 1.252176 1.274951 1.297323 1.319217 1.340547 1.361224 1.381150 1.400224 1.418340 1.435387 1.451253 1.465827 1.478999 1.490663 1.500721 1.509083 1.515672 1.520425 1.523296 1.524256 1.523296 1.520425 1.515672 1.509083 1.500721 1.490663 1.478999 1.465827 1.451253 1.435387 1.418340 1.400224 1.381150 1.361224 1.340547 1.319217 1.297323 1.274951 1.252176 1.229071 1.205701 1.182122 1.158389 1.134549 1.110643 1.086709 1.062779 1.038884 1.015048 0.991293 0.967639 0.944102 0.920697 0.897435 0.874328 0.851383 0.828608 0.806009 0.783590 0.761355 0.739307 0.717447 0.695778 
0.703600 0.725528 0.747659 0.769991 0.792524 0.815255 0.838182 0.861301 0.884607 0.908093 0.931752 0.955575 0.979549 1.003662 1.027899 1.052239 1.076664 1.101146 1.125659 1.150169 1.174639 1.199028 1.223287 1.247364 1.271198 1.294724 1.317867 1.340547 1.362677 1.384161 1.404896 1.424775 1.443683 1.461502 1.478112 1.493389 1.507214 1.519471 1.530051 1.538856 1.545799 1.550810 1.553839 1.554852 1.553839 1.550810 1.545799 1.538856 1.530051 1.519471 1.507214 1.493389 1.478112 1.461502 1.443683 1.424775 1.404896 1.384161 1.362677 1.340547 1.317867 1.294724 1.271198 1.247364 1.223287 1.199028 1.174639 1.150169 1.125659 1.101146 1.076664 1.052239 1.027899 1.003662 0.979549 0.955575 0.931752 0.908093 0.884607 0.861301 0.838182 0.815255 0.792524 0.769991 0.747659 0.725528 0.703600 
0.711001 0.733177 0.755568 0.778173 0.800993 0.824025 0.847268 0.870719 0.894374 0.918227 0.942271 0.966498 0.990898 1.015458 1.040164 1.064998 1.089940 1.114965 1.140046 1.165151 1.190244 1.215281 1.240217 1.264996 1.289558 1.313835 1.337751 1.361224 1.384161 1.406462 1.428020 1.448719 1.468438 1.487049 1.504422 1.520425 1.534926 1.547798 1.558922 1.568187 1.575500 1.580781 1.583974 1.585042 1.583974 1.580781 1.575500 1.568187 1.558922 1.547798 1.534926 1.520425 1.504422 1.487049 1.468438 1.448719 1.428020 1.406462 1.384161 1.361224 1.337751 1.313835 1.289558 1.264996 1.240217 1.215281 1.190244 1.165151 1.140046 1.114965 1.089940 1.064998 1.040164 1.015458 0.990898 0.966498 0.942271 0.918227 0.894374 0.870719 0.847268 0.824025 0.800993 0.778173 0.755568 0.733177 0.711001 
0.717966 0.740378 0.763017 0.785884 0.808977 0.832298 0.855843 0.879613 0.903602 0.927807 0.952222 0.976840 1.001651 1.026643 1.051804 1.077117 1.102561 1.128115 1.153752 1.179439 1.205142 1.230818 1.256419 1.281892 1.307175 1.332199 1.356886 1.381150 1.404896 1.428020 1.450407 1.471937 1.492479 1.511897 1.530051 1.546798 1.561993 1.575500 1.587184 1.596927 1.604622 1.610184 1.613547 1.614673 1.613547 1.610184 1.604622 1.596927 1.587184 1.575500 1.561993 1.546798 1.530051 1.511897 1.492479 1.471937 1.450407 1.428020 1.404896 1.381150 1.356886 1.332199 1.307175 1.281892 1.256419 1.230818 1.205142 1.179439 1.153752 1.128115 1.102561 1.077117 1.051804 1.026643 1.001651 0.976840 0.952222 0.927807 0.903602 0.879613 0.855843 0.832298 0.808977 0.785884 0.763017 0.740378 0.717966 
0.724480 0.747117 0.769991 0.793104 0.816458 0.840052 0.863886 0.887958 0.912267 0.936809 0.961578 0.986569 1.011774 1.037181 1.062779 1.088553 1.114483 1.140548 1.166722 1.192975 1.219271 1.245569 1.271822 1.297975 1.323967 1.349727 1.375175 1.400224 1.424775 1.448719 1.471937 1.494300 1.515672 1.535906 1.554852 1.572354 1.588259 1.602413 1.614673 1.624906 1.632995 1.638846 1.642385 1.643570 1.642385 1.638846 1.632995 1.624906 1.614673 1.602413 1.588259 1.572354 1.554852 1.535906 1.515672 1.494300 1.471937 1.448719 1.424775 1.400224 1.375175 1.349727 1.323967 1.297975 1.271822 1.245569 1.219271 1.192975 1.166722 1.140548 1.114483 1.088553 1.062779 1.037181 1.011774 0.986569 0.961578 0.936809 0.912267 0.887958 0.863886 0.840052 0.816458 0.793104 0.769991 0.747117 0.724480 
0.730530 0.753377 0.776472 0.799818 0.823417 0.847268 0.871374 0.895733 0.920343 0.945203 0.970309 0.995654 1.021233 1.047036 1.073051 1.099264 1.125659 1.152214 1.178904 1.205701 1.232569 1.259468 1.286352 1.313166 1.339847 1.366325 1.392520 1.418340 1.443683 1.468438 1.492479 1.515672 1.537871 1.558922 1.578663 1.596927 1.613547 1.628359 1.641203 1.651935 1.660426 1.666571 1.670291 1.671536 1.670291 1.666571 1.660426 1.651935 1.641203 1.628359 1.613547 1.596927 1.578663 1.558922 1.537871 1.515672 1.492479 1.468438 1.443683 1.418340 1.392520 1.366325 1.339847 1.313166 1.286352 1.259468 1.232569 1.205701 1.178904 1.152214 1.125659 1.099264 1.073051 1.047036 1.021233 0.995654 0.970309 0.945203 0.920343 0.895733 0.871374 0.847268 0.823417 0.799818 0.776472 0.753377 0.730530 
0.736102 0.759144 0.782446 0.806009 0.829836 0.853928 0.878287 0.902914 0.927807 0.952966 0.978387 1.004065 1.029996 1.056171 1.082580 1.109209 1.136043 1.163063 1.190244 1.217558 1.244972 1.272446 1.299935 1.327383 1.354729 1.381901 1.408818 1.435387 1.461502 1.487049 1.511897 1.535906 1.558922 1.580781 1.601312 1.620335 1.637671 1.653140 1.666571 1.677805 1.686701 1.693144 1.697046 1.698352 1.697046 1.693144 1.686701 1.677805 1.666571 1.653140 1.637671 1.620335 1.601312 1.580781 1.558922 1.535906 1.511897 1.487049 1.461502 1.435387 1.408818 1.381901 1.354729 1.327383 1.299935 1.272446 1.244972 1.217558 1.190244 1.163063 1.136043 1.109209 1.082580 1.056171 1.029996 1.004065 0.978387 0.952966 0.927807 0.902914 0.878287 0.853928 0.829836 0.806009 0.782446 0.759144 0.736102 
0.741183 0.764406 0.787897 0.811660 0.835698 0.860013 0.884607 0.909481 0.934637 0.960072 0.985785 1.011774 1.038032 1.064554 1.091329 1.118347 1.145593 1.173048 1.200689 1.228491 1.256419 1.284436 1.312497 1.340547 1.368525 1.396359 1.423967 1.451253 1.478112 1.504422 1.530051 1.554852 1.578663 1.601312 1.622616 1.642385 1.660426 1.676545 1.690558 1.702291 1.711590 1.718329 1.722413 1.723780 1.722413 1.718329 1.711590 1.702291 1.690558 1.676545 1.660426 1.642385 1.622616 1.601312 1.578663 1.554852 1.530051 1.504422 1.478112 1.451253 1.423967 1.396359 1.368525 1.340547 1.312497 1.284436 1.256419 1.228491 1.200689 1.173048 1.145593 1.118347 1.091329 1.064554 1.038032 1.011774 0.985785 0.960072 0.934637 0.909481 0.884607 0.860013 0.835698 0.811660 0.787897 0.764406 0.741183 
0.745763 0.769150 0.792814 0.816759 0.840989 0.865506 0.890314 0.915415 0.940810 0.966498 0.992479 1.018752 1.045311 1.072151 1.099264 1.126640 1.154265 1.182122 1.210190 1.238443 1.266850 1.295373 1.323967 1.352580 1.381150 1.409606 1.437863 1.465827 1.493389 1.520425 1.546798 1.572354 1.596927 1.620335 1.642385 1.662876 1.681600 1.698352 1.712932 1.725151 1.734846 1.741875 1.746136 1.747564 1.746136 1.741875 1.734846 1.725151 1.712932 1.698352 1.681600 1.662876 1.642385 1.620335 1.596927 1.572354 1.546798 1.520425 1.493389 1.465827 1.437863 1.409606 1.381150 1.352580 1.323967 1.295373 1.266850 1.238443 1.210190 1.182122 1.154265 1.126640 1.099264 1.072151 1.045311 1.018752 0.992479 0.966498 0.940810 0.915415 0.890314 0.865506 0.840989 0.816759 0.792814 0.769150 0.745763 
0.749831 0.773364 0.797183 0.821291 0.845693 0.870392 0.895393 0.920697 0.946306 0.972223 0.998446 1.024974 1.051804 1.078932 1.106351 1.134052 1.162021 1.190244 1.218700 1.247364 1.276207 1.305192 1.334275 1.363405 1.392520 1.421549 1.450407 1.478999 1.507214 1.534926 1.561993 1.588259 1.613547 1.637671 1.660426 1.681600 1.700975 1.718329 1.733450 1.746136 1.756209 1.763518 1.767950 1.769435 1.767950 1.763518 1.756209 1.746136 1.733450 1.718329 1.700975 1.681600 1.660426 1.637671 1.613547 1.588259 1.561993 1.534926 1.507214 1.478999 1.450407 1.421549 1.392520 1.363405 1.334275 1.305192 1.276207 1.247364 1.218700 1.190244 1.162021 1.134052 1.106351 1.078932 1.051804 1.024974 0.998446 0.972223 0.946306 0.920697 0.895393 0.870392 0.845693 0.821291 0.797183 0.773364 0.749831 
0.753377 0.777039 0.800993 0.825244 0.849797 0.874657 0.899827 0.925310 0.951109 0.977226 1.003662 1.030417 1.057487 1.084870 1.112560 1.140548 1.168823 1.197371 1.226172 1.255204 1.284436 1.313835 1.343357 1.372950 1.402556 1.432101 1.461502 1.490663 1.519471 1.547798 1.575500 1.602413 1.628359 1.653140 1.676545 1.698352 1.718329 1.736244 1.751870 1.764991 1.775417 1.782987 1.787580 1.789119 1.787580 1.782987 1.775417 1.764991 1.751870 1.736244 1.718329 1.698352 1.676545 1.653140 1.628359 1.602413 1.575500 1.547798 1.519471 1.490663 1.461502 1.432101 1.402556 1.372950 1.343357 1.313835 1.284436 1.255204 1.226172 1.197371 1.168823 1.140548 1.112560 1.084870 1.057487 1.030417 1.003662 0.977226 0.951109 0.925310 0.899827 0.874657 0.849797 0.825244 0.800993 0.777039 0.753377 
0.756391 0.780164 0.804234 0.828608 0.853291 0.878287 0.903602 0.929239 0.955201 0.981491 1.008111 1.035059 1.062337 1.089940 1.117863 1.146100 1.174639 1.203468 1.232569 1.261919 1.291490 1.321248 1.351152 1.381150 1.411184 1.441182 1.471060 1.500721 1.530051 1.558922 1.587184 1.614673 1.641203 1.666571 1.690558 1.712932 1.733450 1.751870 1.767950 1.781465 1.792211 1.800018 1.804756 1.806345 1.804756 1.800018 1.792211 1.781465 1.767950 1.751870 1.733450 1.712932 1.690558 1.666571 1.641203 1.614673 1.587184 1.558922 1.530051 1.500721 1.471060 1.441182 1.411184 1.381150 1.351152 1.321248 1.291490 1.261919 1.232569 1.203468 1.174639 1.146100 1.117863 1.089940 1.062337 1.035059 1.008111 0.981491 0.955201 0.929239 0.903602 0.878287 0.853291 0.828608 0.804234 0.780164 0.756391 
0.758868 0.782731 0.806898 0.831373 0.856163 0.881273 0.906708 0.932472 0.958569 0.985002 1.011774 1.038884 1.066333 1.094118 1.122236 1.150679 1.179439 1.208503 1.237853 1.267469 1.297323 1.327383 1.357607 1.387946 1.418340 1.448719 1.478999 1.509083 1.538856 1.568187 1.596927 1.624906 1.651935 1.677805 1.702291 1.725151 1.746136 1.764991 1.781465 1.795321 1.806345 1.814357 1.819221 1.820853 1.819221 1.814357 1.806345 1.795321 1.781465 1.764991 1.746136 1.725151 1.702291 1.677805 1.651935 1.624906 1.596927 1.568187 1.538856 1.509083 1.478999 1.448719 1.418340 1.387946 1.357607 1.327383 1.297323 1.267469 1.237853 1.208503 1.179439 1.150679 1.122236 1.094118 1.066333 1.038884 1.011774 0.985002 0.958569 0.932472 0.906708 0.881273 0.856163 0.831373 0.806898 0.782731 0.758868 
0.760801 0.784736 0.808977 0.833532 0.858406 0.883605 0.909134 0.934998 0.961201 0.987747 1.014637 1.041875 1.069459 1.097388 1.125659 1.154265 1.183199 1.212448 1.241996 1.271822 1.301901 1.332199 1.362677 1.393286 1.423967 1.454649 1.485250 1.515672 1.545799 1.575500 1.604622 1.632995 1.660426 1.686701 1.711590 1.734846 1.756209 1.775417 1.792211 1.806345 1.817595 1.825775 1.830743 1.832409 1.830743 1.825775 1.817595 1.806345 1.792211 1.775417 1.756209 1.734846 1.711590 1.686701 1.660426 1.632995 1.604622 1.575500 1.545799 1.515672 1.485250 1.454649 1.423967 1.393286 1.362677 1.332199 1.301901 1.271822 1.241996 1.212448 1.183199 1.154265 1.125659 1.097388 1.069459 1.041875 1.014637 0.987747 0.961201 0.934998 0.909134 0.883605 0.858406 0.833532 0.808977 0.784736 0.760801 
0.762186 0.786171 0.810466 0.835078 0.860013 0.885276 0.910873 0.936809 0.963088 0.989714 1.016691 1.044020 1.071701 1.099734 1.128115 1.156840 1.185899 1.215281 1.244972 1.274951 1.305192 1.335663 1.366325 1.397130 1.428020 1.458923 1.489757 1.520425 1.550810 1.580781 1.610184 1.638846 1.666571 1.693144 1.718329 1.741875 1.763518 1.782987 1.800018 1.814357 1.825775 1.834080 1.839124 1.840816 1.839124 1.834080 1.825775 1.814357 1.800018 1.782987 1.763518 1.741875 1.718329 1.693144 1.666571 1.638846 1.610184 1.580781 1.550810 1.520425 1.489757 1.458923 1.428020 1.397130 1.366325 1.335663 1.305192 1.274951 1.244972 1.215281 1.185899 1.156840 1.128115 1.099734 1.071701 1.044020 1.016691 0.989714 0.963088 0.936809 0.910873 0.885276 0.860013 0.835078 0.810466 0.786171 0.762186 
0.763017 0.787034 0.811362 0.836008 0.860979 0.886280 0.911918 0.937897 0.964222 0.990898 1.017927 1.045311 1.073051 1.101146 1.129594 1.158389 1.187525 1.216988 1.246765 1.276836 1.307175 1.337751 1.368525 1.399449 1.430465 1.461502 1.492479 1.523296 1.553839 1.583974 1.613547 1.642385 1.670291 1.697046 1.722413 1.746136 1.767950 1.787580 1.804756 1.819221 1.830743 1.839124 1.844216 1.845924 1.844216 1.839124 1.830743 1.819221 1.804756 1.787580 1.767950 1.746136 1.722413 1.697046 1.670291 1.642385 1.613547 1.583974 1.553839 1.523296 1.492479 1.461502 1.430465 1.399449 1.368525 1.337751 1.307175 1.276836 1.246765 1.216988 1.187525 1.158389 1.129594 1.101146 1.073051 1.045311 1.017927 0.990898 0.964222 0.937897 0.911918 0.886280 0.860979 0.836008 0.811362 0.787034 0.763017 
0.763295 0.787321 0.811660 0.836318 0.861301 0.886616 0.912267 0.938261 0.964601 0.991293 1.018339 1.045741 1.073501 1.101618 1.130088 1.158907 1.188067 1.217558 1.247364 1.277466 1.307838 1.338449 1.369261 1.400224 1.431282 1.462365 1.493389 1.524256 1.554852 1.585042 1.614673 1.643570 1.671536 1.698352 1.723780 1.747564 1.769435 1.789119 1.806345 1.820853 1.832409 1.840816 1.845924 1.847637 1.845924 1.840816 1.832409 1.820853 1.806345 1.789119 1.769435 1.747564 1.723780 1.698352 1.671536 1.643570 1.614673 1.585042 1.554852 1.524256 1.493389 1.462365 1.431282 1.400224 1.369261 1.338449 1.307838 1.277466 1.247364 1.217558 1.188067 1.158907 1.130088 1.101618 1.073501 1.045741 1.018339 0.991293 0.964601 0.938261 0.912267 0.886616 0.861301 0.836318 0.811660 0.787321 0.763295 
0.763295 0.787321 0.811660 0.836318 0.861301 0.886616 0.912267 0.938261 0.964601 0.991293 1.018339 1.045741 1.073501 1.101617 1.130088 1.158907 1.188067 1.217558 1.247364 1.277466 1.307838 1.338449 1.369261 1.400224 1.431282 1.462365 1.493389 1.524256 1.554851 1.585042 1.614673 1.643570 1.671536 1.698352 1.723780 1.747564 1.769435 1.789119 1.806344 1.820852 1.832409 1.840816 1.845923 1.847636 1.845923 1.840816 1.832409 1.820852 1.806344 1.789119 1.769435 1.747564 1.723780 1.698352 1.671536 1.643570 1.614673 1.585042 1.554851 1.524256 1.493389 1.462365 1.431282 1.400224 1.369261 1.338449 1.307838 1.277466 1.247364 1.217558 1.188067 1.158907 1.130088 1.101617 1.073501 1.045741 1.018339 0.991293 0.964601 0.938261 0.912267 0.886616 0.861301 0.836318 0.811660 0.787321 0.763295 
0.763295 0.787321 0.811660 0.836318 0.861301 0.886616 0.912267 0.938260 0.964601 0.991293 1.018339 1.045741 1.073501 1.101617 1.130088 1.158907 1.188067 1.217558 1.247364 1.277465 1.307838 1.338449 1.369260 1.400224 1.431282 1.462364 1.493388 1.524256 1.554851 1.585041 1.614672 1.643569 1.671535 1.698352 1.723780 1.747563 1.769435 1.789119 1.806344 1.820852 1.832408 1.840815 1.845923 1.847636 1.845923 1.840815 1.832408 1.820852 1.806344 1.789119 1.769435 1.747563 1.723780 1.698352 1.671535 1.643569 1.614672 1.585041 1.554851 1.524256 1.493388 1.462364 1.431282 1.400224 1.369260 1.338449 1.307838 1.277465 1.247364 1.217558 1.188067 1.158907 1.130088 1.101617 1.073501 1.045741 1.018339 0.991293 0.964601 0.938260 0.912267 0.886616 0.861301 0.836318 0.811660 0.787321 0.763295 
0.763005 0.787021 0.811349 0.835995 0.860965 0.886266 0.911903 0.937881 0.964206 0.990881 1.017909 1.045292 1.073031 1.101126 1.129573 1.158367 1.187501 1.216963 1.246739 1.276809 1.307146 1.337721 1.368494 1.399416 1.430429 1.461465 1.492439 1.523254 1.553795 1.583927 1.613499 1.642334 1.670236 1.696989 1.722353 1.746074 1.767885 1.787513 1.804687 1.819151 1.830671 1.839051 1.844142 1.845849 1.844142 1.839051 1.830671 1.819151 1.804687 1.787513 1.767885 1.746074 1.722353 1.696989 1.670236 1.642334 1.613499 1.583927 1.553795 1.523254 1.492439 1.461465 1.430429 1.399416 1.368494 1.337721 1.307146 1.276809 1.246739 1.216963 1.187501 1.158367 1.129573 1.101126 1.073031 1.045292 1.017909 0.990881 0.964206 0.937881 0.911903 0.886266 0.860965 0.835995 0.811349 0.787021 0.763005 
0.762162 0.786146 0.810441 0.835052 0.859985 0.885247 0.910843 0.936777 0.963055 0.989680 1.016656 1.043983 1.071662 1.099694 1.128073 1.156795 1.185852 1.215232 1.244921 1.274897 1.305135 1.335603 1.366262 1.397064 1.427949 1.458849 1.489679 1.520342 1.550723 1.580689 1.610087 1.638744 1.666464 1.693032 1.718212 1.741753 1.763390 1.782855 1.799882 1.814218 1.825633 1.833936 1.838978 1.840670 1.838978 1.833936 1.825633 1.814218 1.799882 1.782855 1.763390 1.741753 1.718212 1.693032 1.666464 1.638744 1.610087 1.580689 1.550723 1.520342 1.489679 1.458849 1.427949 1.397064 1.366262 1.335603 1.305135 1.274897 1.244921 1.215232 1.185852 1.156795 1.128073 1.099694 1.071662 1.043983 1.016656 0.989680 0.963055 0.936777 0.910843 0.885247 0.859985 0.835052 0.810441 0.786146 0.762162 
0.760766 0.784699 0.808939 0.833492 0.858365 0.883562 0.909089 0.934951 0.961152 0.987696 1.014584 1.041819 1.069401 1.097327 1.125595 1.154199 1.183129 1.212375 1.241919 1.271741 1.301816 1.332110 1.362583 1.393187 1.423862 1.454539 1.485134 1.515549 1.545670 1.575364 1.604479 1.632845 1.660268 1.686536 1.711417 1.734665 1.756021 1.775223 1.792011 1.806139 1.817385 1.825562 1.830528 1.832193 1.830528 1.825562 1.817385 1.806139 1.792011 1.775223 1.756021 1.734665 1.711417 1.686536 1.660268 1.632845 1.604479 1.575364 1.545670 1.515549 1.485134 1.454539 1.423862 1.393187 1.362583 1.332110 1.301816 1.271741 1.241919 1.212375 1.183129 1.154199 1.125595 1.097327 1.069401 1.041819 1.014584 0.987696 0.961152 0.934951 0.909089 0.883562 0.858365 0.833492 0.808939 0.784699 0.760766 
0.758821 0.782682 0.806847 0.831320 0.856108 0.881216 0.906648 0.932410 0.958505 0.984935 1.011703 1.038810 1.066256 1.094038 1.122152 1.150591 1.179347 1.208406 1.237752 1.267362 1.297211 1.327265 1.357483 1.387815 1.418202 1.448573 1.478846 1.508921 1.538686 1.568008 1.596739 1.624708 1.651727 1.677588 1.702064 1.724915 1.745891 1.764737 1.781203 1.795052 1.806070 1.814079 1.818941 1.820571 1.818941 1.814079 1.806070 1.795052 1.781203 1.764737 1.745891 1.724915 1.702064 1.677588 1.651727 1.624708 1.596739 1.568008 1.538686 1.508921 1.478846 1.448573 1.418202 1.387815 1.357483 1.327265 1.297211 1.267362 1.237752 1.208406 1.179347 1.150591 1.122152 1.094038 1.066256 1.038810 1.011703 0.984935 0.958505 0.932410 0.906648 0.881216 0.856108 0.831320 0.806847 0.782682 0.758821 
0.756332 0.780102 0.804170 0.828542 0.853222 0.878216 0.903528 0.929162 0.955121 0.981408 1.008023 1.034968 1.062241 1.089840 1.117759 1.145990 1.174525 1.203348 1.232443 1.261786 1.291351 1.321102 1.350998 1.380989 1.411014 1.441003 1.470871 1.500522 1.529842 1.558702 1.586953 1.614430 1.640948 1.666305 1.690280 1.712642 1.733150 1.751559 1.767630 1.781138 1.791877 1.799679 1.804415 1.806002 1.804415 1.799679 1.791877 1.781138 1.767630 1.751559 1.733150 1.712642 1.690280 1.666305 1.640948 1.614430 1.586953 1.558702 1.529842 1.500522 1.470871 1.441003 1.411014 1.380989 1.350998 1.321102 1.291351 1.261786 1.232443 1.203348 1.174525 1.145990 1.117759 1.089840 1.062241 1.034968 1.008023 0.981408 0.955121 0.929162 0.903528 0.878216 0.853222 0.828542 0.804170 0.780102 0.756332 
