119 119
1.799010e+01 0 5
-0.035560 -0.027467 -0.019396 -0.011347 -0.003324 0.004670 0.012634 0.020564 0.028458 0.036313 0.044126 0.051893 0.059612 0.067279 0.074890 0.082442 0.089931 0.097352 0.104703 0.111979 0.119174 0.126286 0.133309 0.140238 0.147069 0.153796 0.160415 0.166921 0.173307 0.179569 0.185700 0.191696 0.197551 0.203259 0.208815 0.214212 0.219444 0.224507 0.229394 0.234099 0.238617 0.242943 0.247070 0.250994 0.254709 0.258210 0.261493 0.264553 0.267385 0.269985 0.272350 0.274476 0.276360 0.277998 0.279389 0.280530 0.281419 0.282055 0.282438 0.282565 0.282438 0.282055 0.281419 0.280530 0.279389 0.277998 0.276360 0.274476 0.272350 0.269985 0.267385 0.264553 0.261493 0.258210 0.254709 0.250994 0.247070 0.242943 0.238617 0.234099 0.229394 0.224507 0.219444 0.214212 0.208815 0.203259 0.197551 0.191696 0.185700 0.179569 0.173307 0.166921 0.160415 0.153796 0.147069 0.140238 0.133309 0.126286 0.119174 0.111979 0.104703 0.097352 0.089931 0.082442 0.074890 0.067279 0.059612 0.051893 0.044126 0.036313 0.028458 0.020564 0.012634 0.004670 -0.003324 -0.011347 -0.019396 -0.027467 -0.035560 
-0.027746 -0.019537 -0.011347 -0.003179 0.004966 0.013084 0.021173 0.029231 0.037254 0.045240 0.053185 0.061087 0.068942 0.076746 0.084497 0.092190 0.099821 0.107386 0.114881 0.122302 0.129645 0.136904 0.144075 0.151153 0.158133 0.165010 0.171779 0.178434 0.184969 0.191379 0.197659 0.203801 0.209802 0.215653 0.221351 0.226887 0.232257 0.237455 0.242473 0.247307 0.251950 0.256396 0.260640 0.264676 0.268498 0.272101 0.275480 0.278630 0.281546 0.284225 0.286661 0.288852 0.290793 0.292482 0.293915 0.295091 0.296008 0.296664 0.297058 0.297190 0.297058 0.296664 0.296008 0.295091 0.293915 0.292482 0.290793 0.288852 0.286661 0.284225 0.281546 0.278630 0.275480 0.272101 0.268498 0.264676 0.260640 0.256396 0.251950 0.247307 0.242473 0.237455 0.232257 0.226887 0.221351 0.215653 0.209802 0.203801 0.197659 0.191379 0.184969 0.178434 0.171779 0.165010 0.158133 0.151153 0.144075 0.136904 0.129645 0.122302 0.114881 0.107386 0.099821 0.092190 0.084497 0.076746 0.068942 0.061087 0.053185 0.045240 0.037254 0.029231 0.021173 0.013084 0.004966 -0.003179 -0.011347 -0.019537 -0.027746 
-0.019961 -0.011634 -0.003324 0.004966 0.013234 0.021478 0.029695 0.037882 0.046037 0.054156 0.062237 0.070277 0.078270 0.086216 0.094109 0.101945 0.109722 0.117434 0.125078 0.132649 0.140142 0.147553 0.154877 0.162109 0.169243 0.176274 0.183197 0.190006 0.196695 0.203259 0.209692 0.215987 0.222138 0.228139 0.233984 0.239666 0.245179 0.250517 0.255672 0.260640 0.265413 0.269985 0.274351 0.278504 0.282438 0.286147 0.289627 0.292872 0.295877 0.298637 0.301149 0.303407 0.305409 0.307150 0.308629 0.309842 0.310788 0.311464 0.311871 0.312006 0.311871 0.311464 0.310788 0.309842 0.308629 0.307150 0.305409 0.303407 0.301149 0.298637 0.295877 0.292872 0.289627 0.286147 0.282438 0.278504 0.274351 0.269985 0.265413 0.260640 0.255672 0.250517 0.245179 0.239666 0.233984 0.228139 0.222138 0.215987 0.209692 0.203259 0.196695 0.190006 0.183197 0.176274 0.169243 0.162109 0.154877 0.147553 0.140142 0.132649 0.125078 0.117434 0.109722 0.101945 0.094109 0.086216 0.078270 0.070277 0.062237 0.054156 0.046037 0.037882 0.029695 0.021478 0.013234 0.004966 -0.003324 -0.011634 -0.019961 
-0.012207 -0.003761 0.004670 0.013084 0.021478 0.029850 0.038197 0.046516 0.054805 0.063061 0.071280 0.079459 0.087595 0.095684 0.103723 0.111707 0.119633 0.127496 0.135292 0.143017 0.150665 0.158232 0.165713 0.173103 0.180396 0.187586 0.194669 0.201637 0.208486 0.215209 0.221800 0.228253 0.234561 0.240717 0.246715 0.252548 0.258210 0.263694 0.268993 0.274100 0.279009 0.283714 0.288206 0.292482 0.296533 0.300354 0.303940 0.307284 0.310382 0.313228 0.315818 0.318148 0.320213 0.322010 0.323536 0.324788 0.325764 0.326463 0.326883 0.327022 0.326883 0.326463 0.325764 0.324788 0.323536 0.322010 0.320213 0.318148 0.315818 0.313228 0.310382 0.307284 0.303940 0.300354 0.296533 0.292482 0.288206 0.283714 0.279009 0.274100 0.268993 0.263694 0.258210 0.252548 0.246715 0.240717 0.234561 0.228253 0.221800 0.215209 0.208486 0.201637 0.194669 0.187586 0.180396 0.173103 0.165713 0.158232 0.150665 0.143017 0.135292 0.127496 0.119633 0.111707 0.103723 0.095684 0.087595 0.079459 0.071280 0.063061 0.054805 0.046516 0.038197 0.029850 0.021478 0.013084 0.004670 -0.003761 -0.012207 
-0.004488 0.004079 0.012634 0.021173 0.029695 0.038197 0.046676 0.055129 0.063555 0.071949 0.080309 0.088632 0.096913 0.105149 0.113337 0.121472 0.129551 0.137569 0.145521 0.153404 0.161211 0.168939 0.176582 0.184134 0.191591 0.198945 0.206193 0.213326 0.220341 0.227228 0.233984 0.240600 0.247070 0.253387 0.259545 0.265536 0.271353 0.276989 0.282438 0.287691 0.292742 0.297584 0.302210 0.306613 0.310788 0.314726 0.318423 0.321871 0.325067 0.328003 0.330676 0.333081 0.335212 0.337068 0.338644 0.339937 0.340945 0.341667 0.342100 0.342245 0.342100 0.341667 0.340945 0.339937 0.338644 0.337068 0.335212 0.333081 0.330676 0.328003 0.325067 0.321871 0.318423 0.314726 0.310788 0.306613 0.302210 0.297584 0.292742 0.287691 0.282438 0.276989 0.271353 0.265536 0.259545 0.253387 0.247070 0.240600 0.233984 0.227228 0.220341 0.213326 0.206193 0.198945 0.191591 0.184134 0.176582 0.168939 0.161211 0.153404 0.145521 0.137569 0.129551 0.121472 0.113337 0.105149 0.096913 0.088632 0.080309 0.071949 0.063555 0.055129 0.046676 0.038197 0.029695 0.021173 0.012634 0.004079 -0.004488 
0.003194 0.011884 0.020564 0.029231 0.037882 0.046516 0.055129 0.063720 0.072285 0.080820 0.089324 0.097792 0.106222 0.114608 0.122949 0.131239 0.139474 0.147650 0.155763 0.163808 0.171779 0.179672 0.187481 0.195201 0.202826 0.210351 0.217768 0.225073 0.232257 0.239316 0.246242 0.253028 0.259667 0.266151 0.272475 0.278630 0.284609 0.290404 0.296008 0.301414 0.306613 0.311600 0.316365 0.320903 0.325206 0.329268 0.333081 0.336639 0.339937 0.342969 0.345728 0.348212 0.350414 0.352331 0.353959 0.355296 0.356338 0.357084 0.357532 0.357681 0.357532 0.357084 0.356338 0.355296 0.353959 0.352331 0.350414 0.348212 0.345728 0.342969 0.339937 0.336639 0.333081 0.329268 0.325206 0.320903 0.316365 0.311600 0.306613 0.301414 0.296008 0.290404 0.284609 0.278630 0.272475 0.266151 0.259667 0.253028 0.246242 0.239316 0.232257 0.225073 0.217768 0.210351 0.202826 0.195201 0.187481 0.179672 0.171779 0.163808 0.155763 0.147650 0.139474 0.131239 0.122949 0.114608 0.106222 0.097792 0.089324 0.080820 0.072285 0.063720 0.055129 0.046516 0.037882 0.029231 0.020564 0.011884 0.003194 
0.010837 0.019652 0.028458 0.037254 0.046037 0.054805 0.063555 0.072285 0.080991 0.089671 0.098321 0.106938 0.115518 0.124059 0.132555 0.141003 0.149399 0.157738 0.166015 0.174226 0.182365 0.190428 0.198409 0.206302 0.214101 0.221800 0.229394 0.236875 0.244236 0.251472 0.258574 0.265536 0.272350 0.279009 0.285506 0.291831 0.297979 0.303940 0.309707 0.315272 0.320627 0.325764 0.330676 0.335355 0.339793 0.343983 0.347919 0.351593 0.354999 0.358130 0.360982 0.363548 0.365825 0.367807 0.369490 0.370872 0.371950 0.372722 0.373185 0.373340 0.373185 0.372722 0.371950 0.370872 0.369490 0.367807 0.365825 0.363548 0.360982 0.358130 0.354999 0.351593 0.347919 0.343983 0.339793 0.335355 0.330676 0.325764 0.320627 0.315272 0.309707 0.303940 0.297979 0.291831 0.285506 0.279009 0.272350 0.265536 0.258574 0.251472 0.244236 0.236875 0.229394 0.221800 0.214101 0.206302 0.198409 0.190428 0.182365 0.174226 0.166015 0.157738 0.149399 0.141003 0.132555 0.124059 0.115518 0.106938 0.098321 0.089671 0.080991 0.072285 0.063555 0.054805 0.046037 0.037254 0.028458 0.019652 0.010837 
0.018438 0.027378 0.036313 0.045240 0.054156 0.063061 0.071949 0.080820 0.089671 0.098497 0.107296 0.116065 0.124800 0.133497 0.142153 0.150763 0.159323 0.167828 0.176274 0.184656 0.192968 0.201206 0.209363 0.217434 0.225412 0.233292 0.241068 0.248731 0.256275 0.263694 0.270980 0.278125 0.285121 0.291961 0.298637 0.305141 0.311464 0.317599 0.323536 0.329268 0.334785 0.340081 0.345146 0.349973 0.354553 0.358879 0.362943 0.366738 0.370258 0.373495 0.376443 0.379097 0.381452 0.383502 0.385245 0.386675 0.387791 0.388589 0.389069 0.389229 0.389069 0.388589 0.387791 0.386675 0.385245 0.383502 0.381452 0.379097 0.376443 0.373495 0.370258 0.366738 0.362943 0.358879 0.354553 0.349973 0.345146 0.340081 0.334785 0.329268 0.323536 0.317599 0.311464 0.305141 0.298637 0.291961 0.285121 0.278125 0.270980 0.263694 0.256275 0.248731 0.241068 0.233292 0.225412 0.217434 0.209363 0.201206 0.192968 0.184656 0.176274 0.167828 0.159323 0.150763 0.142153 0.133497 0.124800 0.116065 0.107296 0.098497 0.089671 0.080820 0.071949 0.063061 0.054156 0.045240 0.036313 0.027378 0.018438 
0.025993 0.035061 0.044126 0.053185 0.062237 0.071280 0.080309 0.089324 0.098321 0.107296 0.116247 0.125171 0.134063 0.142921 0.151739 0.160515 0.169243 0.177919 0.186538 0.195095 0.203585 0.212002 0.220341 0.228595 0.236759 0.244825 0.252788 0.260640 0.268374 0.275982 0.283458 0.290793 0.297979 0.305008 0.311871 0.318560 0.325067 0.331382 0.337497 0.343403 0.349091 0.354553 0.359779 0.364761 0.369490 0.373959 0.378159 0.382082 0.385721 0.389069 0.392119 0.394866 0.397304 0.399426 0.401231 0.402712 0.403868 0.404695 0.405192 0.405358 0.405192 0.404695 0.403868 0.402712 0.401231 0.399426 0.397304 0.394866 0.392119 0.389069 0.385721 0.382082 0.378159 0.373959 0.369490 0.364761 0.359779 0.354553 0.349091 0.343403 0.337497 0.331382 0.325067 0.318560 0.311871 0.305008 0.297979 0.290793 0.283458 0.275982 0.268374 0.260640 0.252788 0.244825 0.236759 0.228595 0.220341 0.212002 0.203585 0.195095 0.186538 0.177919 0.169243 0.160515 0.151739 0.142921 0.134063 0.125171 0.116247 0.107296 0.098321 0.089324 0.080309 0.071280 0.062237 0.053185 0.044126 0.035061 0.025993 
0.033500 0.042697 0.051893 0.061087 0.070277 0.079459 0.088632 0.097792 0.106938 0.116065 0.125171 0.134252 0.143305 0.152326 0.161311 0.170256 0.179156 0.188006 0.196802 0.205539 0.214212 0.222814 0.231339 0.239783 0.248137 0.256396 0.264553 0.272600 0.280530 0.288335 0.296008 0.303540 0.310923 0.318148 0.325206 0.332089 0.338787 0.345292 0.351593 0.357681 0.363548 0.369184 0.374579 0.379724 0.384610 0.389229 0.393572 0.397629 0.401395 0.404860 0.408019 0.410863 0.413388 0.415588 0.417457 0.418993 0.420190 0.421048 0.421563 0.421735 0.421563 0.421048 0.420190 0.418993 0.417457 0.415588 0.413388 0.410863 0.408019 0.404860 0.401395 0.397629 0.393572 0.389229 0.384610 0.379724 0.374579 0.369184 0.363548 0.357681 0.351593 0.345292 0.338787 0.332089 0.325206 0.318148 0.310923 0.303540 0.296008 0.288335 0.280530 0.272600 0.264553 0.256396 0.248137 0.239783 0.231339 0.222814 0.214212 0.205539 0.196802 0.188006 0.179156 0.170256 0.161311 0.152326 0.143305 0.134252 0.125171 0.116065 0.106938 0.097792 0.088632 0.079459 0.070277 0.061087 0.051893 0.042697 0.033500 
0.040955 0.050282 0.059612 0.068942 0.078270 0.087595 0.096913 0.106222 0.115518 0.124800 0.134063 0.143305 0.152522 0.161710 0.170864 0.179982 0.189058 0.198087 0.207065 0.215987 0.224846 0.233638 0.242356 0.250994 0.259545 0.268003 0.276360 0.284609 0.292742 0.300751 0.308629 0.316365 0.323953 0.331382 0.338644 0.345728 0.352627 0.359329 0.365825 0.372105 0.378159 0.383977 0.389549 0.394866 0.399918 0.404695 0.409188 0.413388 0.417287 0.420876 0.424149 0.427097 0.429714 0.431995 0.433934 0.435526 0.436769 0.437659 0.438194 0.438372 0.438194 0.437659 0.436769 0.435526 0.433934 0.431995 0.429714 0.427097 0.424149 0.420876 0.417287 0.413388 0.409188 0.404695 0.399918 0.394866 0.389549 0.383977 0.378159 0.372105 0.365825 0.359329 0.352627 0.345728 0.338644 0.331382 0.323953 0.316365 0.308629 0.300751 0.292742 0.284609 0.276360 0.268003 0.259545 0.250994 0.242356 0.233638 0.224846 0.215987 0.207065 0.198087 0.189058 0.179982 0.170864 0.161710 0.152522 0.143305 0.134063 0.124800 0.115518 0.106222 0.096913 0.087595 0.078270 0.068942 0.059612 0.050282 0.040955 
0.048356 0.057814 0.067279 0.076746 0.086216 0.095684 0.105149 0.114608 0.124059 0.133497 0.142921 0.152326 0.161710 0.171067 0.180396 0.189690 0.198945 0.208158 0.217322 0.226433 0.235485 0.244472 0.253387 0.262226 0.270980 0.279642 0.288206 0.296664 0.305008 0.313228 0.321318 0.329268 0.337068 0.344710 0.352183 0.359479 0.366586 0.373495 0.380194 0.386675 0.392926 0.398936 0.404695 0.410192 0.415418 0.420362 0.425014 0.429364 0.433404 0.437125 0.440518 0.443576 0.446291 0.448658 0.450670 0.452324 0.453614 0.454538 0.455093 0.455278 0.455093 0.454538 0.453614 0.452324 0.450670 0.448658 0.446291 0.443576 0.440518 0.437125 0.433404 0.429364 0.425014 0.420362 0.415418 0.410192 0.404695 0.398936 0.392926 0.386675 0.380194 0.373495 0.366586 0.359479 0.352183 0.344710 0.337068 0.329268 0.321318 0.313228 0.305008 0.296664 0.288206 0.279642 0.270980 0.262226 0.253387 0.244472 0.235485 0.226433 0.217322 0.208158 0.198945 0.189690 0.180396 0.171067 0.161710 0.152326 0.142921 0.133497 0.124059 0.114608 0.105149 0.095684 0.086216 0.076746 0.067279 0.057814 0.048356 
0.055698 0.065289 0.074890 0.084497 0.094109 0.103723 0.113337 0.122949 0.132555 0.142153 0.151739 0.161311 0.170864 0.180396 0.189901 0.199375 0.208815 0.218215 0.227570 0.236875 0.246124 0.255311 0.264430 0.273475 0.282438 0.291312 0.300090 0.308763 0.317324 0.325764 0.334074 0.342245 0.350267 0.358130 0.365825 0.373340 0.380666 0.387791 0.394704 0.401395 0.407852 0.414064 0.420019 0.425707 0.431116 0.436236 0.441056 0.445565 0.449755 0.453614 0.457135 0.460309 0.463129 0.465587 0.467678 0.469396 0.470736 0.471697 0.472274 0.472466 0.472274 0.471697 0.470736 0.469396 0.467678 0.465587 0.463129 0.460309 0.457135 0.453614 0.449755 0.445565 0.441056 0.436236 0.431116 0.425707 0.420019 0.414064 0.407852 0.401395 0.394704 0.387791 0.380666 0.373340 0.365825 0.358130 0.350267 0.342245 0.334074 0.325764 0.317324 0.308763 0.300090 0.291312 0.282438 0.273475 0.264430 0.255311 0.246124 0.236875 0.227570 0.218215 0.208815 0.199375 0.189901 0.180396 0.170864 0.161311 0.151739 0.142153 0.132555 0.122949 0.113337 0.103723 0.094109 0.084497 0.074890 0.065289 0.055698 
0.062978 0.072704 0.082442 0.092190 0.101945 0.111707 0.121472 0.131239 0.141003 0.150763 0.160515 0.170256 0.179982 0.189690 0.199375 0.209034 0.218661 0.228253 0.237803 0.247307 0.256758 0.266151 0.275480 0.284737 0.293915 0.303008 0.312006 0.320903 0.329690 0.338357 0.346895 0.355296 0.363548 0.371642 0.379567 0.387312 0.394866 0.402218 0.409355 0.416267 0.422940 0.429364 0.435526 0.441415 0.447018 0.452324 0.457321 0.461999 0.466346 0.470353 0.474010 0.477307 0.480237 0.482793 0.484967 0.486753 0.488148 0.489147 0.489747 0.489947 0.489747 0.489147 0.488148 0.486753 0.484967 0.482793 0.480237 0.477307 0.474010 0.470353 0.466346 0.461999 0.457321 0.452324 0.447018 0.441415 0.435526 0.429364 0.422940 0.416267 0.409355 0.402218 0.394866 0.387312 0.379567 0.371642 0.363548 0.355296 0.346895 0.338357 0.329690 0.320903 0.312006 0.303008 0.293915 0.284737 0.275480 0.266151 0.256758 0.247307 0.237803 0.228253 0.218661 0.209034 0.199375 0.189690 0.179982 0.170256 0.160515 0.150763 0.141003 0.131239 0.121472 0.111707 0.101945 0.092190 0.082442 0.072704 0.062978 
0.070193 0.080054 0.089931 0.099821 0.109722 0.119633 0.129551 0.139474 0.149399 0.159323 0.169243 0.179156 0.189058 0.198945 0.208815 0.218661 0.228481 0.238268 0.248018 0.257726 0.267385 0.276989 0.286533 0.296008 0.305409 0.314726 0.323953 0.333081 0.342100 0.351003 0.359779 0.368418 0.376910 0.385245 0.393410 0.401395 0.409188 0.416776 0.424149 0.431292 0.438194 0.444841 0.451221 0.457321 0.463129 0.468631 0.473816 0.478672 0.483187 0.487350 0.491151 0.494580 0.497628 0.500287 0.502549 0.504409 0.505861 0.506901 0.507526 0.507735 0.507526 0.506901 0.505861 0.504409 0.502549 0.500287 0.497628 0.494580 0.491151 0.487350 0.483187 0.478672 0.473816 0.468631 0.463129 0.457321 0.451221 0.444841 0.438194 0.431292 0.424149 0.416776 0.409188 0.401395 0.393410 0.385245 0.376910 0.368418 0.359779 0.351003 0.342100 0.333081 0.323953 0.314726 0.305409 0.296008 0.286533 0.276989 0.267385 0.257726 0.248018 0.238268 0.228481 0.218661 0.208815 0.198945 0.189058 0.179156 0.169243 0.159323 0.149399 0.139474 0.129551 0.119633 0.109722 0.099821 0.089931 0.080054 0.070193 
0.077339 0.087336 0.097352 0.107386 0.117434 0.127496 0.137569 0.147650 0.157738 0.167828 0.177919 0.188006 0.198087 0.208158 0.218215 0.228253 0.238268 0.248256 0.258210 0.268126 0.277998 0.287820 0.297584 0.307284 0.316913 0.326463 0.335925 0.345292 0.354553 0.363700 0.372722 0.381609 0.390351 0.398936 0.407352 0.415588 0.423630 0.431468 0.439086 0.446473 0.453614 0.460497 0.467106 0.473430 0.479454 0.485165 0.490549 0.495594 0.500287 0.504616 0.508571 0.512139 0.515312 0.518081 0.520438 0.522376 0.523889 0.524974 0.525625 0.525843 0.525625 0.524974 0.523889 0.522376 0.520438 0.518081 0.515312 0.512139 0.508571 0.504616 0.500287 0.495594 0.490549 0.485165 0.479454 0.473430 0.467106 0.460497 0.453614 0.446473 0.439086 0.431468 0.423630 0.415588 0.407352 0.398936 0.390351 0.381609 0.372722 0.363700 0.354553 0.345292 0.335925 0.326463 0.316913 0.307284 0.297584 0.287820 0.277998 0.268126 0.258210 0.248256 0.238268 0.228253 0.218215 0.208158 0.198087 0.188006 0.177919 0.167828 0.157738 0.147650 0.137569 0.127496 0.117434 0.107386 0.097352 0.087336 0.077339 
0.084411 0.094546 0.104703 0.114881 0.125078 0.135292 0.145521 0.155763 0.166015 0.176274 0.186538 0.196802 0.207065 0.217322 0.227570 0.237803 0.248018 0.258210 0.268374 0.278504 0.288593 0.298637 0.308629 0.318560 0.328424 0.338213 0.347919 0.357532 0.367043 0.376443 0.385721 0.394866 0.403868 0.412713 0.421391 0.429889 0.438194 0.446291 0.454168 0.461811 0.469204 0.476335 0.483187 0.489747 0.496000 0.501931 0.507526 0.512772 0.517654 0.522160 0.526278 0.529996 0.533303 0.536189 0.538647 0.540669 0.542247 0.543378 0.544059 0.544286 0.544059 0.543378 0.542247 0.540669 0.538647 0.536189 0.533303 0.529996 0.526278 0.522160 0.517654 0.512772 0.507526 0.501931 0.496000 0.489747 0.483187 0.476335 0.469204 0.461811 0.454168 0.446291 0.438194 0.429889 0.421391 0.412713 0.403868 0.394866 0.385721 0.376443 0.367043 0.357532 0.347919 0.338213 0.328424 0.318560 0.308629 0.298637 0.288593 0.278504 0.268374 0.258210 0.248018 0.237803 0.227570 0.217322 0.207065 0.196802 0.186538 0.176274 0.166015 0.155763 0.145521 0.135292 0.125078 0.114881 0.104703 0.094546 0.084411 
0.091406 0.101679 0.111979 0.122302 0.132649 0.143017 0.153404 0.163808 0.174226 0.184656 0.195095 0.205539 0.215987 0.226433 0.236875 0.247307 0.257726 0.268126 0.278504 0.288852 0.299165 0.309437 0.319661 0.329830 0.339937 0.349973 0.359929 0.369797 0.379567 0.389229 0.398772 0.408185 0.417457 0.426575 0.435526 0.444298 0.452876 0.461247 0.469396 0.477307 0.484967 0.492358 0.499467 0.506277 0.512772 0.518937 0.524757 0.530215 0.535299 0.539994 0.544286 0.548162 0.551612 0.554625 0.557190 0.559301 0.560950 0.562131 0.562842 0.563079 0.562842 0.562131 0.560950 0.559301 0.557190 0.554625 0.551612 0.548162 0.544286 0.539994 0.535299 0.530215 0.524757 0.518937 0.512772 0.506277 0.499467 0.492358 0.484967 0.477307 0.469396 0.461247 0.452876 0.444298 0.435526 0.426575 0.417457 0.408185 0.398772 0.389229 0.379567 0.369797 0.359929 0.349973 0.339937 0.329830 0.319661 0.309437 0.299165 0.288852 0.278504 0.268126 0.257726 0.247307 0.236875 0.226433 0.215987 0.205539 0.195095 0.184656 0.174226 0.163808 0.153404 0.143017 0.132649 0.122302 0.111979 0.101679 0.091406 
0.098321 0.108732 0.119174 0.129645 0.140142 0.150665 0.161211 0.171779 0.182365 0.192968 0.203585 0.214212 0.224846 0.235485 0.246124 0.256758 0.267385 0.277998 0.288593 0.299165 0.309707 0.320213 0.330676 0.341090 0.351445 0.361735 0.371950 0.382082 0.392119 0.402053 0.411871 0.421563 0.431116 0.440518 0.449755 0.458813 0.467678 0.476335 0.484769 0.492963 0.500903 0.508571 0.515950 0.523024 0.529776 0.536189 0.542247 0.547933 0.553232 0.558127 0.562605 0.566652 0.570254 0.573402 0.576083 0.578289 0.580013 0.581249 0.581992 0.582240 0.581992 0.581249 0.580013 0.578289 0.576083 0.573402 0.570254 0.566652 0.562605 0.558127 0.553232 0.547933 0.542247 0.536189 0.529776 0.523024 0.515950 0.508571 0.500903 0.492963 0.484769 0.476335 0.467678 0.458813 0.449755 0.440518 0.431116 0.421563 0.411871 0.402053 0.392119 0.382082 0.371950 0.361735 0.351445 0.341090 0.330676 0.320213 0.309707 0.299165 0.288593 0.277998 0.267385 0.256758 0.246124 0.235485 0.224846 0.214212 0.203585 0.192968 0.182365 0.171779 0.161211 0.150665 0.140142 0.129645 0.119174 0.108732 0.098321 
0.105149 0.115700 0.126286 0.136904 0.147553 0.158232 0.168939 0.179672 0.190428 0.201206 0.212002 0.222814 0.233638 0.244472 0.255311 0.266151 0.276989 0.287820 0.298637 0.309437 0.320213 0.330958 0.341667 0.352331 0.362943 0.373495 0.383977 0.394380 0.404695 0.414910 0.425014 0.434995 0.444841 0.454538 0.464073 0.473430 0.482596 0.491553 0.500287 0.508780 0.517014 0.524974 0.532639 0.539994 0.547018 0.553695 0.560007 0.565935 0.571462 0.576572 0.581249 0.585478 0.589244 0.592536 0.595342 0.597651 0.599456 0.600750 0.601528 0.601788 0.601528 0.600750 0.599456 0.597651 0.595342 0.592536 0.589244 0.585478 0.581249 0.576572 0.571462 0.565935 0.560007 0.553695 0.547018 0.539994 0.532639 0.524974 0.517014 0.508780 0.500287 0.491553 0.482596 0.473430 0.464073 0.454538 0.444841 0.434995 0.425014 0.414910 0.404695 0.394380 0.383977 0.373495 0.362943 0.352331 0.341667 0.330958 0.320213 0.309437 0.298637 0.287820 0.276989 0.266151 0.255311 0.244472 0.233638 0.222814 0.212002 0.201206 0.190428 0.179672 0.168939 0.158232 0.147553 0.136904 0.126286 0.115700 0.105149 
0.111888 0.122579 0.133309 0.144075 0.154877 0.165713 0.176582 0.187481 0.198409 0.209363 0.220341 0.231339 0.242356 0.253387 0.264430 0.275480 0.286533 0.297584 0.308629 0.319661 0.330676 0.341667 0.352627 0.363548 0.374424 0.385245 0.396002 0.406686 0.417287 0.427793 0.438194 0.448475 0.458626 0.468631 0.478477 0.488148 0.497628 0.506901 0.515950 0.524757 0.533303 0.541570 0.549539 0.557190 0.564505 0.571462 0.578044 0.584230 0.590002 0.595342 0.600232 0.604655 0.608598 0.612045 0.614984 0.617404 0.619296 0.620652 0.621468 0.621741 0.621468 0.620652 0.619296 0.617404 0.614984 0.612045 0.608598 0.604655 0.600232 0.595342 0.590002 0.584230 0.578044 0.571462 0.564505 0.557190 0.549539 0.541570 0.533303 0.524757 0.515950 0.506901 0.497628 0.488148 0.478477 0.468631 0.458626 0.448475 0.438194 0.427793 0.417287 0.406686 0.396002 0.385245 0.374424 0.363548 0.352627 0.341667 0.330676 0.319661 0.308629 0.297584 0.286533 0.275480 0.264430 0.253387 0.242356 0.231339 0.220341 0.209363 0.198409 0.187481 0.176582 0.165713 0.154877 0.144075 0.133309 0.122579 0.111888 
0.118533 0.129364 0.140238 0.151153 0.162109 0.173103 0.184134 0.195201 0.206302 0.217434 0.228595 0.239783 0.250994 0.262226 0.273475 0.284737 0.296008 0.307284 0.318560 0.329830 0.341090 0.352331 0.363548 0.374734 0.385880 0.396978 0.408019 0.418993 0.429889 0.440697 0.451405 0.461999 0.472466 0.482793 0.492963 0.502962 0.512772 0.522376 0.531756 0.540894 0.549769 0.558362 0.566652 0.574618 0.582240 0.589497 0.596366 0.602828 0.608862 0.614448 0.619567 0.624200 0.628332 0.631946 0.635028 0.637567 0.639553 0.640977 0.641834 0.642120 0.641834 0.640977 0.639553 0.637567 0.635028 0.631946 0.628332 0.624200 0.619567 0.614448 0.608862 0.602828 0.596366 0.589497 0.582240 0.574618 0.566652 0.558362 0.549769 0.540894 0.531756 0.522376 0.512772 0.502962 0.492963 0.482793 0.472466 0.461999 0.451405 0.440697 0.429889 0.418993 0.408019 0.396978 0.385880 0.374734 0.363548 0.352331 0.341090 0.329830 0.318560 0.307284 0.296008 0.284737 0.273475 0.262226 0.250994 0.239783 0.228595 0.217434 0.206302 0.195201 0.184134 0.173103 0.162109 0.151153 0.140238 0.129364 0.118533 
0.125078 0.136050 0.147069 0.158133 0.169243 0.180396 0.191591 0.202826 0.214101 0.225412 0.236759 0.248137 0.259545 0.270980 0.282438 0.293915 0.305409 0.316913 0.328424 0.339937 0.351445 0.362943 0.374424 0.385880 0.397304 0.408686 0.420019 0.431292 0.442494 0.453614 0.464640 0.475558 0.486356 0.497017 0.507526 0.517868 0.528024 0.537976 0.547704 0.557190 0.566413 0.575350 0.583981 0.592282 0.600232 0.607806 0.614984 0.621741 0.628055 0.633905 0.639269 0.644128 0.648463 0.652257 0.655495 0.658163 0.660251 0.661748 0.662649 0.662950 0.662649 0.661748 0.660251 0.658163 0.655495 0.652257 0.648463 0.644128 0.639269 0.633905 0.628055 0.621741 0.614984 0.607806 0.600232 0.592282 0.583981 0.575350 0.566413 0.557190 0.547704 0.537976 0.528024 0.517868 0.507526 0.497017 0.486356 0.475558 0.464640 0.453614 0.442494 0.431292 0.420019 0.408686 0.397304 0.385880 0.374424 0.362943 0.351445 0.339937 0.328424 0.316913 0.305409 0.293915 0.282438 0.270980 0.259545 0.248137 0.236759 0.225412 0.214101 0.202826 0.191591 0.180396 0.169243 0.158133 0.147069 0.136050 0.125078 
0.131520 0.142633 0.153796 0.165010 0.176274 0.187586 0.198945 0.210351 0.221800 0.233292 0.244825 0.256396 0.268003 0.279642 0.291312 0.303008 0.314726 0.326463 0.338213 0.349973 0.361735 0.373495 0.385245 0.396978 0.408686 0.420362 0.431995 0.443576 0.455093 0.466536 0.477892 0.489147 0.500287 0.511297 0.522160 0.532860 0.543378 0.553695 0.563791 0.573645 0.583234 0.592536 0.601528 0.610185 0.618484 0.626398 0.633905 0.640977 0.647593 0.653726 0.659355 0.664457 0.669012 0.673001 0.676407 0.679214 0.681411 0.682988 0.683937 0.684254 0.683937 0.682988 0.681411 0.679214 0.676407 0.673001 0.669012 0.664457 0.659355 0.653726 0.647593 0.640977 0.633905 0.626398 0.618484 0.610185 0.601528 0.592536 0.583234 0.573645 0.563791 0.553695 0.543378 0.532860 0.522160 0.511297 0.500287 0.489147 0.477892 0.466536 0.455093 0.443576 0.431995 0.420362 0.408686 0.396978 0.385245 0.373495 0.361735 0.349973 0.338213 0.326463 0.314726 0.303008 0.291312 0.279642 0.268003 0.256396 0.244825 0.233292 0.221800 0.210351 0.198945 0.187586 0.176274 0.165010 0.153796 0.142633 0.131520 
0.137854 0.149107 0.160415 0.171779 0.183197 0.194669 0.206193 0.217768 0.229394 0.241068 0.252788 0.264553 0.276360 0.288206 0.300090 0.312006 0.323953 0.335925 0.347919 0.359929 0.371950 0.383977 0.396002 0.408019 0.420019 0.431995 0.443937 0.455835 0.467678 0.479454 0.491151 0.502756 0.514252 0.525625 0.536858 0.547933 0.558831 0.569531 0.580013 0.590255 0.600232 0.609920 0.619296 0.628332 0.637002 0.645280 0.653138 0.660550 0.667488 0.673927 0.679841 0.685206 0.689998 0.694198 0.697786 0.700745 0.703061 0.704724 0.705725 0.706059 0.705725 0.704724 0.703061 0.700745 0.697786 0.694198 0.689998 0.685206 0.679841 0.673927 0.667488 0.660550 0.653138 0.645280 0.637002 0.628332 0.619296 0.609920 0.600232 0.590255 0.580013 0.569531 0.558831 0.547933 0.536858 0.525625 0.514252 0.502756 0.491151 0.479454 0.467678 0.455835 0.443937 0.431995 0.420019 0.408019 0.396002 0.383977 0.371950 0.359929 0.347919 0.335925 0.323953 0.312006 0.300090 0.288206 0.276360 0.264553 0.252788 0.241068 0.229394 0.217768 0.206193 0.194669 0.183197 0.171779 0.160415 0.149107 0.137854 
0.144075 0.155468 0.166921 0.178434 0.190006 0.201637 0.213326 0.225073 0.236875 0.248731 0.260640 0.272600 0.284609 0.296664 0.308763 0.320903 0.333081 0.345292 0.357532 0.369797 0.382082 0.394380 0.406686 0.418993 0.431292 0.443576 0.455835 0.468059 0.480237 0.492358 0.504409 0.516375 0.528242 0.539994 0.551612 0.563079 0.574375 0.585478 0.596366 0.607016 0.617404 0.627502 0.637285 0.646724 0.655791 0.664457 0.672693 0.680468 0.687755 0.694523 0.700745 0.706393 0.711444 0.715872 0.719657 0.722781 0.725227 0.726984 0.728041 0.728395 0.728041 0.726984 0.725227 0.722781 0.719657 0.715872 0.711444 0.706393 0.700745 0.694523 0.687755 0.680468 0.672693 0.664457 0.655791 0.646724 0.637285 0.627502 0.617404 0.607016 0.596366 0.585478 0.574375 0.563079 0.551612 0.539994 0.528242 0.516375 0.504409 0.492358 0.480237 0.468059 0.455835 0.443576 0.431292 0.418993 0.406686 0.394380 0.382082 0.369797 0.357532 0.345292 0.333081 0.320903 0.308763 0.296664 0.284609 0.272600 0.260640 0.248731 0.236875 0.225073 0.213326 0.201637 0.190006 0.178434 0.166921 0.155468 0.144075 
0.150178 0.161710 0.173307 0.184969 0.196695 0.208486 0.220341 0.232257 0.244236 0.256275 0.268374 0.280530 0.292742 0.305008 0.317324 0.329690 0.342100 0.354553 0.367043 0.379567 0.392119 0.404695 0.417287 0.429889 0.442494 0.455093 0.467678 0.480237 0.492762 0.505238 0.517654 0.529996 0.542247 0.554392 0.566413 0.578289 0.590002 0.601528 0.612844 0.623926 0.634747 0.645280 0.655495 0.665364 0.674855 0.683937 0.692577 0.700745 0.708406 0.715530 0.722085 0.728041 0.733371 0.738049 0.742049 0.745352 0.747940 0.749799 0.750919 0.751293 0.750919 0.749799 0.747940 0.745352 0.742049 0.738049 0.733371 0.728041 0.722085 0.715530 0.708406 0.700745 0.692577 0.683937 0.674855 0.665364 0.655495 0.645280 0.634747 0.623926 0.612844 0.601528 0.590002 0.578289 0.566413 0.554392 0.542247 0.529996 0.517654 0.505238 0.492762 0.480237 0.467678 0.455093 0.442494 0.429889 0.417287 0.404695 0.392119 0.379567 0.367043 0.354553 0.342100 0.329690 0.317324 0.305008 0.292742 0.280530 0.268374 0.256275 0.244236 0.232257 0.220341 0.208486 0.196695 0.184969 0.173307 0.161710 0.150178 
0.156157 0.167828 0.179569 0.191379 0.203259 0.215209 0.227228 0.239316 0.251472 0.263694 0.275982 0.288335 0.300751 0.313228 0.325764 0.338357 0.351003 0.363700 0.376443 0.389229 0.402053 0.414910 0.427793 0.440697 0.453614 0.466536 0.479454 0.492358 0.505238 0.518081 0.530875 0.543605 0.556256 0.568810 0.581249 0.593554 0.605703 0.617673 0.629440 0.640977 0.652257 0.663251 0.673927 0.684254 0.694198 0.703725 0.712801 0.721390 0.729456 0.736964 0.743881 0.750172 0.755806 0.760755 0.764990 0.768490 0.771233 0.773204 0.774391 0.774788 0.774391 0.773204 0.771233 0.768490 0.764990 0.760755 0.755806 0.750172 0.743881 0.736964 0.729456 0.721390 0.712801 0.703725 0.694198 0.684254 0.673927 0.663251 0.652257 0.640977 0.629440 0.617673 0.605703 0.593554 0.581249 0.568810 0.556256 0.543605 0.530875 0.518081 0.505238 0.492358 0.479454 0.466536 0.453614 0.440697 0.427793 0.414910 0.402053 0.389229 0.376443 0.363700 0.351003 0.338357 0.325764 0.313228 0.300751 0.288335 0.275982 0.263694 0.251472 0.239316 0.227228 0.215209 0.203259 0.191379 0.179569 0.167828 0.156157 
0.162009 0.173817 0.185700 0.197659 0.209692 0.221800 0.233984 0.246242 0.258574 0.270980 0.283458 0.296008 0.308629 0.321318 0.334074 0.346895 0.359779 0.372722 0.385721 0.398772 0.411871 0.425014 0.438194 0.451405 0.464640 0.477892 0.491151 0.504409 0.517654 0.530875 0.544059 0.557190 0.570254 0.583234 0.596110 0.608862 0.621468 0.633905 0.646145 0.658163 0.669929 0.681411 0.692577 0.703393 0.713822 0.723828 0.733371 0.742415 0.750919 0.758844 0.766153 0.772809 0.778775 0.784020 0.788513 0.792227 0.795141 0.797235 0.798497 0.798918 0.798497 0.797235 0.795141 0.792227 0.788513 0.784020 0.778775 0.772809 0.766153 0.758844 0.750919 0.742415 0.733371 0.723828 0.713822 0.703393 0.692577 0.681411 0.669929 0.658163 0.646145 0.633905 0.621468 0.608862 0.596110 0.583234 0.570254 0.557190 0.544059 0.530875 0.517654 0.504409 0.491151 0.477892 0.464640 0.451405 0.438194 0.425014 0.411871 0.398772 0.385721 0.372722 0.359779 0.346895 0.334074 0.321318 0.308629 0.296008 0.283458 0.270980 0.258574 0.246242 0.233984 0.221800 0.209692 0.197659 0.185700 0.173817 0.162009 
0.167727 0.179672 0.191696 0.203801 0.215987 0.228253 0.240600 0.253028 0.265536 0.278125 0.290793 0.303540 0.316365 0.329268 0.342245 0.355296 0.368418 0.381609 0.394866 0.408185 0.421563 0.434995 0.448475 0.461999 0.475558 0.489147 0.502756 0.516375 0.529996 0.543605 0.557190 0.570737 0.584230 0.597651 0.610981 0.624200 0.637285 0.650210 0.662950 0.675475 0.687755 0.699756 0.711444 0.722781 0.733729 0.744248 0.754296 0.763831 0.772809 0.781187 0.788924 0.795977 0.802307 0.807876 0.812652 0.816602 0.819703 0.821933 0.823277 0.823726 0.823277 0.821933 0.819703 0.816602 0.812652 0.807876 0.802307 0.795977 0.788924 0.781187 0.772809 0.763831 0.754296 0.744248 0.733729 0.722781 0.711444 0.699756 0.687755 0.675475 0.662950 0.650210 0.637285 0.624200 0.610981 0.597651 0.584230 0.570737 0.557190 0.543605 0.529996 0.516375 0.502756 0.489147 0.475558 0.461999 0.448475 0.434995 0.421563 0.408185 0.394866 0.381609 0.368418 0.355296 0.342245 0.329268 0.316365 0.303540 0.290793 0.278125 0.265536 0.253028 0.240600 0.228253 0.215987 0.203801 0.191696 0.179672 0.167727 
0.173307 0.185387 0.197551 0.209802 0.222138 0.234561 0.247070 0.259667 0.272350 0.285121 0.297979 0.310923 0.323953 0.337068 0.350267 0.363548 0.376910 0.390351 0.403868 0.417457 0.431116 0.444841 0.458626 0.472466 0.486356 0.500287 0.514252 0.528242 0.542247 0.556256 0.570254 0.584230 0.598166 0.612045 0.625848 0.639553 0.653138 0.666576 0.679841 0.692901 0.705725 0.718277 0.730520 0.742415 0.753919 0.764990 0.775582 0.785648 0.795141 0.804012 0.812215 0.819703 0.826431 0.832357 0.837444 0.841655 0.844962 0.847342 0.848777 0.849257 0.848777 0.847342 0.844962 0.841655 0.837444 0.832357 0.826431 0.819703 0.812215 0.804012 0.795141 0.785648 0.775582 0.764990 0.753919 0.742415 0.730520 0.718277 0.705725 0.692901 0.679841 0.666576 0.653138 0.639553 0.625848 0.612045 0.598166 0.584230 0.570254 0.556256 0.542247 0.528242 0.514252 0.500287 0.486356 0.472466 0.458626 0.444841 0.431116 0.417457 0.403868 0.390351 0.376910 0.363548 0.350267 0.337068 0.323953 0.310923 0.297979 0.285121 0.272350 0.259667 0.247070 0.234561 0.222138 0.209802 0.197551 0.185387 0.173307 
0.178743 0.190956 0.203259 0.215653 0.228139 0.240717 0.253387 0.266151 0.279009 0.291961 0.305008 0.318148 0.331382 0.344710 0.358130 0.371642 0.385245 0.398936 0.412713 0.426575 0.440518 0.454538 0.468631 0.482793 0.497017 0.511297 0.525625 0.539994 0.554392 0.568810 0.583234 0.597651 0.612045 0.626398 0.640692 0.654905 0.669012 0.682988 0.696804 0.710428 0.723828 0.736964 0.749799 0.762290 0.774391 0.786056 0.797235 0.807876 0.817928 0.827337 0.836050 0.844015 0.851181 0.857500 0.862930 0.867430 0.870967 0.873513 0.875049 0.875562 0.875049 0.873513 0.870967 0.867430 0.862930 0.857500 0.851181 0.844015 0.836050 0.827337 0.817928 0.807876 0.797235 0.786056 0.774391 0.762290 0.749799 0.736964 0.723828 0.710428 0.696804 0.682988 0.669012 0.654905 0.640692 0.626398 0.612045 0.597651 0.583234 0.568810 0.554392 0.539994 0.525625 0.511297 0.497017 0.482793 0.468631 0.454538 0.440518 0.426575 0.412713 0.398936 0.385245 0.371642 0.358130 0.344710 0.331382 0.318148 0.305008 0.291961 0.279009 0.266151 0.253387 0.240717 0.228139 0.215653 0.203259 0.190956 0.178743 
0.184030 0.196375 0.208815 0.221351 0.233984 0.246715 0.259545 0.272475 0.285506 0.298637 0.311871 0.325206 0.338644 0.352183 0.365825 0.379567 0.393410 0.407352 0.421391 0.435526 0.449755 0.464073 0.478477 0.492963 0.507526 0.522160 0.536858 0.551612 0.566413 0.581249 0.596110 0.610981 0.625848 0.640692 0.655495 0.670235 0.684888 0.699427 0.713822 0.728041 0.742049 0.755806 0.769272 0.782399 0.795141 0.807445 0.819258 0.830524 0.841185 0.851181 0.860453 0.868942 0.876591 0.883345 0.889156 0.893976 0.897767 0.900499 0.902147 0.902698 0.902147 0.900499 0.897767 0.893976 0.889156 0.883345 0.876591 0.868942 0.860453 0.851181 0.841185 0.830524 0.819258 0.807445 0.795141 0.782399 0.769272 0.755806 0.742049 0.728041 0.713822 0.699427 0.684888 0.670235 0.655495 0.640692 0.625848 0.610981 0.596110 0.581249 0.566413 0.551612 0.536858 0.522160 0.507526 0.492963 0.478477 0.464073 0.449755 0.435526 0.421391 0.407352 0.393410 0.379567 0.365825 0.352183 0.338644 0.325206 0.311871 0.298637 0.285506 0.272475 0.259545 0.246715 0.233984 0.221351 0.208815 0.196375 0.184030 
0.189163 0.201637 0.214212 0.226887 0.239666 0.252548 0.265536 0.278630 0.291831 0.305141 0.318560 0.332089 0.345728 0.359479 0.373340 0.387312 0.401395 0.415588 0.429889 0.444298 0.458813 0.473430 0.488148 0.502962 0.517868 0.532860 0.547933 0.563079 0.578289 0.593554 0.608862 0.624200 0.639553 0.654905 0.670235 0.685523 0.700745 0.715872 0.730875 0.745721 0.760372 0.774788 0.788924 0.802732 0.816161 0.829155 0.841655 0.853599 0.864923 0.875562 0.885448 0.894515 0.902698 0.909935 0.916169 0.921346 0.925422 0.928361 0.930135 0.930729 0.930135 0.928361 0.925422 0.921346 0.916169 0.909935 0.902698 0.894515 0.885448 0.875562 0.864923 0.853599 0.841655 0.829155 0.816161 0.802732 0.788924 0.774788 0.760372 0.745721 0.730875 0.715872 0.700745 0.685523 0.670235 0.654905 0.639553 0.624200 0.608862 0.593554 0.578289 0.563079 0.547933 0.532860 0.517868 0.502962 0.488148 0.473430 0.458813 0.444298 0.429889 0.415588 0.401395 0.387312 0.373340 0.359479 0.345728 0.332089 0.318560 0.305141 0.291831 0.278630 0.265536 0.252548 0.239666 0.226887 0.214212 0.201637 0.189163 
0.194137 0.206738 0.219444 0.232257 0.245179 0.258210 0.271353 0.284609 0.297979 0.311464 0.325067 0.338787 0.352627 0.366586 0.380666 0.394866 0.409188 0.423630 0.438194 0.452876 0.467678 0.482596 0.497628 0.512772 0.528024 0.543378 0.558831 0.574375 0.590002 0.605703 0.621468 0.637285 0.653138 0.669012 0.684888 0.700745 0.716558 0.732300 0.747940 0.763445 0.778775 0.793889 0.808740 0.823277 0.837444 0.851181 0.864424 0.877106 0.889156 0.900499 0.911061 0.920767 0.929543 0.937317 0.944023 0.949600 0.953996 0.957167 0.959083 0.959724 0.959083 0.957167 0.953996 0.949600 0.944023 0.937317 0.929543 0.920767 0.911061 0.900499 0.889156 0.877106 0.864424 0.851181 0.837444 0.823277 0.808740 0.793889 0.778775 0.763445 0.747940 0.732300 0.716558 0.700745 0.684888 0.669012 0.653138 0.637285 0.621468 0.605703 0.590002 0.574375 0.558831 0.543378 0.528024 0.512772 0.497628 0.482596 0.467678 0.452876 0.438194 0.423630 0.409188 0.394866 0.380666 0.366586 0.352627 0.338787 0.325067 0.311464 0.297979 0.284609 0.271353 0.258210 0.245179 0.232257 0.219444 0.206738 0.194137 
0.198945 0.211671 0.224507 0.237455 0.250517 0.263694 0.276989 0.290404 0.303940 0.317599 0.331382 0.345292 0.359329 0.373495 0.387791 0.402218 0.416776 0.431468 0.446291 0.461247 0.476335 0.491553 0.506901 0.522376 0.537976 0.553695 0.569531 0.585478 0.601528 0.617673 0.633905 0.650210 0.666576 0.682988 0.699427 0.715872 0.732300 0.748683 0.764990 0.781187 0.797235 0.813089 0.828700 0.844015 0.858974 0.873513 0.887562 0.901048 0.913890 0.926008 0.937317 0.947732 0.957167 0.965541 0.972777 0.978803 0.983558 0.986992 0.989068 0.989763 0.989068 0.986992 0.983558 0.978803 0.972777 0.965541 0.957167 0.947732 0.937317 0.926008 0.913890 0.901048 0.887562 0.873513 0.858974 0.844015 0.828700 0.813089 0.797235 0.781187 0.764990 0.748683 0.732300 0.715872 0.699427 0.682988 0.666576 0.650210 0.633905 0.617673 0.601528 0.585478 0.569531 0.553695 0.537976 0.522376 0.506901 0.491553 0.476335 0.461247 0.446291 0.431468 0.416776 0.402218 0.387791 0.373495 0.359329 0.345292 0.331382 0.317599 0.303940 0.290404 0.276989 0.263694 0.250517 0.237455 0.224507 0.211671 0.198945 
0.203585 0.216432 0.229394 0.242473 0.255672 0.268993 0.282438 0.296008 0.309707 0.323536 0.337497 0.351593 0.365825 0.380194 0.394704 0.409355 0.424149 0.439086 0.454168 0.469396 0.484769 0.500287 0.515950 0.531756 0.547704 0.563791 0.580013 0.596366 0.612844 0.629440 0.646145 0.662950 0.679841 0.696804 0.713822 0.730875 0.747940 0.764990 0.781995 0.798918 0.815721 0.832357 0.848777 0.864923 0.880733 0.896138 0.911061 0.925422 0.939134 0.952105 0.964241 0.975443 0.985615 0.994662 1.002493 1.009027 1.014189 1.017922 1.020180 1.020935 1.020180 1.017922 1.014189 1.009027 1.002493 0.994662 0.985615 0.975443 0.964241 0.952105 0.939134 0.925422 0.911061 0.896138 0.880733 0.864923 0.848777 0.832357 0.815721 0.798918 0.781995 0.764990 0.747940 0.730875 0.713822 0.696804 0.679841 0.662950 0.646145 0.629440 0.612844 0.596366 0.580013 0.563791 0.547704 0.531756 0.515950 0.500287 0.484769 0.469396 0.454168 0.439086 0.424149 0.409355 0.394704 0.380194 0.365825 0.351593 0.337497 0.323536 0.309707 0.296008 0.282438 0.268993 0.255672 0.242473 0.229394 0.216432 0.203585 
