131 131
2.546830e+01 0 5
0.568486 0.578776 0.589039 0.599272 0.609474 0.619641 0.629771 0.639861 0.649909 0.659910 0.669862 0.679763 0.689608 0.699394 0.709117 0.718775 0.728362 0.737876 0.747312 0.756665 0.765933 0.775110 0.784191 0.793173 0.802050 0.810818 0.819471 0.828005 0.836414 0.844693 0.852837 0.860840 0.868697 0.876402 0.883950 0.891334 0.898550 0.905591 0.912451 0.919126 0.925608 0.931892 0.937972 0.943844 0.949500 0.954937 0.960147 0.965126 0.969869 0.974370 0.978626 0.982630 0.986379 0.989868 0.993094 0.996053 0.998740 1.001154 1.003291 1.005148 1.006723 1.008014 1.009021 1.009740 1.010172 1.010317 1.010172 1.009740 1.009021 1.008014 1.006723 1.005148 1.003291 1.001154 0.998740 0.996053 0.993094 0.989868 0.986379 0.982630 0.978626 0.974370 0.969869 0.965126 0.960147 0.954937 0.949500 0.943844 0.937972 0.931892 0.925608 0.919126 0.912451 0.905591 0.898550 0.891334 0.883950 0.876402 0.868697 0.860840 0.852837 0.844693 0.836414 0.828005 0.819471 0.810818 0.802050 0.793173 0.784191 0.775110 0.765933 0.756665 0.747312 0.737876 0.728362 0.718775 0.709117 0.699394 0.689608 0.679763 0.669862 0.659910 0.649909 0.639861 0.629771 0.619641 0.609474 0.599272 0.589039 0.578776 0.568486 
0.578294 0.588714 0.599108 0.609474 0.619810 0.630114 0.640382 0.650612 0.660801 0.670946 0.681044 0.691091 0.701084 0.711020 0.720895 0.730705 0.740447 0.750116 0.759708 0.769219 0.778645 0.787982 0.797224 0.806367 0.815405 0.824335 0.833151 0.841847 0.850419 0.858860 0.867166 0.875330 0.883348 0.891213 0.898919 0.906460 0.913831 0.921026 0.928038 0.934861 0.941489 0.947917 0.954138 0.960147 0.965937 0.971502 0.976838 0.981938 0.986797 0.991409 0.995770 0.999875 1.003719 1.007297 1.010605 1.013639 1.016396 1.018872 1.021065 1.022970 1.024587 1.025912 1.026945 1.027683 1.028127 1.028275 1.028127 1.027683 1.026945 1.025912 1.024587 1.022970 1.021065 1.018872 1.016396 1.013639 1.010605 1.007297 1.003719 0.999875 0.995770 0.991409 0.986797 0.981938 0.976838 0.971502 0.965937 0.960147 0.954138 0.947917 0.941489 0.934861 0.928038 0.921026 0.913831 0.906460 0.898919 0.891213 0.883348 0.875330 0.867166 0.858860 0.850419 0.841847 0.833151 0.824335 0.815405 0.806367 0.797224 0.787982 0.778645 0.769219 0.759708 0.750116 0.740447 0.730705 0.720895 0.711020 0.701084 0.691091 0.681044 0.670946 0.660801 0.650612 0.640382 0.630114 0.619810 0.609474 0.599108 0.588714 0.578294 
0.588063 0.598614 0.609140 0.619641 0.630114 0.640556 0.650965 0.661337 0.671670 0.681960 0.692205 0.702401 0.712546 0.722634 0.732663 0.742629 0.752527 0.762355 0.772107 0.781779 0.791368 0.800867 0.810273 0.819581 0.828785 0.837881 0.846863 0.855726 0.864465 0.873073 0.881545 0.889876 0.898059 0.906088 0.913957 0.921660 0.929192 0.936545 0.943713 0.950690 0.957470 0.964046 0.970413 0.976563 0.982492 0.988191 0.993657 0.998882 1.003861 1.008589 1.013060 1.017269 1.021211 1.024881 1.028275 1.031388 1.034218 1.036759 1.039009 1.040965 1.042625 1.043986 1.045046 1.045804 1.046260 1.046412 1.046260 1.045804 1.045046 1.043986 1.042625 1.040965 1.039009 1.036759 1.034218 1.031388 1.028275 1.024881 1.021211 1.017269 1.013060 1.008589 1.003861 0.998882 0.993657 0.988191 0.982492 0.976563 0.970413 0.964046 0.957470 0.950690 0.943713 0.936545 0.929192 0.921660 0.913957 0.906088 0.898059 0.889876 0.881545 0.873073 0.864465 0.855726 0.846863 0.837881 0.828785 0.819581 0.810273 0.800867 0.791368 0.781779 0.772107 0.762355 0.752527 0.742629 0.732663 0.722634 0.712546 0.702401 0.692205 0.681960 0.671670 0.661337 0.650965 0.640556 0.630114 0.619641 0.609140 0.598614 0.588063 
0.597791 0.608473 0.619134 0.629771 0.640382 0.650965 0.661515 0.672031 0.682510 0.692949 0.703344 0.713692 0.723989 0.734233 0.744419 0.754543 0.764602 0.774591 0.784506 0.794343 0.804097 0.813764 0.823337 0.832814 0.842188 0.851454 0.860607 0.869641 0.878551 0.887330 0.895973 0.904475 0.912827 0.921026 0.929063 0.936934 0.944630 0.952147 0.959477 0.966613 0.973550 0.980280 0.986797 0.993094 0.999166 1.005005 1.010605 1.015960 1.021065 1.025912 1.030497 1.034815 1.038859 1.042625 1.046108 1.049304 1.052208 1.054817 1.057128 1.059136 1.060841 1.062238 1.063328 1.064107 1.064574 1.064730 1.064574 1.064107 1.063328 1.062238 1.060841 1.059136 1.057128 1.054817 1.052208 1.049304 1.046108 1.042625 1.038859 1.034815 1.030497 1.025912 1.021065 1.015960 1.010605 1.005005 0.999166 0.993094 0.986797 0.980280 0.973550 0.966613 0.959477 0.952147 0.944630 0.936934 0.929063 0.921026 0.912827 0.904475 0.895973 0.887330 0.878551 0.869641 0.860607 0.851454 0.842188 0.832814 0.823337 0.813764 0.804097 0.794343 0.784506 0.774591 0.764602 0.754543 0.744419 0.734233 0.723989 0.713692 0.703344 0.692949 0.682510 0.672031 0.661515 0.650965 0.640382 0.629771 0.619134 0.608473 0.597791 
0.607473 0.618289 0.629086 0.639861 0.650612 0.661337 0.672031 0.682694 0.693321 0.703910 0.714457 0.724959 0.735412 0.745814 0.756160 0.766445 0.776667 0.786822 0.796903 0.806908 0.816831 0.826668 0.836414 0.846063 0.855611 0.865051 0.874379 0.883589 0.892674 0.901630 0.910449 0.919126 0.927653 0.936026 0.944237 0.952280 0.960147 0.967832 0.975329 0.982630 0.989729 0.996618 1.003291 1.009740 1.015960 1.021943 1.027683 1.033174 1.038408 1.043380 1.048084 1.052514 1.056665 1.060531 1.064107 1.067388 1.070371 1.073051 1.075424 1.077488 1.079239 1.080675 1.081794 1.082595 1.083075 1.083236 1.083075 1.082595 1.081794 1.080675 1.079239 1.077488 1.075424 1.073051 1.070371 1.067388 1.064107 1.060531 1.056665 1.052514 1.048084 1.043380 1.038408 1.033174 1.027683 1.021943 1.015960 1.009740 1.003291 0.996618 0.989729 0.982630 0.975329 0.967832 0.960147 0.952280 0.944237 0.936026 0.927653 0.919126 0.910449 0.901630 0.892674 0.883589 0.874379 0.865051 0.855611 0.846063 0.836414 0.826668 0.816831 0.806908 0.796903 0.786822 0.776667 0.766445 0.756160 0.745814 0.735412 0.724959 0.714457 0.703910 0.693321 0.682694 0.672031 0.661337 0.650612 0.639861 0.629086 0.618289 0.607473 
0.617108 0.628060 0.638994 0.649909 0.660801 0.671670 0.682510 0.693321 0.704098 0.714840 0.725541 0.736200 0.746812 0.757374 0.767882 0.778333 0.788721 0.799043 0.809295 0.819471 0.829567 0.839578 0.849499 0.859325 0.869051 0.878670 0.888178 0.897567 0.906833 0.915970 0.924969 0.933827 0.942535 0.951087 0.959477 0.967697 0.975740 0.983600 0.991269 0.998740 1.006006 1.013060 1.019895 1.026502 1.032876 1.039009 1.044894 1.050525 1.055894 1.060996 1.065823 1.070371 1.074632 1.078602 1.082274 1.085645 1.088710 1.091463 1.093902 1.096023 1.097823 1.099300 1.100450 1.101273 1.101767 1.101932 1.101767 1.101273 1.100450 1.099300 1.097823 1.096023 1.093902 1.091463 1.088710 1.085645 1.082274 1.078602 1.074632 1.070371 1.065823 1.060996 1.055894 1.050525 1.044894 1.039009 1.032876 1.026502 1.019895 1.013060 1.006006 0.998740 0.991269 0.983600 0.975740 0.967697 0.959477 0.951087 0.942535 0.933827 0.924969 0.915970 0.906833 0.897567 0.888178 0.878670 0.869051 0.859325 0.849499 0.839578 0.829567 0.819471 0.809295 0.799043 0.788721 0.778333 0.767882 0.757374 0.746812 0.736200 0.725541 0.714840 0.704098 0.693321 0.682510 0.671670 0.660801 0.649909 0.638994 0.628060 0.617108 
0.626693 0.637781 0.648854 0.659910 0.670946 0.681960 0.692949 0.703910 0.714840 0.725735 0.736594 0.747412 0.758185 0.768911 0.779584 0.790202 0.800760 0.811253 0.821678 0.832029 0.842302 0.852491 0.862592 0.872599 0.882506 0.892309 0.902000 0.911575 0.921026 0.930348 0.939533 0.948577 0.957470 0.966207 0.974781 0.983184 0.991409 0.999449 1.007297 1.014944 1.022383 1.029608 1.036609 1.043380 1.049914 1.056202 1.062238 1.068015 1.073525 1.078761 1.083717 1.088386 1.092763 1.096841 1.100615 1.104079 1.107228 1.110059 1.112567 1.114747 1.116598 1.118116 1.119300 1.120146 1.120654 1.120824 1.120654 1.120146 1.119300 1.118116 1.116598 1.114747 1.112567 1.110059 1.107228 1.104079 1.100615 1.096841 1.092763 1.088386 1.083717 1.078761 1.073525 1.068015 1.062238 1.056202 1.049914 1.043380 1.036609 1.029608 1.022383 1.014944 1.007297 0.999449 0.991409 0.983184 0.974781 0.966207 0.957470 0.948577 0.939533 0.930348 0.921026 0.911575 0.902000 0.892309 0.882506 0.872599 0.862592 0.852491 0.842302 0.832029 0.821678 0.811253 0.800760 0.790202 0.779584 0.768911 0.758185 0.747412 0.736594 0.725735 0.714840 0.703910 0.692949 0.681960 0.670946 0.659910 0.648854 0.637781 0.626693 
0.636224 0.647450 0.658664 0.669862 0.681044 0.692205 0.703344 0.714457 0.725541 0.736594 0.747612 0.758591 0.769528 0.780420 0.791262 0.802050 0.812780 0.823448 0.834049 0.844579 0.855032 0.865403 0.875688 0.885879 0.895973 0.905963 0.915844 0.925608 0.935249 0.944762 0.954138 0.963373 0.972457 0.981385 0.990148 0.998740 1.007153 1.015379 1.023411 1.031240 1.038859 1.046260 1.053435 1.060376 1.067075 1.073525 1.079717 1.085645 1.091301 1.096677 1.101767 1.106564 1.111061 1.115252 1.119130 1.122692 1.125930 1.128841 1.131420 1.133664 1.135568 1.137130 1.138347 1.139218 1.139741 1.139916 1.139741 1.139218 1.138347 1.137130 1.135568 1.133664 1.131420 1.128841 1.125930 1.122692 1.119130 1.115252 1.111061 1.106564 1.101767 1.096677 1.091301 1.085645 1.079717 1.073525 1.067075 1.060376 1.053435 1.046260 1.038859 1.031240 1.023411 1.015379 1.007153 0.998740 0.990148 0.981385 0.972457 0.963373 0.954138 0.944762 0.935249 0.925608 0.915844 0.905963 0.895973 0.885879 0.875688 0.865403 0.855032 0.844579 0.834049 0.823448 0.812780 0.802050 0.791262 0.780420 0.769528 0.758591 0.747612 0.736594 0.725541 0.714457 0.703344 0.692205 0.681044 0.669862 0.658664 0.647450 0.636224 
0.645699 0.657065 0.668420 0.679763 0.691091 0.702401 0.713692 0.724959 0.736200 0.747412 0.758591 0.769734 0.780838 0.791898 0.802911 0.813873 0.824779 0.835625 0.846406 0.857117 0.867754 0.878312 0.888784 0.899165 0.909450 0.919632 0.929705 0.939664 0.949500 0.959209 0.968782 0.978213 0.987494 0.996618 1.005577 1.014364 1.022970 1.031388 1.039610 1.047628 1.055432 1.063016 1.070371 1.077488 1.084359 1.090977 1.097332 1.103417 1.109225 1.114747 1.119977 1.124906 1.129528 1.133837 1.137825 1.141488 1.144819 1.147814 1.150468 1.152777 1.154737 1.156344 1.157598 1.158494 1.159033 1.159212 1.159033 1.158494 1.157598 1.156344 1.154737 1.152777 1.150468 1.147814 1.144819 1.141488 1.137825 1.133837 1.129528 1.124906 1.119977 1.114747 1.109225 1.103417 1.097332 1.090977 1.084359 1.077488 1.070371 1.063016 1.055432 1.047628 1.039610 1.031388 1.022970 1.014364 1.005577 0.996618 0.987494 0.978213 0.968782 0.959209 0.949500 0.939664 0.929705 0.919632 0.909450 0.899165 0.888784 0.878312 0.867754 0.857117 0.846406 0.835625 0.824779 0.813873 0.802911 0.791898 0.780838 0.769734 0.758591 0.747412 0.736200 0.724959 0.713692 0.702401 0.691091 0.679763 0.668420 0.657065 0.645699 
0.655114 0.666621 0.678119 0.689608 0.701084 0.712546 0.723989 0.735412 0.746812 0.758185 0.769528 0.780838 0.792110 0.803342 0.814529 0.825667 0.836752 0.847779 0.858744 0.869641 0.880466 0.891213 0.901877 0.912451 0.922931 0.933310 0.943582 0.953740 0.963777 0.973686 0.983461 0.993094 1.002578 1.011904 1.021065 1.030052 1.038859 1.047476 1.055894 1.064107 1.072104 1.079877 1.087418 1.094717 1.101767 1.108559 1.115084 1.121333 1.127299 1.132973 1.138347 1.143415 1.148168 1.152599 1.156702 1.160471 1.163899 1.166982 1.169714 1.172091 1.174109 1.175765 1.177055 1.177979 1.178534 1.178719 1.178534 1.177979 1.177055 1.175765 1.174109 1.172091 1.169714 1.166982 1.163899 1.160471 1.156702 1.152599 1.148168 1.143415 1.138347 1.132973 1.127299 1.121333 1.115084 1.108559 1.101767 1.094717 1.087418 1.079877 1.072104 1.064107 1.055894 1.047476 1.038859 1.030052 1.021065 1.011904 1.002578 0.993094 0.983461 0.973686 0.963777 0.953740 0.943582 0.933310 0.922931 0.912451 0.901877 0.891213 0.880466 0.869641 0.858744 0.847779 0.836752 0.825667 0.814529 0.803342 0.792110 0.780838 0.769528 0.758185 0.746812 0.735412 0.723989 0.712546 0.701084 0.689608 0.678119 0.666621 0.655114 
0.664467 0.676115 0.687758 0.699394 0.711020 0.722634 0.734233 0.745814 0.757374 0.768911 0.780420 0.791898 0.803342 0.814748 0.826112 0.837429 0.848696 0.859908 0.871059 0.882146 0.893162 0.904103 0.914963 0.925735 0.936415 0.946995 0.957470 0.967832 0.978075 0.988191 0.998174 1.008014 1.017706 1.027240 1.036609 1.045804 1.054817 1.063639 1.072261 1.080675 1.088871 1.096841 1.104575 1.112064 1.119300 1.126272 1.132973 1.139393 1.145523 1.151355 1.156881 1.162093 1.166982 1.171542 1.175765 1.179644 1.183174 1.186349 1.189162 1.191611 1.193690 1.195396 1.196725 1.197677 1.198249 1.198439 1.198249 1.197677 1.196725 1.195396 1.193690 1.191611 1.189162 1.186349 1.183174 1.179644 1.175765 1.171542 1.166982 1.162093 1.156881 1.151355 1.145523 1.139393 1.132973 1.126272 1.119300 1.112064 1.104575 1.096841 1.088871 1.080675 1.072261 1.063639 1.054817 1.045804 1.036609 1.027240 1.017706 1.008014 0.998174 0.988191 0.978075 0.967832 0.957470 0.946995 0.936415 0.925735 0.914963 0.904103 0.893162 0.882146 0.871059 0.859908 0.848696 0.837429 0.826112 0.814748 0.803342 0.791898 0.780420 0.768911 0.757374 0.745814 0.734233 0.722634 0.711020 0.699394 0.687758 0.676115 0.664467 
0.673753 0.685544 0.697333 0.709117 0.720895 0.732663 0.744419 0.756160 0.767882 0.779584 0.791262 0.802911 0.814529 0.826112 0.837655 0.849155 0.860607 0.872006 0.883348 0.894627 0.905839 0.916978 0.928038 0.939013 0.949897 0.960683 0.971366 0.981938 0.992392 1.002720 1.012916 1.022970 1.032876 1.042625 1.052208 1.061617 1.070843 1.079877 1.088710 1.097332 1.105735 1.113908 1.121842 1.129528 1.136956 1.144117 1.151000 1.157598 1.163899 1.169897 1.175581 1.180943 1.185974 1.190668 1.195016 1.199011 1.202647 1.205918 1.208817 1.211340 1.213483 1.215241 1.216612 1.217593 1.218183 1.218379 1.218183 1.217593 1.216612 1.215241 1.213483 1.211340 1.208817 1.205918 1.202647 1.199011 1.195016 1.190668 1.185974 1.180943 1.175581 1.169897 1.163899 1.157598 1.151000 1.144117 1.136956 1.129528 1.121842 1.113908 1.105735 1.097332 1.088710 1.079877 1.070843 1.061617 1.052208 1.042625 1.032876 1.022970 1.012916 1.002720 0.992392 0.981938 0.971366 0.960683 0.949897 0.939013 0.928038 0.916978 0.905839 0.894627 0.883348 0.872006 0.860607 0.849155 0.837655 0.826112 0.814529 0.802911 0.791262 0.779584 0.767882 0.756160 0.744419 0.732663 0.720895 0.709117 0.697333 0.685544 0.673753 
0.682969 0.694905 0.706841 0.718775 0.730705 0.742629 0.754543 0.766445 0.778333 0.790202 0.802050 0.813873 0.825667 0.837429 0.849155 0.860840 0.872480 0.884070 0.895606 0.907082 0.918493 0.929834 0.941098 0.952280 0.963373 0.974370 0.985266 0.996053 1.006723 1.017269 1.027683 1.037958 1.048084 1.058054 1.067858 1.077488 1.086934 1.096187 1.105237 1.114076 1.122692 1.131076 1.139218 1.147108 1.154737 1.162093 1.169167 1.175949 1.182429 1.188599 1.194447 1.199966 1.205147 1.209981 1.214459 1.218576 1.222323 1.225694 1.228683 1.231284 1.233494 1.235307 1.236721 1.237733 1.238341 1.238544 1.238341 1.237733 1.236721 1.235307 1.233494 1.231284 1.228683 1.225694 1.222323 1.218576 1.214459 1.209981 1.205147 1.199966 1.194447 1.188599 1.182429 1.175949 1.169167 1.162093 1.154737 1.147108 1.139218 1.131076 1.122692 1.114076 1.105237 1.096187 1.086934 1.077488 1.067858 1.058054 1.048084 1.037958 1.027683 1.017269 1.006723 0.996053 0.985266 0.974370 0.963373 0.952280 0.941098 0.929834 0.918493 0.907082 0.895606 0.884070 0.872480 0.860840 0.849155 0.837429 0.825667 0.813873 0.802050 0.790202 0.778333 0.766445 0.754543 0.742629 0.730705 0.718775 0.706841 0.694905 0.682969 
0.692112 0.704193 0.716277 0.728362 0.740447 0.752527 0.764602 0.776667 0.788721 0.800760 0.812780 0.824779 0.836752 0.848696 0.860607 0.872480 0.884311 0.896096 0.907829 0.919505 0.931119 0.942666 0.954138 0.965531 0.976838 0.988052 0.999166 1.010172 1.021065 1.031834 1.042474 1.052974 1.063328 1.073525 1.083557 1.093414 1.103087 1.112567 1.121842 1.130904 1.139741 1.148344 1.156702 1.164805 1.172641 1.180200 1.187473 1.194447 1.201114 1.207463 1.213483 1.219166 1.224502 1.229482 1.234098 1.238341 1.242205 1.245681 1.248764 1.251448 1.253727 1.255598 1.257058 1.258102 1.258729 1.258939 1.258729 1.258102 1.257058 1.255598 1.253727 1.251448 1.248764 1.245681 1.242205 1.238341 1.234098 1.229482 1.224502 1.219166 1.213483 1.207463 1.201114 1.194447 1.187473 1.180200 1.172641 1.164805 1.156702 1.148344 1.139741 1.130904 1.121842 1.112567 1.103087 1.093414 1.083557 1.073525 1.063328 1.052974 1.042474 1.031834 1.021065 1.010172 0.999166 0.988052 0.976838 0.965531 0.954138 0.942666 0.931119 0.919505 0.907829 0.896096 0.884311 0.872480 0.860607 0.848696 0.836752 0.824779 0.812780 0.800760 0.788721 0.776667 0.764602 0.752527 0.740447 0.728362 0.716277 0.704193 0.692112 
0.701178 0.713405 0.725638 0.737876 0.750116 0.762355 0.774591 0.786822 0.799043 0.811253 0.823448 0.835625 0.847779 0.859908 0.872006 0.884070 0.896096 0.908078 0.920012 0.931892 0.943713 0.955469 0.967155 0.978763 0.990288 1.001723 1.013060 1.024293 1.035412 1.046412 1.057282 1.068015 1.078602 1.089033 1.099300 1.109392 1.119300 1.129013 1.138521 1.147814 1.156881 1.165711 1.174293 1.182616 1.190668 1.198439 1.205918 1.213093 1.219954 1.226490 1.232690 1.238544 1.244043 1.249176 1.253935 1.258311 1.262296 1.265883 1.269064 1.271834 1.274187 1.276119 1.277626 1.278704 1.279352 1.279568 1.279352 1.278704 1.277626 1.276119 1.274187 1.271834 1.269064 1.265883 1.262296 1.258311 1.253935 1.249176 1.244043 1.238544 1.232690 1.226490 1.219954 1.213093 1.205918 1.198439 1.190668 1.182616 1.174293 1.165711 1.156881 1.147814 1.138521 1.129013 1.119300 1.109392 1.099300 1.089033 1.078602 1.068015 1.057282 1.046412 1.035412 1.024293 1.013060 1.001723 0.990288 0.978763 0.967155 0.955469 0.943713 0.931892 0.920012 0.908078 0.896096 0.884070 0.872006 0.859908 0.847779 0.835625 0.823448 0.811253 0.799043 0.786822 0.774591 0.762355 0.750116 0.737876 0.725638 0.713405 0.701178 
0.710163 0.722537 0.734921 0.747312 0.759708 0.772107 0.784506 0.796903 0.809295 0.821678 0.834049 0.846406 0.858744 0.871059 0.883348 0.895606 0.907829 0.920012 0.932150 0.944237 0.956269 0.968239 0.980142 0.991971 1.003719 1.015379 1.026945 1.038408 1.049761 1.060996 1.072104 1.083075 1.093902 1.104575 1.115084 1.125418 1.135568 1.145523 1.155272 1.164805 1.174109 1.183174 1.191988 1.200540 1.208817 1.216808 1.224502 1.231886 1.238950 1.245681 1.252068 1.258102 1.263770 1.269064 1.273973 1.278488 1.282601 1.286304 1.289588 1.292449 1.294880 1.296875 1.298431 1.299546 1.300215 1.300438 1.300215 1.299546 1.298431 1.296875 1.294880 1.292449 1.289588 1.286304 1.282601 1.278488 1.273973 1.269064 1.263770 1.258102 1.252068 1.245681 1.238950 1.231886 1.224502 1.216808 1.208817 1.200540 1.191988 1.183174 1.174109 1.164805 1.155272 1.145523 1.135568 1.125418 1.115084 1.104575 1.093902 1.083075 1.072104 1.060996 1.049761 1.038408 1.026945 1.015379 1.003719 0.991971 0.980142 0.968239 0.956269 0.944237 0.932150 0.920012 0.907829 0.895606 0.883348 0.871059 0.858744 0.846406 0.834049 0.821678 0.809295 0.796903 0.784506 0.772107 0.759708 0.747312 0.734921 0.722537 0.710163 
0.719064 0.731585 0.744120 0.756665 0.769219 0.781779 0.794343 0.806908 0.819471 0.832029 0.844579 0.857117 0.869641 0.882146 0.894627 0.907082 0.919505 0.931892 0.944237 0.956536 0.968782 0.980970 0.993094 1.005148 1.017124 1.029015 1.040814 1.052514 1.064107 1.075583 1.086934 1.098151 1.109225 1.120146 1.130904 1.141488 1.151888 1.162093 1.172091 1.181871 1.191422 1.200731 1.209786 1.218576 1.227087 1.235307 1.243225 1.250827 1.258102 1.265037 1.271621 1.277841 1.283688 1.289149 1.294216 1.298877 1.303124 1.306948 1.310341 1.313297 1.315808 1.317871 1.319479 1.320631 1.321323 1.321554 1.321323 1.320631 1.319479 1.317871 1.315808 1.313297 1.310341 1.306948 1.303124 1.298877 1.294216 1.289149 1.283688 1.277841 1.271621 1.265037 1.258102 1.250827 1.243225 1.235307 1.227087 1.218576 1.209786 1.200731 1.191422 1.181871 1.172091 1.162093 1.151888 1.141488 1.130904 1.120146 1.109225 1.098151 1.086934 1.075583 1.064107 1.052514 1.040814 1.029015 1.017124 1.005148 0.993094 0.980970 0.968782 0.956536 0.944237 0.931892 0.919505 0.907082 0.894627 0.882146 0.869641 0.857117 0.844579 0.832029 0.819471 0.806908 0.794343 0.781779 0.769219 0.756665 0.744120 0.731585 0.719064 
0.727875 0.740546 0.753232 0.765933 0.778645 0.791368 0.804097 0.816831 0.829567 0.842302 0.855032 0.867754 0.880466 0.893162 0.905839 0.918493 0.931119 0.943713 0.956269 0.968782 0.981247 0.993657 1.006006 1.018289 1.030497 1.042625 1.054663 1.066605 1.078442 1.090166 1.101767 1.113237 1.124565 1.135741 1.146756 1.157598 1.168256 1.178719 1.188974 1.199011 1.208817 1.218379 1.227685 1.236721 1.245476 1.253935 1.262086 1.269915 1.277410 1.284559 1.291347 1.297764 1.303797 1.309434 1.314665 1.319479 1.323867 1.327819 1.331326 1.334381 1.336978 1.339111 1.340775 1.341966 1.342682 1.342921 1.342682 1.341966 1.340775 1.339111 1.336978 1.334381 1.331326 1.327819 1.323867 1.319479 1.314665 1.309434 1.303797 1.297764 1.291347 1.284559 1.277410 1.269915 1.262086 1.253935 1.245476 1.236721 1.227685 1.218379 1.208817 1.199011 1.188974 1.178719 1.168256 1.157598 1.146756 1.135741 1.124565 1.113237 1.101767 1.090166 1.078442 1.066605 1.054663 1.042625 1.030497 1.018289 1.006006 0.993657 0.981247 0.968782 0.956269 0.943713 0.931119 0.918493 0.905839 0.893162 0.880466 0.867754 0.855032 0.842302 0.829567 0.816831 0.804097 0.791368 0.778645 0.765933 0.753232 0.740546 0.727875 
0.736594 0.749414 0.762253 0.775110 0.787982 0.800867 0.813764 0.826668 0.839578 0.852491 0.865403 0.878312 0.891213 0.904103 0.916978 0.929834 0.942666 0.955469 0.968239 0.980970 0.993657 1.006293 1.018872 1.031388 1.043834 1.056202 1.068485 1.080675 1.092763 1.104741 1.116598 1.128327 1.139916 1.151355 1.162634 1.173742 1.184666 1.195396 1.205918 1.216220 1.226291 1.236115 1.245681 1.254974 1.263981 1.272689 1.281083 1.289149 1.296875 1.304246 1.311249 1.317871 1.324099 1.329921 1.335325 1.340299 1.344834 1.348920 1.352547 1.355708 1.358395 1.360602 1.362324 1.363557 1.364297 1.364545 1.364297 1.363557 1.362324 1.360602 1.358395 1.355708 1.352547 1.348920 1.344834 1.340299 1.335325 1.329921 1.324099 1.317871 1.311249 1.304246 1.296875 1.289149 1.281083 1.272689 1.263981 1.254974 1.245681 1.236115 1.226291 1.216220 1.205918 1.195396 1.184666 1.173742 1.162634 1.151355 1.139916 1.128327 1.116598 1.104741 1.092763 1.080675 1.068485 1.056202 1.043834 1.031388 1.018872 1.006293 0.993657 0.980970 0.968239 0.955469 0.942666 0.929834 0.916978 0.904103 0.891213 0.878312 0.865403 0.852491 0.839578 0.826668 0.813764 0.800867 0.787982 0.775110 0.762253 0.749414 0.736594 
0.745216 0.758185 0.771178 0.784191 0.797224 0.810273 0.823337 0.836414 0.849499 0.862592 0.875688 0.888784 0.901877 0.914963 0.928038 0.941098 0.954138 0.967155 0.980142 0.993094 1.006006 1.018872 1.031686 1.044440 1.057128 1.069742 1.082274 1.094717 1.107062 1.119300 1.131420 1.143415 1.155272 1.166982 1.178534 1.189915 1.201114 1.212119 1.222916 1.233494 1.243838 1.253935 1.263770 1.273331 1.282601 1.291567 1.300215 1.308529 1.316495 1.324099 1.331326 1.338162 1.344595 1.350610 1.356196 1.361339 1.366030 1.370256 1.374010 1.377281 1.380062 1.382347 1.384130 1.385407 1.386174 1.386430 1.386174 1.385407 1.384130 1.382347 1.380062 1.377281 1.374010 1.370256 1.366030 1.361339 1.356196 1.350610 1.344595 1.338162 1.331326 1.324099 1.316495 1.308529 1.300215 1.291567 1.282601 1.273331 1.263770 1.253935 1.243838 1.233494 1.222916 1.212119 1.201114 1.189915 1.178534 1.166982 1.155272 1.143415 1.131420 1.119300 1.107062 1.094717 1.082274 1.069742 1.057128 1.044440 1.031686 1.018872 1.006006 0.993094 0.980142 0.967155 0.954138 0.941098 0.928038 0.914963 0.901877 0.888784 0.875688 0.862592 0.849499 0.836414 0.823337 0.810273 0.797224 0.784191 0.771178 0.758185 0.745216 
0.753736 0.766856 0.780002 0.793173 0.806367 0.819581 0.832814 0.846063 0.859325 0.872599 0.885879 0.899165 0.912451 0.925735 0.939013 0.952280 0.965531 0.978763 0.991971 1.005148 1.018289 1.031388 1.044440 1.057436 1.070371 1.083236 1.096023 1.108725 1.121333 1.133837 1.146227 1.158494 1.170627 1.182616 1.194447 1.206111 1.217593 1.228883 1.239965 1.250827 1.261455 1.271834 1.281950 1.291788 1.301332 1.310568 1.319479 1.328052 1.336269 1.344116 1.351578 1.358640 1.365287 1.371505 1.377281 1.382602 1.387455 1.391830 1.395716 1.399104 1.401985 1.404352 1.406200 1.407523 1.408318 1.408583 1.408318 1.407523 1.406200 1.404352 1.401985 1.399104 1.395716 1.391830 1.387455 1.382602 1.377281 1.371505 1.365287 1.358640 1.351578 1.344116 1.336269 1.328052 1.319479 1.310568 1.301332 1.291788 1.281950 1.271834 1.261455 1.250827 1.239965 1.228883 1.217593 1.206111 1.194447 1.182616 1.170627 1.158494 1.146227 1.133837 1.121333 1.108725 1.096023 1.083236 1.070371 1.057436 1.044440 1.031388 1.018289 1.005148 0.991971 0.978763 0.965531 0.952280 0.939013 0.925735 0.912451 0.899165 0.885879 0.872599 0.859325 0.846063 0.832814 0.819581 0.806367 0.793173 0.780002 0.766856 0.753736 
0.762151 0.775421 0.788721 0.802050 0.815405 0.828785 0.842188 0.855611 0.869051 0.882506 0.895973 0.909450 0.922931 0.936415 0.949897 0.963373 0.976838 0.990288 1.003719 1.017124 1.030497 1.043834 1.057128 1.070371 1.083557 1.096677 1.109725 1.122692 1.135568 1.148344 1.161011 1.173558 1.185974 1.198249 1.210369 1.222323 1.234098 1.245681 1.257058 1.268214 1.279136 1.289808 1.300215 1.310341 1.320170 1.329687 1.338874 1.347716 1.356196 1.364297 1.372005 1.379302 1.386174 1.392605 1.398581 1.404089 1.409114 1.413645 1.417671 1.421181 1.424168 1.426622 1.428537 1.429909 1.430733 1.431008 1.430733 1.429909 1.428537 1.426622 1.424168 1.421181 1.417671 1.413645 1.409114 1.404089 1.398581 1.392605 1.386174 1.379302 1.372005 1.364297 1.356196 1.347716 1.338874 1.329687 1.320170 1.310341 1.300215 1.289808 1.279136 1.268214 1.257058 1.245681 1.234098 1.222323 1.210369 1.198249 1.185974 1.173558 1.161011 1.148344 1.135568 1.122692 1.109725 1.096677 1.083557 1.070371 1.057128 1.043834 1.030497 1.017124 1.003719 0.990288 0.976838 0.963373 0.949897 0.936415 0.922931 0.909450 0.895973 0.882506 0.869051 0.855611 0.842188 0.828785 0.815405 0.802050 0.788721 0.775421 0.762151 
0.770456 0.783876 0.797331 0.810818 0.824335 0.837881 0.851454 0.865051 0.878670 0.892309 0.905963 0.919632 0.933310 0.946995 0.960683 0.974370 0.988052 1.001723 1.015379 1.029015 1.042625 1.056202 1.069742 1.083236 1.096677 1.110059 1.123372 1.136609 1.149760 1.162815 1.175765 1.188599 1.201305 1.213873 1.226291 1.238544 1.250621 1.262506 1.274187 1.285649 1.296875 1.307851 1.318560 1.328985 1.339111 1.348920 1.358395 1.367518 1.376272 1.384641 1.392605 1.400150 1.407258 1.413913 1.420099 1.425802 1.431008 1.435704 1.439877 1.443517 1.446614 1.449160 1.451147 1.452570 1.453426 1.453712 1.453426 1.452570 1.451147 1.449160 1.446614 1.443517 1.439877 1.435704 1.431008 1.425802 1.420099 1.413913 1.407258 1.400150 1.392605 1.384641 1.376272 1.367518 1.358395 1.348920 1.339111 1.328985 1.318560 1.307851 1.296875 1.285649 1.274187 1.262506 1.250621 1.238544 1.226291 1.213873 1.201305 1.188599 1.175765 1.162815 1.149760 1.136609 1.123372 1.110059 1.096677 1.083236 1.069742 1.056202 1.042625 1.029015 1.015379 1.001723 0.988052 0.974370 0.960683 0.946995 0.933310 0.919632 0.905963 0.892309 0.878670 0.865051 0.851454 0.837881 0.824335 0.810818 0.797331 0.783876 0.770456 
0.778645 0.792217 0.805826 0.819471 0.833151 0.846863 0.860607 0.874379 0.888178 0.902000 0.915844 0.929705 0.943582 0.957470 0.971366 0.985266 0.999166 1.013060 1.026945 1.040814 1.054663 1.068485 1.082274 1.096023 1.109725 1.123372 1.136956 1.150468 1.163899 1.177240 1.190480 1.203608 1.216612 1.229482 1.242205 1.254766 1.267153 1.279352 1.291347 1.303124 1.314665 1.325956 1.336978 1.347716 1.358150 1.368264 1.378038 1.387455 1.396496 1.405143 1.413378 1.421181 1.428537 1.435427 1.441835 1.447744 1.453141 1.458010 1.462339 1.466115 1.469329 1.471971 1.474034 1.475512 1.476401 1.476697 1.476401 1.475512 1.474034 1.471971 1.469329 1.466115 1.462339 1.458010 1.453141 1.447744 1.441835 1.435427 1.428537 1.421181 1.413378 1.405143 1.396496 1.387455 1.378038 1.368264 1.358150 1.347716 1.336978 1.325956 1.314665 1.303124 1.291347 1.279352 1.267153 1.254766 1.242205 1.229482 1.216612 1.203608 1.190480 1.177240 1.163899 1.150468 1.136956 1.123372 1.109725 1.096023 1.082274 1.068485 1.054663 1.040814 1.026945 1.013060 0.999166 0.985266 0.971366 0.957470 0.943582 0.929705 0.915844 0.902000 0.888178 0.874379 0.860607 0.846863 0.833151 0.819471 0.805826 0.792217 0.778645 
0.786716 0.800438 0.814201 0.828005 0.841847 0.855726 0.869641 0.883589 0.897567 0.911575 0.925608 0.939664 0.953740 0.967832 0.981938 0.996053 1.010172 1.024293 1.038408 1.052514 1.066605 1.080675 1.094717 1.108725 1.122692 1.136609 1.150468 1.164261 1.177979 1.191611 1.205147 1.218576 1.231886 1.245066 1.258102 1.270981 1.283688 1.296209 1.308529 1.320631 1.332499 1.344116 1.355464 1.366525 1.377281 1.387712 1.397799 1.407523 1.416864 1.425802 1.434319 1.442395 1.450011 1.457148 1.463788 1.469915 1.475512 1.480564 1.485057 1.488978 1.492315 1.495060 1.497203 1.498739 1.499662 1.499970 1.499662 1.498739 1.497203 1.495060 1.492315 1.488978 1.485057 1.480564 1.475512 1.469915 1.463788 1.457148 1.450011 1.442395 1.434319 1.425802 1.416864 1.407523 1.397799 1.387712 1.377281 1.366525 1.355464 1.344116 1.332499 1.320631 1.308529 1.296209 1.283688 1.270981 1.258102 1.245066 1.231886 1.218576 1.205147 1.191611 1.177979 1.164261 1.150468 1.136609 1.122692 1.108725 1.094717 1.080675 1.066605 1.052514 1.038408 1.024293 1.010172 0.996053 0.981938 0.967832 0.953740 0.939664 0.925608 0.911575 0.897567 0.883589 0.869641 0.855726 0.841847 0.828005 0.814201 0.800438 0.786716 
0.794663 0.808534 0.822452 0.836414 0.850419 0.864465 0.878551 0.892674 0.906833 0.921026 0.935249 0.949500 0.963777 0.978075 0.992392 1.006723 1.021065 1.035412 1.049761 1.064107 1.078442 1.092763 1.107062 1.121333 1.135568 1.149760 1.163899 1.177979 1.191988 1.205918 1.219757 1.233494 1.247118 1.260615 1.273973 1.287178 1.300215 1.313069 1.325723 1.338162 1.350369 1.362324 1.374010 1.385407 1.396496 1.407258 1.417671 1.427715 1.437370 1.446614 1.455427 1.463788 1.471677 1.479074 1.485959 1.492315 1.498124 1.503369 1.508035 1.512108 1.515576 1.518429 1.520657 1.522253 1.523213 1.523534 1.523213 1.522253 1.520657 1.518429 1.515576 1.512108 1.508035 1.503369 1.498124 1.492315 1.485959 1.479074 1.471677 1.463788 1.455427 1.446614 1.437370 1.427715 1.417671 1.407258 1.396496 1.385407 1.374010 1.362324 1.350369 1.338162 1.325723 1.313069 1.300215 1.287178 1.273973 1.260615 1.247118 1.233494 1.219757 1.205918 1.191988 1.177979 1.163899 1.149760 1.135568 1.121333 1.107062 1.092763 1.078442 1.064107 1.049761 1.035412 1.021065 1.006723 0.992392 0.978075 0.963777 0.949500 0.935249 0.921026 0.906833 0.892674 0.878551 0.864465 0.850419 0.836414 0.822452 0.808534 0.794663 
0.802480 0.816502 0.830573 0.844693 0.858860 0.873073 0.887330 0.901630 0.915970 0.930348 0.944762 0.959209 0.973686 0.988191 1.002720 1.017269 1.031834 1.046412 1.060996 1.075583 1.090166 1.104741 1.119300 1.133837 1.148344 1.162815 1.177240 1.191611 1.205918 1.220151 1.234299 1.248352 1.262296 1.276119 1.289808 1.303348 1.316724 1.329921 1.342921 1.355708 1.368264 1.380569 1.392605 1.404352 1.415789 1.426895 1.437648 1.448027 1.458010 1.467574 1.476697 1.485358 1.493533 1.501204 1.508347 1.514944 1.520976 1.526424 1.531273 1.535508 1.539114 1.542081 1.544399 1.546061 1.547060 1.547393 1.547060 1.546061 1.544399 1.542081 1.539114 1.535508 1.531273 1.526424 1.520976 1.514944 1.508347 1.501204 1.493533 1.485358 1.476697 1.467574 1.458010 1.448027 1.437648 1.426895 1.415789 1.404352 1.392605 1.380569 1.368264 1.355708 1.342921 1.329921 1.316724 1.303348 1.289808 1.276119 1.262296 1.248352 1.234299 1.220151 1.205918 1.191611 1.177240 1.162815 1.148344 1.133837 1.119300 1.104741 1.090166 1.075583 1.060996 1.046412 1.031834 1.017269 1.002720 0.988191 0.973686 0.959209 0.944762 0.930348 0.915970 0.901630 0.887330 0.873073 0.858860 0.844693 0.830573 0.816502 0.802480 
0.810165 0.824335 0.838560 0.852837 0.867166 0.881545 0.895973 0.910449 0.924969 0.939533 0.954138 0.968782 0.983461 0.998174 1.012916 1.027683 1.042474 1.057282 1.072104 1.086934 1.101767 1.116598 1.131420 1.146227 1.161011 1.175765 1.190480 1.205147 1.219757 1.234299 1.248764 1.263138 1.277410 1.291567 1.305595 1.319479 1.333204 1.346754 1.360111 1.373257 1.386174 1.398843 1.411242 1.423352 1.435150 1.446614 1.457722 1.468451 1.478776 1.488675 1.498124 1.507099 1.515576 1.523534 1.530949 1.537800 1.544068 1.549732 1.554774 1.559179 1.562932 1.566020 1.568433 1.570163 1.571203 1.571550 1.571203 1.570163 1.568433 1.566020 1.562932 1.559179 1.554774 1.549732 1.544068 1.537800 1.530949 1.523534 1.515576 1.507099 1.498124 1.488675 1.478776 1.468451 1.457722 1.446614 1.435150 1.423352 1.411242 1.398843 1.386174 1.373257 1.360111 1.346754 1.333204 1.319479 1.305595 1.291567 1.277410 1.263138 1.248764 1.234299 1.219757 1.205147 1.190480 1.175765 1.161011 1.146227 1.131420 1.116598 1.101767 1.086934 1.072104 1.057282 1.042474 1.027683 1.012916 0.998174 0.983461 0.968782 0.954138 0.939533 0.924969 0.910449 0.895973 0.881545 0.867166 0.852837 0.838560 0.824335 0.810165 
0.817710 0.832029 0.846406 0.860840 0.875330 0.889876 0.904475 0.919126 0.933827 0.948577 0.963373 0.978213 0.993094 1.008014 1.022970 1.037958 1.052974 1.068015 1.083075 1.098151 1.113237 1.128327 1.143415 1.158494 1.173558 1.188599 1.203608 1.218576 1.233494 1.248352 1.263138 1.277841 1.292449 1.306948 1.321323 1.335561 1.349644 1.363557 1.377281 1.390798 1.404089 1.417133 1.429909 1.442395 1.454569 1.466407 1.477884 1.488978 1.499662 1.509911 1.519701 1.529006 1.537800 1.546061 1.553762 1.560882 1.567398 1.573289 1.578536 1.583122 1.587030 1.590247 1.592761 1.594563 1.595647 1.596009 1.595647 1.594563 1.592761 1.590247 1.587030 1.583122 1.578536 1.573289 1.567398 1.560882 1.553762 1.546061 1.537800 1.529006 1.519701 1.509911 1.499662 1.488978 1.477884 1.466407 1.454569 1.442395 1.429909 1.417133 1.404089 1.390798 1.377281 1.363557 1.349644 1.335561 1.321323 1.306948 1.292449 1.277841 1.263138 1.248352 1.233494 1.218576 1.203608 1.188599 1.173558 1.158494 1.143415 1.128327 1.113237 1.098151 1.083075 1.068015 1.052974 1.037958 1.022970 1.008014 0.993094 0.978213 0.963373 0.948577 0.933827 0.919126 0.904475 0.889876 0.875330 0.860840 0.846406 0.832029 0.817710 
0.825112 0.839578 0.854107 0.868697 0.883348 0.898059 0.912827 0.927653 0.942535 0.957470 0.972457 0.987494 1.002578 1.017706 1.032876 1.048084 1.063328 1.078602 1.093902 1.109225 1.124565 1.139916 1.155272 1.170627 1.185974 1.201305 1.216612 1.231886 1.247118 1.262296 1.277410 1.292449 1.307399 1.322247 1.336978 1.351578 1.366030 1.380316 1.394418 1.408318 1.421994 1.435427 1.448593 1.461470 1.474034 1.486261 1.498124 1.509598 1.520657 1.531273 1.541421 1.551072 1.560200 1.568779 1.576782 1.584185 1.590964 1.597096 1.602559 1.607336 1.611408 1.614761 1.617382 1.619262 1.620392 1.620770 1.620392 1.619262 1.617382 1.614761 1.611408 1.607336 1.602559 1.597096 1.590964 1.584185 1.576782 1.568779 1.560200 1.551072 1.541421 1.531273 1.520657 1.509598 1.498124 1.486261 1.474034 1.461470 1.448593 1.435427 1.421994 1.408318 1.394418 1.380316 1.366030 1.351578 1.336978 1.322247 1.307399 1.292449 1.277410 1.262296 1.247118 1.231886 1.216612 1.201305 1.185974 1.170627 1.155272 1.139916 1.124565 1.109225 1.093902 1.078602 1.063328 1.048084 1.032876 1.017706 1.002578 0.987494 0.972457 0.957470 0.942535 0.927653 0.912827 0.898059 0.883348 0.868697 0.854107 0.839578 0.825112 
0.832365 0.846978 0.861657 0.876402 0.891213 0.906088 0.921026 0.936026 0.951087 0.966207 0.981385 0.996618 1.011904 1.027240 1.042625 1.058054 1.073525 1.089033 1.104575 1.120146 1.135741 1.151355 1.166982 1.182616 1.198249 1.213873 1.229482 1.245066 1.260615 1.276119 1.291567 1.306948 1.322247 1.337452 1.352547 1.367518 1.382347 1.397017 1.411509 1.425802 1.439877 1.453712 1.467282 1.480564 1.493533 1.506164 1.518429 1.530301 1.541751 1.552752 1.563274 1.573289 1.582768 1.591682 1.600003 1.607705 1.614761 1.621147 1.626841 1.631820 1.636066 1.639564 1.642299 1.644260 1.645440 1.645834 1.645440 1.644260 1.642299 1.639564 1.636066 1.631820 1.626841 1.621147 1.614761 1.607705 1.600003 1.591682 1.582768 1.573289 1.563274 1.552752 1.541751 1.530301 1.518429 1.506164 1.493533 1.480564 1.467282 1.453712 1.439877 1.425802 1.411509 1.397017 1.382347 1.367518 1.352547 1.337452 1.322247 1.306948 1.291567 1.276119 1.260615 1.245066 1.229482 1.213873 1.198249 1.182616 1.166982 1.151355 1.135741 1.120146 1.104575 1.089033 1.073525 1.058054 1.042625 1.027240 1.011904 0.996618 0.981385 0.966207 0.951087 0.936026 0.921026 0.906088 0.891213 0.876402 0.861657 0.846978 0.832365 
0.839465 0.854222 0.869051 0.883950 0.898919 0.913957 0.929063 0.944237 0.959477 0.974781 0.990148 1.005577 1.021065 1.036609 1.052208 1.067858 1.083557 1.099300 1.115084 1.130904 1.146756 1.162634 1.178534 1.194447 1.210369 1.226291 1.242205 1.258102 1.273973 1.289808 1.305595 1.321323 1.336978 1.352547 1.368015 1.383365 1.398581 1.413645 1.428537 1.443237 1.457722 1.471971 1.485959 1.499662 1.513052 1.526103 1.538786 1.551072 1.562932 1.574335 1.585250 1.595647 1.605494 1.614761 1.623418 1.631435 1.638785 1.645440 1.651376 1.656570 1.661002 1.664653 1.667509 1.669557 1.670789 1.671201 1.670789 1.669557 1.667509 1.664653 1.661002 1.656570 1.651376 1.645440 1.638785 1.631435 1.623418 1.614761 1.605494 1.595647 1.585250 1.574335 1.562932 1.551072 1.538786 1.526103 1.513052 1.499662 1.485959 1.471971 1.457722 1.443237 1.428537 1.413645 1.398581 1.383365 1.368015 1.352547 1.336978 1.321323 1.305595 1.289808 1.273973 1.258102 1.242205 1.226291 1.210369 1.194447 1.178534 1.162634 1.146756 1.130904 1.115084 1.099300 1.083557 1.067858 1.052208 1.036609 1.021065 1.005577 0.990148 0.974781 0.959477 0.944237 0.929063 0.913957 0.898919 0.883950 0.869051 0.854222 0.839465 
0.846406 0.861307 0.876283 0.891334 0.906460 0.921660 0.936934 0.952280 0.967697 0.983184 0.998740 1.014364 1.030052 1.045804 1.061617 1.077488 1.093414 1.109392 1.125418 1.141488 1.157598 1.173742 1.189915 1.206111 1.222323 1.238544 1.254766 1.270981 1.287178 1.303348 1.319479 1.335561 1.351578 1.367518 1.383365 1.399104 1.414716 1.430184 1.445486 1.460603 1.475512 1.490189 1.504609 1.518747 1.532573 1.546061 1.559179 1.571898 1.584185 1.596009 1.607336 1.618133 1.628368 1.638007 1.647017 1.655368 1.663027 1.669967 1.676161 1.681583 1.686211 1.690025 1.693009 1.695150 1.696438 1.696868 1.696438 1.695150 1.693009 1.690025 1.686211 1.681583 1.676161 1.669967 1.663027 1.655368 1.647017 1.638007 1.628368 1.618133 1.607336 1.596009 1.584185 1.571898 1.559179 1.546061 1.532573 1.518747 1.504609 1.490189 1.475512 1.460603 1.445486 1.430184 1.414716 1.399104 1.383365 1.367518 1.351578 1.335561 1.319479 1.303348 1.287178 1.270981 1.254766 1.238544 1.222323 1.206111 1.189915 1.173742 1.157598 1.141488 1.125418 1.109392 1.093414 1.077488 1.061617 1.045804 1.030052 1.014364 0.998740 0.983184 0.967697 0.952280 0.936934 0.921660 0.906460 0.891334 0.876283 0.861307 0.846406 
