91 91
6.109420e+00 0 5
0.408218 0.421694 0.435113 0.448469 0.461753 0.474959 0.488077 0.501098 0.514015 0.526818 0.539496 0.552039 0.564436 0.576677 0.588750 0.600642 0.612341 0.623835 0.635109 0.646151 0.656947 0.667482 0.677742 0.687712 0.697378 0.706724 0.715735 0.724397 0.732695 0.740613 0.748137 0.755254 0.761948 0.768206 0.774016 0.779366 0.784243 0.788638 0.792540 0.795940 0.798831 0.801205 0.803058 0.804385 0.805182 0.805448 0.805182 0.804385 0.803058 0.801205 0.798831 0.795940 0.792540 0.788638 0.784243 0.779366 0.774016 0.768206 0.761948 0.755254 0.748137 0.740613 0.732695 0.724397 0.715735 0.706724 0.697378 0.687712 0.677742 0.667482 0.656947 0.646151 0.635109 0.623835 0.612341 0.600642 0.588750 0.576677 0.564436 0.552039 0.539496 0.526818 0.514015 0.501098 0.488077 0.474959 0.461753 0.448469 0.435113 0.421694 0.408218 
0.421388 0.435113 0.448786 0.462400 0.475947 0.489418 0.502807 0.516104 0.529300 0.542384 0.555348 0.568180 0.580869 0.593404 0.605773 0.617963 0.629961 0.641755 0.653329 0.664671 0.675765 0.686597 0.697151 0.707413 0.717366 0.726994 0.736283 0.745215 0.753775 0.761948 0.769717 0.777068 0.783986 0.790456 0.796465 0.801999 0.807046 0.811595 0.815635 0.819156 0.822150 0.824610 0.826530 0.827905 0.828731 0.829007 0.828731 0.827905 0.826530 0.824610 0.822150 0.819156 0.815635 0.811595 0.807046 0.801999 0.796465 0.790456 0.783986 0.777068 0.769717 0.761948 0.753775 0.745215 0.736283 0.726994 0.717366 0.707413 0.697151 0.686597 0.675765 0.664671 0.653329 0.641755 0.629961 0.617963 0.605773 0.593404 0.580869 0.568180 0.555348 0.542384 0.529300 0.516104 0.502807 0.489418 0.475947 0.462400 0.448786 0.435113 0.421388 
0.434491 0.448469 0.462400 0.476276 0.490090 0.503834 0.517500 0.531078 0.544559 0.557933 0.571189 0.584318 0.597307 0.610145 0.622819 0.635316 0.647623 0.659726 0.671611 0.683263 0.694666 0.705806 0.716667 0.727231 0.737483 0.747406 0.756983 0.766197 0.775032 0.783471 0.791497 0.799094 0.806246 0.812939 0.819156 0.824884 0.830110 0.834822 0.839007 0.842656 0.845759 0.848310 0.850300 0.851725 0.852582 0.852868 0.852582 0.851725 0.850300 0.848310 0.845759 0.842656 0.839007 0.834822 0.830110 0.824884 0.819156 0.812939 0.806246 0.799094 0.791497 0.783471 0.775032 0.766197 0.756983 0.747406 0.737483 0.727231 0.716667 0.705806 0.694666 0.683263 0.671611 0.659726 0.647623 0.635316 0.622819 0.610145 0.597307 0.584318 0.571189 0.557933 0.544559 0.531078 0.517500 0.503834 0.490090 0.476276 0.462400 0.448469 0.434491 
0.447518 0.461753 0.475947 0.490090 0.504177 0.518199 0.532147 0.546012 0.559785 0.573455 0.587012 0.600445 0.613742 0.626891 0.639879 0.652693 0.665319 0.677742 0.689948 0.701921 0.713645 0.725105 0.736283 0.747162 0.757725 0.767955 0.777833 0.787342 0.796465 0.805182 0.813477 0.821332 0.828731 0.835657 0.842093 0.848026 0.853440 0.858323 0.862661 0.866445 0.869663 0.872309 0.874374 0.875853 0.876742 0.877038 0.876742 0.875853 0.874374 0.872309 0.869663 0.866445 0.862661 0.858323 0.853440 0.848026 0.842093 0.835657 0.828731 0.821332 0.813477 0.805182 0.796465 0.787342 0.777833 0.767955 0.757725 0.747162 0.736283 0.725105 0.713645 0.701921 0.689948 0.677742 0.665319 0.652693 0.639879 0.626891 0.613742 0.600445 0.587012 0.573455 0.559785 0.546012 0.532147 0.518199 0.504177 0.490090 0.475947 0.461753 0.447518 
0.460462 0.474959 0.489418 0.503834 0.518199 0.532504 0.546740 0.560898 0.574970 0.588943 0.602808 0.616553 0.630167 0.643636 0.656947 0.670087 0.683041 0.695795 0.708332 0.720638 0.732695 0.744486 0.755994 0.767201 0.778088 0.788638 0.798831 0.808648 0.818071 0.827080 0.835657 0.843783 0.851440 0.858611 0.865278 0.871426 0.877038 0.882101 0.886602 0.890527 0.893868 0.896614 0.898757 0.900293 0.901216 0.901524 0.901216 0.900293 0.898757 0.896614 0.893868 0.890527 0.886602 0.882101 0.877038 0.871426 0.865278 0.858611 0.851440 0.843783 0.835657 0.827080 0.818071 0.808648 0.798831 0.788638 0.778088 0.767201 0.755994 0.744486 0.732695 0.720638 0.708332 0.695795 0.683041 0.670087 0.656947 0.643636 0.630167 0.616553 0.602808 0.588943 0.574970 0.560898 0.546740 0.532504 0.518199 0.503834 0.489418 0.474959 0.460462 
0.473315 0.488077 0.502807 0.517500 0.532147 0.546740 0.561270 0.575728 0.590104 0.604388 0.618568 0.632633 0.646571 0.660369 0.674013 0.687489 0.700782 0.713877 0.726758 0.739407 0.751809 0.763944 0.775795 0.787342 0.798567 0.809450 0.819971 0.830110 0.839847 0.849162 0.858034 0.866445 0.874374 0.881802 0.888713 0.895087 0.900908 0.906162 0.910833 0.914908 0.918377 0.921229 0.923457 0.925052 0.926011 0.926331 0.926011 0.925052 0.923457 0.921229 0.918377 0.914908 0.910833 0.906162 0.900908 0.895087 0.888713 0.881802 0.874374 0.866445 0.858034 0.849162 0.839847 0.830110 0.819971 0.809450 0.798567 0.787342 0.775795 0.763944 0.751809 0.739407 0.726758 0.713877 0.700782 0.687489 0.674013 0.660369 0.646571 0.632633 0.618568 0.604388 0.590104 0.575728 0.561270 0.546740 0.532147 0.517500 0.502807 0.488077 0.473315 
0.486068 0.501098 0.516104 0.531078 0.546012 0.560898 0.575728 0.590492 0.605179 0.619780 0.634283 0.648676 0.662947 0.677082 0.691068 0.704890 0.718533 0.731980 0.745215 0.758220 0.770979 0.783471 0.795678 0.807580 0.819156 0.830387 0.841250 0.851725 0.861791 0.871426 0.880608 0.889317 0.897531 0.905231 0.912397 0.919010 0.925052 0.930506 0.935358 0.939592 0.943197 0.946162 0.948477 0.950136 0.951133 0.951466 0.951133 0.950136 0.948477 0.946162 0.943197 0.939592 0.935358 0.930506 0.925052 0.919010 0.912397 0.905231 0.897531 0.889317 0.880608 0.871426 0.861791 0.851725 0.841250 0.830387 0.819156 0.807580 0.795678 0.783471 0.770979 0.758220 0.745215 0.731980 0.718533 0.704890 0.691068 0.677082 0.662947 0.648676 0.634283 0.619780 0.605179 0.590492 0.575728 0.560898 0.546012 0.531078 0.516104 0.501098 0.486068 
0.498713 0.514015 0.529300 0.544559 0.559785 0.574970 0.590104 0.605179 0.620184 0.635109 0.649942 0.664671 0.679283 0.693765 0.708102 0.722280 0.736283 0.750093 0.763694 0.777068 0.790196 0.803058 0.815635 0.827905 0.839847 0.851440 0.862661 0.873488 0.883898 0.893868 0.903375 0.912397 0.920912 0.928897 0.936333 0.943197 0.949472 0.955138 0.960180 0.964583 0.968331 0.971415 0.973823 0.975550 0.976587 0.976934 0.976587 0.975550 0.973823 0.971415 0.968331 0.964583 0.960180 0.955138 0.949472 0.943197 0.936333 0.928897 0.920912 0.912397 0.903375 0.893868 0.883898 0.873488 0.862661 0.851440 0.839847 0.827905 0.815635 0.803058 0.790196 0.777068 0.763694 0.750093 0.736283 0.722280 0.708102 0.693765 0.679283 0.664671 0.649942 0.635109 0.620184 0.605179 0.590104 0.574970 0.559785 0.544559 0.529300 0.514015 0.498713 
0.511240 0.526818 0.542384 0.557933 0.573455 0.588943 0.604388 0.619780 0.635109 0.650365 0.665535 0.680607 0.695569 0.710406 0.725105 0.739648 0.754021 0.768206 0.782185 0.795940 0.809450 0.822696 0.835657 0.848310 0.860633 0.872603 0.884198 0.895392 0.906162 0.916483 0.926331 0.935683 0.944513 0.952799 0.960518 0.967648 0.974168 0.980059 0.985303 0.989883 0.993784 0.996993 0.999501 1.001298 1.002379 1.002740 1.002379 1.001298 0.999501 0.996993 0.993784 0.989883 0.985303 0.980059 0.974168 0.967648 0.960518 0.952799 0.944513 0.935683 0.926331 0.916483 0.906162 0.895392 0.884198 0.872603 0.860633 0.848310 0.835657 0.822696 0.809450 0.795940 0.782185 0.768206 0.754021 0.739648 0.725105 0.710406 0.695569 0.680607 0.665535 0.650365 0.635109 0.619780 0.604388 0.588943 0.573455 0.557933 0.542384 0.526818 0.511240 
0.523639 0.539496 0.555348 0.571189 0.587012 0.602808 0.618568 0.634283 0.649942 0.665535 0.681049 0.696473 0.711793 0.726994 0.742063 0.756983 0.771737 0.786308 0.800677 0.814825 0.828731 0.842374 0.855733 0.868784 0.881504 0.893868 0.905851 0.917429 0.928576 0.939265 0.949472 0.959169 0.968331 0.976934 0.984952 0.992362 0.999142 1.005270 1.010727 1.015495 1.019558 1.022901 1.025514 1.027386 1.028513 1.028889 1.028513 1.027386 1.025514 1.022901 1.019558 1.015495 1.010727 1.005270 0.999142 0.992362 0.984952 0.976934 0.968331 0.959169 0.949472 0.939265 0.928576 0.917429 0.905851 0.893868 0.881504 0.868784 0.855733 0.842374 0.828731 0.814825 0.800677 0.786308 0.771737 0.756983 0.742063 0.726994 0.711793 0.696473 0.681049 0.665535 0.649942 0.634283 0.618568 0.602808 0.587012 0.571189 0.555348 0.539496 0.523639 
0.535901 0.552039 0.568180 0.584318 0.600445 0.616553 0.632633 0.648676 0.664671 0.680607 0.696473 0.712255 0.727941 0.743516 0.758964 0.774270 0.789416 0.804385 0.819156 0.833710 0.848026 0.862081 0.875853 0.889317 0.902449 0.915223 0.927613 0.939592 0.951133 0.962208 0.972790 0.982851 0.992362 1.001298 1.009632 1.017338 1.024393 1.030772 1.036455 1.041421 1.045655 1.049140 1.051865 1.053818 1.054992 1.055385 1.054992 1.053818 1.051865 1.049140 1.045655 1.041421 1.036455 1.030772 1.024393 1.017338 1.009632 1.001298 0.992362 0.982851 0.972790 0.962208 0.951133 0.939592 0.927613 0.915223 0.902449 0.889317 0.875853 0.862081 0.848026 0.833710 0.819156 0.804385 0.789416 0.774270 0.758964 0.743516 0.727941 0.712255 0.696473 0.680607 0.664671 0.648676 0.632633 0.616553 0.600445 0.584318 0.568180 0.552039 0.535901 
0.548015 0.564436 0.580869 0.597307 0.613742 0.630167 0.646571 0.662947 0.679283 0.695569 0.711793 0.727941 0.744001 0.759957 0.775795 0.791497 0.807046 0.822423 0.837609 0.852582 0.867321 0.881802 0.896002 0.909896 0.923457 0.936658 0.949472 0.961870 0.973823 0.985303 0.996279 1.006721 1.016600 1.025888 1.034555 1.042573 1.049917 1.056562 1.062484 1.067663 1.072078 1.075714 1.078556 1.080595 1.081821 1.082230 1.081821 1.080595 1.078556 1.075714 1.072078 1.067663 1.062484 1.056562 1.049917 1.042573 1.034555 1.025888 1.016600 1.006721 0.996279 0.985303 0.973823 0.961870 0.949472 0.936658 0.923457 0.909896 0.896002 0.881802 0.867321 0.852582 0.837609 0.822423 0.807046 0.791497 0.775795 0.759957 0.744001 0.727941 0.711793 0.695569 0.679283 0.662947 0.646571 0.630167 0.613742 0.597307 0.580869 0.564436 0.548015 
0.559970 0.576677 0.593404 0.610145 0.626891 0.643636 0.660369 0.677082 0.693765 0.710406 0.726994 0.743516 0.759957 0.776304 0.792540 0.808648 0.824610 0.840408 0.856020 0.871426 0.886602 0.901524 0.916168 0.930506 0.944513 0.958159 0.971415 0.984251 0.996636 1.008539 1.019928 1.030772 1.041038 1.050696 1.059714 1.068063 1.075714 1.082640 1.088815 1.094218 1.098826 1.102622 1.105590 1.107719 1.109000 1.109428 1.109000 1.107719 1.105590 1.102622 1.098826 1.094218 1.088815 1.082640 1.075714 1.068063 1.059714 1.050696 1.041038 1.030772 1.019928 1.008539 0.996636 0.984251 0.971415 0.958159 0.944513 0.930506 0.916168 0.901524 0.886602 0.871426 0.856020 0.840408 0.824610 0.808648 0.792540 0.776304 0.759957 0.743516 0.726994 0.710406 0.693765 0.677082 0.660369 0.643636 0.626891 0.610145 0.593404 0.576677 0.559970 
0.571755 0.588750 0.605773 0.622819 0.639879 0.656947 0.674013 0.691068 0.708102 0.725105 0.742063 0.758964 0.775795 0.792540 0.809183 0.825707 0.842093 0.858323 0.874374 0.890225 0.905851 0.921229 0.936333 0.951133 0.965603 0.979711 0.993428 1.006721 1.019558 1.031904 1.043727 1.054992 1.065666 1.075714 1.085103 1.093801 1.101776 1.109000 1.115445 1.121085 1.125898 1.129864 1.132966 1.135192 1.136531 1.136978 1.136531 1.135192 1.132966 1.129864 1.125898 1.121085 1.115445 1.109000 1.101776 1.093801 1.085103 1.075714 1.065666 1.054992 1.043727 1.031904 1.019558 1.006721 0.993428 0.979711 0.965603 0.951133 0.936333 0.921229 0.905851 0.890225 0.874374 0.858323 0.842093 0.825707 0.809183 0.792540 0.775795 0.758964 0.742063 0.725105 0.708102 0.691068 0.674013 0.656947 0.639879 0.622819 0.605773 0.588750 0.571755 
0.583358 0.600642 0.617963 0.635316 0.652693 0.670087 0.687489 0.704890 0.722280 0.739648 0.756983 0.774270 0.791497 0.808648 0.825707 0.842656 0.859477 0.876149 0.892651 0.908960 0.925052 0.940901 0.956479 0.971758 0.986709 1.001298 1.015495 1.029265 1.042573 1.055385 1.067663 1.079371 1.090473 1.100932 1.110712 1.119779 1.128098 1.135638 1.142368 1.148261 1.153291 1.157438 1.160683 1.163011 1.164412 1.164880 1.164412 1.163011 1.160683 1.157438 1.153291 1.148261 1.142368 1.135638 1.128098 1.119779 1.110712 1.100932 1.090473 1.079371 1.067663 1.055385 1.042573 1.029265 1.015495 1.001298 0.986709 0.971758 0.956479 0.940901 0.925052 0.908960 0.892651 0.876149 0.859477 0.842656 0.825707 0.808648 0.791497 0.774270 0.756983 0.739648 0.722280 0.704890 0.687489 0.670087 0.652693 0.635316 0.617963 0.600642 0.583358 
0.594768 0.612341 0.629961 0.647623 0.665319 0.683041 0.700782 0.718533 0.736283 0.754021 0.771737 0.789416 0.807046 0.824610 0.842093 0.859477 0.876742 0.893868 0.910833 0.927613 0.944184 0.960518 0.976587 0.992362 1.007811 1.022901 1.037597 1.051865 1.065666 1.078963 1.091719 1.103892 1.115445 1.126337 1.136531 1.145987 1.154670 1.162545 1.169577 1.175738 1.181001 1.185340 1.188736 1.191174 1.192641 1.193131 1.192641 1.191174 1.188736 1.185340 1.181001 1.175738 1.169577 1.162545 1.154670 1.145987 1.136531 1.126337 1.115445 1.103892 1.091719 1.078963 1.065666 1.051865 1.037597 1.022901 1.007811 0.992362 0.976587 0.960518 0.944184 0.927613 0.910833 0.893868 0.876742 0.859477 0.842093 0.824610 0.807046 0.789416 0.771737 0.754021 0.736283 0.718533 0.700782 0.683041 0.665319 0.647623 0.629961 0.612341 0.594768 
0.605971 0.623835 0.641755 0.659726 0.677742 0.695795 0.713877 0.731980 0.750093 0.768206 0.786308 0.804385 0.822423 0.840408 0.858323 0.876149 0.893868 0.911458 0.928897 0.946162 0.963225 0.980059 0.996636 1.012923 1.028889 1.044498 1.059714 1.074499 1.088815 1.102622 1.115877 1.128539 1.140566 1.151915 1.162545 1.172413 1.181481 1.189710 1.197064 1.203510 1.209019 1.213563 1.217121 1.219675 1.221213 1.221726 1.221213 1.219675 1.217121 1.213563 1.209019 1.203510 1.197064 1.189710 1.181481 1.172413 1.162545 1.151915 1.140566 1.128539 1.115877 1.102622 1.088815 1.074499 1.059714 1.044498 1.028889 1.012923 0.996636 0.980059 0.963225 0.946162 0.928897 0.911458 0.893868 0.876149 0.858323 0.840408 0.822423 0.804385 0.786308 0.768206 0.750093 0.731980 0.713877 0.695795 0.677742 0.659726 0.641755 0.623835 0.605971 
0.616956 0.635109 0.653329 0.671611 0.689948 0.708332 0.726758 0.745215 0.763694 0.782185 0.800677 0.819156 0.837609 0.856020 0.874374 0.892651 0.910833 0.928897 0.946822 0.964583 0.982152 0.999501 1.016600 1.033417 1.049917 1.066065 1.081821 1.097146 1.111999 1.126337 1.140116 1.153291 1.165817 1.177647 1.188736 1.199040 1.208516 1.217121 1.224816 1.231565 1.237335 1.242097 1.245827 1.248506 1.250119 1.250657 1.250119 1.248506 1.245827 1.242097 1.237335 1.231565 1.224816 1.217121 1.208516 1.199040 1.188736 1.177647 1.165817 1.153291 1.140116 1.126337 1.111999 1.097146 1.081821 1.066065 1.049917 1.033417 1.016600 0.999501 0.982152 0.964583 0.946822 0.928897 0.910833 0.892651 0.874374 0.856020 0.837609 0.819156 0.800677 0.782185 0.763694 0.745215 0.726758 0.708332 0.689948 0.671611 0.653329 0.635109 0.616956 
0.627709 0.646151 0.664671 0.683263 0.701921 0.720638 0.739407 0.758220 0.777068 0.795940 0.814825 0.833710 0.852582 0.871426 0.890225 0.908960 0.927613 0.946162 0.964583 0.982851 1.000938 1.018817 1.036455 1.053818 1.070871 1.087575 1.103892 1.119779 1.135192 1.150085 1.164412 1.178125 1.191174 1.203510 1.215085 1.225849 1.235756 1.244759 1.252816 1.259887 1.265936 1.270931 1.274844 1.277655 1.279348 1.279914 1.279348 1.277655 1.274844 1.270931 1.265936 1.259887 1.252816 1.244759 1.235756 1.225849 1.215085 1.203510 1.191174 1.178125 1.164412 1.150085 1.135192 1.119779 1.103892 1.087575 1.070871 1.053818 1.036455 1.018817 1.000938 0.982851 0.964583 0.946162 0.927613 0.908960 0.890225 0.871426 0.852582 0.833710 0.814825 0.795940 0.777068 0.758220 0.739407 0.720638 0.701921 0.683263 0.664671 0.646151 0.627709 
0.638216 0.656947 0.675765 0.694666 0.713645 0.732695 0.751809 0.770979 0.790196 0.809450 0.828731 0.848026 0.867321 0.886602 0.905851 0.925052 0.944184 0.963225 0.982152 1.000938 1.019558 1.037979 1.056169 1.074095 1.091719 1.109000 1.125898 1.142368 1.158363 1.173836 1.188736 1.203012 1.216611 1.229480 1.241566 1.252816 1.263179 1.272605 1.281046 1.288459 1.294804 1.300046 1.304155 1.307108 1.308886 1.309480 1.308886 1.307108 1.304155 1.300046 1.294804 1.288459 1.281046 1.272605 1.263179 1.252816 1.241566 1.229480 1.216611 1.203012 1.188736 1.173836 1.158363 1.142368 1.125898 1.109000 1.091719 1.074095 1.056169 1.037979 1.019558 1.000938 0.982152 0.963225 0.944184 0.925052 0.905851 0.886602 0.867321 0.848026 0.828731 0.809450 0.790196 0.770979 0.751809 0.732695 0.713645 0.694666 0.675765 0.656947 0.638216 
0.648465 0.667482 0.686597 0.705806 0.725105 0.744486 0.763944 0.783471 0.803058 0.822696 0.842374 0.862081 0.881802 0.901524 0.921229 0.940901 0.960518 0.980059 0.999501 1.018817 1.037979 1.056955 1.075714 1.094218 1.112429 1.130306 1.147805 1.164880 1.181481 1.197558 1.213056 1.227921 1.242097 1.255526 1.268151 1.279914 1.290759 1.300631 1.309480 1.317257 1.323917 1.329422 1.333740 1.336843 1.338713 1.339337 1.338713 1.336843 1.333740 1.329422 1.323917 1.317257 1.309480 1.300631 1.290759 1.279914 1.268151 1.255526 1.242097 1.227921 1.213056 1.197558 1.181481 1.164880 1.147805 1.130306 1.112429 1.094218 1.075714 1.056955 1.037979 1.018817 0.999501 0.980059 0.960518 0.940901 0.921229 0.901524 0.881802 0.862081 0.842374 0.822696 0.803058 0.783471 0.763944 0.744486 0.725105 0.705806 0.686597 0.667482 0.648465 
0.658442 0.677742 0.697151 0.716667 0.736283 0.755994 0.775795 0.795678 0.815635 0.835657 0.855733 0.875853 0.896002 0.916168 0.936333 0.956479 0.976587 0.996636 1.016600 1.036455 1.056169 1.075714 1.095053 1.114151 1.132966 1.151457 1.169577 1.187278 1.204508 1.221213 1.237335 1.252816 1.267596 1.281613 1.294804 1.307108 1.318462 1.328808 1.338089 1.346251 1.353247 1.359032 1.363572 1.366836 1.368803 1.369460 1.368803 1.366836 1.363572 1.359032 1.353247 1.346251 1.338089 1.328808 1.318462 1.307108 1.294804 1.281613 1.267596 1.252816 1.237335 1.221213 1.204508 1.187278 1.169577 1.151457 1.132966 1.114151 1.095053 1.075714 1.056169 1.036455 1.016600 0.996636 0.976587 0.956479 0.936333 0.916168 0.896002 0.875853 0.855733 0.835657 0.815635 0.795678 0.775795 0.755994 0.736283 0.716667 0.697151 0.677742 0.658442 
0.668132 0.687712 0.707413 0.727231 0.747162 0.767201 0.787342 0.807580 0.827905 0.848310 0.868784 0.889317 0.909896 0.930506 0.951133 0.971758 0.992362 1.012923 1.033417 1.053818 1.074095 1.094218 1.114151 1.133855 1.153291 1.172413 1.191174 1.209522 1.227403 1.244759 1.261531 1.277655 1.293067 1.307700 1.321486 1.334359 1.346251 1.357097 1.366836 1.375407 1.382759 1.388843 1.393619 1.397054 1.399125 1.399817 1.399125 1.397054 1.393619 1.388843 1.382759 1.375407 1.366836 1.357097 1.346251 1.334359 1.321486 1.307700 1.293067 1.277655 1.261531 1.244759 1.227403 1.209522 1.191174 1.172413 1.153291 1.133855 1.114151 1.094218 1.074095 1.053818 1.033417 1.012923 0.992362 0.971758 0.951133 0.930506 0.909896 0.889317 0.868784 0.848310 0.827905 0.807580 0.787342 0.767201 0.747162 0.727231 0.707413 0.687712 0.668132 
0.677522 0.697378 0.717366 0.737483 0.757725 0.778088 0.798567 0.819156 0.839847 0.860633 0.881504 0.902449 0.923457 0.944513 0.965603 0.986709 1.007811 1.028889 1.049917 1.070871 1.091719 1.112429 1.132966 1.153291 1.173362 1.193131 1.212550 1.231565 1.250119 1.268151 1.285597 1.302391 1.318462 1.333740 1.348151 1.361622 1.374080 1.385455 1.395677 1.404683 1.412412 1.418813 1.423841 1.427458 1.429640 1.430369 1.429640 1.427458 1.423841 1.418813 1.412412 1.404683 1.395677 1.385455 1.374080 1.361622 1.348151 1.333740 1.318462 1.302391 1.285597 1.268151 1.250119 1.231565 1.212550 1.193131 1.173362 1.153291 1.132966 1.112429 1.091719 1.070871 1.049917 1.028889 1.007811 0.986709 0.965603 0.944513 0.923457 0.902449 0.881504 0.860633 0.839847 0.819156 0.798567 0.778088 0.757725 0.737483 0.717366 0.697378 0.677522 
0.686597 0.706724 0.726994 0.747406 0.767955 0.788638 0.809450 0.830387 0.851440 0.872603 0.893868 0.915223 0.936658 0.958159 0.979711 1.001298 1.022901 1.044498 1.066065 1.087575 1.109000 1.130306 1.151457 1.172413 1.193131 1.213563 1.233657 1.253357 1.272605 1.291335 1.309480 1.326969 1.343728 1.359679 1.374743 1.388843 1.401897 1.413829 1.424563 1.434027 1.442157 1.448895 1.454190 1.458001 1.460300 1.461069 1.460300 1.458001 1.454190 1.448895 1.442157 1.434027 1.424563 1.413829 1.401897 1.388843 1.374743 1.359679 1.343728 1.326969 1.309480 1.291335 1.272605 1.253357 1.233657 1.213563 1.193131 1.172413 1.151457 1.130306 1.109000 1.087575 1.066065 1.044498 1.022901 1.001298 0.979711 0.958159 0.936658 0.915223 0.893868 0.872603 0.851440 0.830387 0.809450 0.788638 0.767955 0.747406 0.726994 0.706724 0.686597 
0.695343 0.715735 0.736283 0.756983 0.777833 0.798831 0.819971 0.841250 0.862661 0.884198 0.905851 0.927613 0.949472 0.971415 0.993428 1.015495 1.037597 1.059714 1.081821 1.103892 1.125898 1.147805 1.169577 1.191174 1.212550 1.233657 1.254441 1.274844 1.294804 1.314254 1.333121 1.351330 1.368803 1.385455 1.401203 1.415960 1.429640 1.442157 1.453430 1.463380 1.471934 1.479028 1.484606 1.488624 1.491048 1.491859 1.491048 1.488624 1.484606 1.479028 1.471934 1.463380 1.453430 1.442157 1.429640 1.415960 1.401203 1.385455 1.368803 1.351330 1.333121 1.314254 1.294804 1.274844 1.254441 1.233657 1.212550 1.191174 1.169577 1.147805 1.125898 1.103892 1.081821 1.059714 1.037597 1.015495 0.993428 0.971415 0.949472 0.927613 0.905851 0.884198 0.862661 0.841250 0.819971 0.798831 0.777833 0.756983 0.736283 0.715735 0.695343 
0.703746 0.724397 0.745215 0.766197 0.787342 0.808648 0.830110 0.851725 0.873488 0.895392 0.917429 0.939592 0.961870 0.984251 1.006721 1.029265 1.051865 1.074499 1.097146 1.119779 1.142368 1.164880 1.187278 1.209522 1.231565 1.253357 1.274844 1.295965 1.316655 1.336843 1.356454 1.375407 1.393619 1.410999 1.427458 1.442902 1.457237 1.470369 1.482209 1.492670 1.501672 1.509143 1.515022 1.519258 1.521815 1.522669 1.521815 1.519258 1.515022 1.509143 1.501672 1.492670 1.482209 1.470369 1.457237 1.442902 1.427458 1.410999 1.393619 1.375407 1.356454 1.336843 1.316655 1.295965 1.274844 1.253357 1.231565 1.209522 1.187278 1.164880 1.142368 1.119779 1.097146 1.074499 1.051865 1.029265 1.006721 0.984251 0.961870 0.939592 0.917429 0.895392 0.873488 0.851725 0.830110 0.808648 0.787342 0.766197 0.745215 0.724397 0.703746 
0.711793 0.732695 0.753775 0.775032 0.796465 0.818071 0.839847 0.861791 0.883898 0.906162 0.928576 0.951133 0.973823 0.996636 1.019558 1.042573 1.065666 1.088815 1.111999 1.135192 1.158363 1.181481 1.204508 1.227403 1.250119 1.272605 1.294804 1.316655 1.338089 1.359032 1.379406 1.399125 1.418099 1.436233 1.453430 1.469589 1.484606 1.498382 1.510817 1.521815 1.531288 1.539157 1.545353 1.549820 1.552517 1.553419 1.552517 1.549820 1.545353 1.539157 1.531288 1.521815 1.510817 1.498382 1.484606 1.469589 1.453430 1.436233 1.418099 1.399125 1.379406 1.359032 1.338089 1.316655 1.294804 1.272605 1.250119 1.227403 1.204508 1.181481 1.158363 1.135192 1.111999 1.088815 1.065666 1.042573 1.019558 0.996636 0.973823 0.951133 0.928576 0.906162 0.883898 0.861791 0.839847 0.818071 0.796465 0.775032 0.753775 0.732695 0.711793 
0.719468 0.740613 0.761948 0.783471 0.805182 0.827080 0.849162 0.871426 0.893868 0.916483 0.939265 0.962208 0.985303 1.008539 1.031904 1.055385 1.078963 1.102622 1.126337 1.150085 1.173836 1.197558 1.221213 1.244759 1.268151 1.291335 1.314254 1.336843 1.359032 1.380745 1.401897 1.422400 1.442157 1.461069 1.479028 1.495927 1.511655 1.526101 1.539157 1.550717 1.560685 1.568972 1.575502 1.580213 1.583058 1.584009 1.583058 1.580213 1.575502 1.568972 1.560685 1.550717 1.539157 1.526101 1.511655 1.495927 1.479028 1.461069 1.442157 1.422400 1.401897 1.380745 1.359032 1.336843 1.314254 1.291335 1.268151 1.244759 1.221213 1.197558 1.173836 1.150085 1.126337 1.102622 1.078963 1.055385 1.031904 1.008539 0.985303 0.962208 0.939265 0.916483 0.893868 0.871426 0.849162 0.827080 0.805182 0.783471 0.761948 0.740613 0.719468 
0.726758 0.748137 0.769717 0.791497 0.813477 0.835657 0.858034 0.880608 0.903375 0.926331 0.949472 0.972790 0.996279 1.019928 1.043727 1.067663 1.091719 1.115877 1.140116 1.164412 1.188736 1.213056 1.237335 1.261531 1.285597 1.309480 1.333121 1.356454 1.379406 1.401897 1.423841 1.445142 1.465700 1.485408 1.504152 1.521815 1.538277 1.553419 1.567120 1.579267 1.589752 1.598477 1.605356 1.610322 1.613323 1.614327 1.613323 1.610322 1.605356 1.598477 1.589752 1.579267 1.567120 1.553419 1.538277 1.521815 1.504152 1.485408 1.465700 1.445142 1.423841 1.401897 1.379406 1.356454 1.333121 1.309480 1.285597 1.261531 1.237335 1.213056 1.188736 1.164412 1.140116 1.115877 1.091719 1.067663 1.043727 1.019928 0.996279 0.972790 0.949472 0.926331 0.903375 0.880608 0.858034 0.835657 0.813477 0.791497 0.769717 0.748137 0.726758 
0.733650 0.755254 0.777068 0.799094 0.821332 0.843783 0.866445 0.889317 0.912397 0.935683 0.959169 0.982851 1.006721 1.030772 1.054992 1.079371 1.103892 1.128539 1.153291 1.178125 1.203012 1.227921 1.252816 1.277655 1.302391 1.326969 1.351330 1.375407 1.399125 1.422400 1.445142 1.467253 1.488624 1.509143 1.528689 1.547135 1.564354 1.580213 1.594582 1.607338 1.618359 1.627540 1.634785 1.640017 1.643180 1.644239 1.643180 1.640017 1.634785 1.627540 1.618359 1.607338 1.594582 1.580213 1.564354 1.547135 1.528689 1.509143 1.488624 1.467253 1.445142 1.422400 1.399125 1.375407 1.351330 1.326969 1.302391 1.277655 1.252816 1.227921 1.203012 1.178125 1.153291 1.128539 1.103892 1.079371 1.054992 1.030772 1.006721 0.982851 0.959169 0.935683 0.912397 0.889317 0.866445 0.843783 0.821332 0.799094 0.777068 0.755254 0.733650 
0.740131 0.761948 0.783986 0.806246 0.828731 0.851440 0.874374 0.897531 0.920912 0.944513 0.968331 0.992362 1.016600 1.041038 1.065666 1.090473 1.115445 1.140566 1.165817 1.191174 1.216611 1.242097 1.267596 1.293067 1.318462 1.343728 1.368803 1.393619 1.418099 1.442157 1.465700 1.488624 1.510817 1.532157 1.552517 1.571762 1.589752 1.606346 1.621403 1.634785 1.646361 1.656013 1.663637 1.669146 1.672478 1.673593 1.672478 1.669146 1.663637 1.656013 1.646361 1.634785 1.621403 1.606346 1.589752 1.571762 1.552517 1.532157 1.510817 1.488624 1.465700 1.442157 1.418099 1.393619 1.368803 1.343728 1.318462 1.293067 1.267596 1.242097 1.216611 1.191174 1.165817 1.140566 1.115445 1.090473 1.065666 1.041038 1.016600 0.992362 0.968331 0.944513 0.920912 0.897531 0.874374 0.851440 0.828731 0.806246 0.783986 0.761948 0.740131 
0.746188 0.768206 0.790456 0.812939 0.835657 0.858611 0.881802 0.905231 0.928897 0.952799 0.976934 1.001298 1.025888 1.050696 1.075714 1.100932 1.126337 1.151915 1.177647 1.203510 1.229480 1.255526 1.281613 1.307700 1.333740 1.359679 1.385455 1.410999 1.436233 1.461069 1.485408 1.509143 1.532157 1.554322 1.575502 1.595553 1.614327 1.631668 1.647426 1.661448 1.673593 1.683730 1.691743 1.697537 1.701043 1.702217 1.701043 1.697537 1.691743 1.683730 1.673593 1.661448 1.647426 1.631668 1.614327 1.595553 1.575502 1.554322 1.532157 1.509143 1.485408 1.461069 1.436233 1.410999 1.385455 1.359679 1.333740 1.307700 1.281613 1.255526 1.229480 1.203510 1.177647 1.151915 1.126337 1.100932 1.075714 1.050696 1.025888 1.001298 0.976934 0.952799 0.928897 0.905231 0.881802 0.858611 0.835657 0.812939 0.790456 0.768206 0.746188 
0.751809 0.774016 0.796465 0.819156 0.842093 0.865278 0.888713 0.912397 0.936333 0.960518 0.984952 1.009632 1.034555 1.059714 1.085103 1.110712 1.136531 1.162545 1.188736 1.215085 1.241566 1.268151 1.294804 1.321486 1.348151 1.374743 1.401203 1.427458 1.453430 1.479028 1.504152 1.528689 1.552517 1.575502 1.597501 1.618359 1.637918 1.656013 1.672478 1.687150 1.699872 1.710502 1.718912 1.724997 1.728681 1.729915 1.728681 1.724997 1.718912 1.710502 1.699872 1.687150 1.672478 1.656013 1.637918 1.618359 1.597501 1.575502 1.552517 1.528689 1.504152 1.479028 1.453430 1.427458 1.401203 1.374743 1.348151 1.321486 1.294804 1.268151 1.241566 1.215085 1.188736 1.162545 1.136531 1.110712 1.085103 1.059714 1.034555 1.009632 0.984952 0.960518 0.936333 0.912397 0.888713 0.865278 0.842093 0.819156 0.796465 0.774016 0.751809 
0.756983 0.779366 0.801999 0.824884 0.848026 0.871426 0.895087 0.919010 0.943197 0.967648 0.992362 1.017338 1.042573 1.068063 1.093801 1.119779 1.145987 1.172413 1.199040 1.225849 1.252816 1.279914 1.307108 1.334359 1.361622 1.388843 1.415960 1.442902 1.469589 1.495927 1.521815 1.547135 1.571762 1.595553 1.618359 1.640017 1.660357 1.679202 1.696374 1.711695 1.724997 1.736123 1.744933 1.751313 1.755177 1.756471 1.755177 1.751313 1.744933 1.736123 1.724997 1.711695 1.696374 1.679202 1.660357 1.640017 1.618359 1.595553 1.571762 1.547135 1.521815 1.495927 1.469589 1.442902 1.415960 1.388843 1.361622 1.334359 1.307108 1.279914 1.252816 1.225849 1.199040 1.172413 1.145987 1.119779 1.093801 1.068063 1.042573 1.017338 0.992362 0.967648 0.943197 0.919010 0.895087 0.871426 0.848026 0.824884 0.801999 0.779366 0.756983 
0.761699 0.784243 0.807046 0.830110 0.853440 0.877038 0.900908 0.925052 0.949472 0.974168 0.999142 1.024393 1.049917 1.075714 1.101776 1.128098 1.154670 1.181481 1.208516 1.235756 1.263179 1.290759 1.318462 1.346251 1.374080 1.401897 1.429640 1.457237 1.484606 1.511655 1.538277 1.564354 1.589752 1.614327 1.637918 1.660357 1.681461 1.701043 1.718912 1.734876 1.748752 1.760371 1.769579 1.776252 1.780295 1.781649 1.780295 1.776252 1.769579 1.760371 1.748752 1.734876 1.718912 1.701043 1.681461 1.660357 1.637918 1.614327 1.589752 1.564354 1.538277 1.511655 1.484606 1.457237 1.429640 1.401897 1.374080 1.346251 1.318462 1.290759 1.263179 1.235756 1.208516 1.181481 1.154670 1.128098 1.101776 1.075714 1.049917 1.024393 0.999142 0.974168 0.949472 0.925052 0.900908 0.877038 0.853440 0.830110 0.807046 0.784243 0.761699 
0.765946 0.788638 0.811595 0.834822 0.858323 0.882101 0.906162 0.930506 0.955138 0.980059 1.005270 1.030772 1.056562 1.082640 1.109000 1.135638 1.162545 1.189710 1.217121 1.244759 1.272605 1.300631 1.328808 1.357097 1.385455 1.413829 1.442157 1.470369 1.498382 1.526101 1.553419 1.580213 1.606346 1.631668 1.656013 1.679202 1.701043 1.721338 1.739882 1.756471 1.770907 1.783006 1.792604 1.799564 1.803783 1.805196 1.803783 1.799564 1.792604 1.783006 1.770907 1.756471 1.739882 1.721338 1.701043 1.679202 1.656013 1.631668 1.606346 1.580213 1.553419 1.526101 1.498382 1.470369 1.442157 1.413829 1.385455 1.357097 1.328808 1.300631 1.272605 1.244759 1.217121 1.189710 1.162545 1.135638 1.109000 1.082640 1.056562 1.030772 1.005270 0.980059 0.955138 0.930506 0.906162 0.882101 0.858323 0.834822 0.811595 0.788638 0.765946 
0.769717 0.792540 0.815635 0.839007 0.862661 0.886602 0.910833 0.935358 0.960180 0.985303 1.010727 1.036455 1.062484 1.088815 1.115445 1.142368 1.169577 1.197064 1.224816 1.252816 1.281046 1.309480 1.338089 1.366836 1.395677 1.424563 1.453430 1.482209 1.510817 1.539157 1.567120 1.594582 1.621403 1.647426 1.672478 1.696374 1.718912 1.739882 1.759068 1.776252 1.791223 1.803783 1.813754 1.820989 1.825377 1.826847 1.825377 1.820989 1.813754 1.803783 1.791223 1.776252 1.759068 1.739882 1.718912 1.696374 1.672478 1.647426 1.621403 1.594582 1.567120 1.539157 1.510817 1.482209 1.453430 1.424563 1.395677 1.366836 1.338089 1.309480 1.281046 1.252816 1.224816 1.197064 1.169577 1.142368 1.115445 1.088815 1.062484 1.036455 1.010727 0.985303 0.960180 0.935358 0.910833 0.886602 0.862661 0.839007 0.815635 0.792540 0.769717 
0.773002 0.795940 0.819156 0.842656 0.866445 0.890527 0.914908 0.939592 0.964583 0.989883 1.015495 1.041421 1.067663 1.094218 1.121085 1.148261 1.175738 1.203510 1.231565 1.259887 1.288459 1.317257 1.346251 1.375407 1.404683 1.434027 1.463380 1.492670 1.521815 1.550717 1.579267 1.607338 1.634785 1.661448 1.687150 1.711695 1.734876 1.756471 1.776252 1.793989 1.809458 1.822448 1.832769 1.840262 1.844808 1.846331 1.844808 1.840262 1.832769 1.822448 1.809458 1.793989 1.776252 1.756471 1.734876 1.711695 1.687150 1.661448 1.634785 1.607338 1.579267 1.550717 1.521815 1.492670 1.463380 1.434027 1.404683 1.375407 1.346251 1.317257 1.288459 1.259887 1.231565 1.203510 1.175738 1.148261 1.121085 1.094218 1.067663 1.041421 1.015495 0.989883 0.964583 0.939592 0.914908 0.890527 0.866445 0.842656 0.819156 0.795940 0.773002 
0.775795 0.798831 0.822150 0.845759 0.869663 0.893868 0.918377 0.943197 0.968331 0.993784 1.019558 1.045655 1.072078 1.098826 1.125898 1.153291 1.181001 1.209019 1.237335 1.265936 1.294804 1.323917 1.353247 1.382759 1.412412 1.442157 1.471934 1.501672 1.531288 1.560685 1.589752 1.618359 1.646361 1.673593 1.699872 1.724997 1.748752 1.770907 1.791223 1.809458 1.825377 1.838755 1.849392 1.857119 1.861808 1.863380 1.861808 1.857119 1.849392 1.838755 1.825377 1.809458 1.791223 1.770907 1.748752 1.724997 1.699872 1.673593 1.646361 1.618359 1.589752 1.560685 1.531288 1.501672 1.471934 1.442157 1.412412 1.382759 1.353247 1.323917 1.294804 1.265936 1.237335 1.209019 1.181001 1.153291 1.125898 1.098826 1.072078 1.045655 1.019558 0.993784 0.968331 0.943197 0.918377 0.893868 0.869663 0.845759 0.822150 0.798831 0.775795 
0.778088 0.801205 0.824610 0.848310 0.872309 0.896614 0.921229 0.946162 0.971415 0.996993 1.022901 1.049140 1.075714 1.102622 1.129864 1.157438 1.185340 1.213563 1.242097 1.270931 1.300046 1.329422 1.359032 1.388843 1.418813 1.448895 1.479028 1.509143 1.539157 1.568972 1.598477 1.627540 1.656013 1.683730 1.710502 1.736123 1.760371 1.783006 1.803783 1.822448 1.838755 1.852469 1.863380 1.871310 1.876124 1.877738 1.876124 1.871310 1.863380 1.852469 1.838755 1.822448 1.803783 1.783006 1.760371 1.736123 1.710502 1.683730 1.656013 1.627540 1.598477 1.568972 1.539157 1.509143 1.479028 1.448895 1.418813 1.388843 1.359032 1.329422 1.300046 1.270931 1.242097 1.213563 1.185340 1.157438 1.129864 1.102622 1.075714 1.049140 1.022901 0.996993 0.971415 0.946162 0.921229 0.896614 0.872309 0.848310 0.824610 0.801205 0.778088 
0.779878 0.803058 0.826530 0.850300 0.874374 0.898757 0.923457 0.948477 0.973823 0.999501 1.025514 1.051865 1.078556 1.105590 1.132966 1.160683 1.188736 1.217121 1.245827 1.274844 1.304155 1.333740 1.363572 1.393619 1.423841 1.454190 1.484606 1.515022 1.545353 1.575502 1.605356 1.634785 1.663637 1.691743 1.718912 1.744933 1.769579 1.792604 1.813754 1.832769 1.849392 1.863380 1.874514 1.882610 1.887526 1.889174 1.887526 1.882610 1.874514 1.863380 1.849392 1.832769 1.813754 1.792604 1.769579 1.744933 1.718912 1.691743 1.663637 1.634785 1.605356 1.575502 1.545353 1.515022 1.484606 1.454190 1.423841 1.393619 1.363572 1.333740 1.304155 1.274844 1.245827 1.217121 1.188736 1.160683 1.132966 1.105590 1.078556 1.051865 1.025514 0.999501 0.973823 0.948477 0.923457 0.898757 0.874374 0.850300 0.826530 0.803058 0.779878 
0.781159 0.804385 0.827905 0.851725 0.875853 0.900293 0.925052 0.950136 0.975550 1.001298 1.027386 1.053818 1.080595 1.107719 1.135192 1.163011 1.191174 1.219675 1.248506 1.277655 1.307108 1.336843 1.366836 1.397054 1.427458 1.458001 1.488624 1.519258 1.549820 1.580213 1.610322 1.640017 1.669146 1.697537 1.724997 1.751313 1.776252 1.799564 1.820989 1.840262 1.857119 1.871310 1.882610 1.890828 1.895820 1.897494 1.895820 1.890828 1.882610 1.871310 1.857119 1.840262 1.820989 1.799564 1.776252 1.751313 1.724997 1.697537 1.669146 1.640017 1.610322 1.580213 1.549820 1.519258 1.488624 1.458001 1.427458 1.397054 1.366836 1.336843 1.307108 1.277655 1.248506 1.219675 1.191174 1.163011 1.135192 1.107719 1.080595 1.053818 1.027386 1.001298 0.975550 0.950136 0.925052 0.900293 0.875853 0.851725 0.827905 0.804385 0.781159 
0.781929 0.805182 0.828731 0.852582 0.876742 0.901216 0.926011 0.951133 0.976587 1.002379 1.028513 1.054992 1.081821 1.109000 1.136531 1.164412 1.192641 1.221213 1.250119 1.279348 1.308886 1.338713 1.368803 1.399125 1.429640 1.460300 1.491048 1.521815 1.552517 1.583058 1.613323 1.643180 1.672478 1.701043 1.728681 1.755177 1.780295 1.803783 1.825377 1.844808 1.861808 1.876124 1.887526 1.895820 1.900858 1.902547 1.900858 1.895820 1.887526 1.876124 1.861808 1.844808 1.825377 1.803783 1.780295 1.755177 1.728681 1.701043 1.672478 1.643180 1.613323 1.583058 1.552517 1.521815 1.491048 1.460300 1.429640 1.399125 1.368803 1.338713 1.308886 1.279348 1.250119 1.221213 1.192641 1.164412 1.136531 1.109000 1.081821 1.054992 1.028513 1.002379 0.976587 0.951133 0.926011 0.901216 0.876742 0.852582 0.828731 0.805182 0.781929 
0.782185 0.805448 0.829007 0.852868 0.877038 0.901524 0.926331 0.951466 0.976934 1.002740 1.028889 1.055385 1.082230 1.109428 1.136978 1.164880 1.193131 1.221726 1.250657 1.279914 1.309480 1.339337 1.369460 1.399817 1.430369 1.461069 1.491859 1.522669 1.553419 1.584009 1.614327 1.644239 1.673593 1.702217 1.729915 1.756471 1.781649 1.805196 1.826847 1.846331 1.863380 1.877738 1.889174 1.897494 1.902547 1.904243 1.902547 1.897494 1.889174 1.877738 1.863380 1.846331 1.826847 1.805196 1.781649 1.756471 1.729915 1.702217 1.673593 1.644239 1.614327 1.584009 1.553419 1.522669 1.491859 1.461069 1.430369 1.399817 1.369460 1.339337 1.309480 1.279914 1.250657 1.221726 1.193131 1.164880 1.136978 1.109428 1.082230 1.055385 1.028889 1.002740 0.976934 0.951466 0.926331 0.901524 0.877038 0.852868 0.829007 0.805448 0.782185 
0.782185 0.805448 0.829007 0.852868 0.877038 0.901524 0.926331 0.951466 0.976934 1.002740 1.028889 1.055384 1.082230 1.109428 1.136978 1.164880 1.193131 1.221726 1.250657 1.279914 1.309480 1.339337 1.369460 1.399817 1.430369 1.461069 1.491858 1.522669 1.553419 1.584009 1.614326 1.644239 1.673593 1.702217 1.729915 1.756471 1.781649 1.805196 1.826847 1.846331 1.863380 1.877738 1.889174 1.897494 1.902547 1.904242 1.902547 1.897494 1.889174 1.877738 1.863380 1.846331 1.826847 1.805196 1.781649 1.756471 1.729915 1.702217 1.673593 1.644239 1.614326 1.584009 1.553419 1.522669 1.491858 1.461069 1.430369 1.399817 1.369460 1.339337 1.309480 1.279914 1.250657 1.221726 1.193131 1.164880 1.136978 1.109428 1.082230 1.055384 1.028889 1.002740 0.976934 0.951466 0.926331 0.901524 0.877038 0.852868 0.829007 0.805448 0.782185 
0.782185 0.805448 0.829007 0.852868 0.877038 0.901524 0.926331 0.951466 0.976934 1.002740 1.028889 1.055384 1.082230 1.109428 1.136978 1.164880 1.193131 1.221726 1.250657 1.279913 1.309480 1.339337 1.369459 1.399816 1.430368 1.461068 1.491858 1.522669 1.553418 1.584009 1.614326 1.644238 1.673593 1.702216 1.729914 1.756470 1.781648 1.805195 1.826847 1.846331 1.863379 1.877737 1.889174 1.897493 1.902547 1.904242 1.902547 1.897493 1.889174 1.877737 1.863379 1.846331 1.826847 1.805195 1.781648 1.756470 1.729914 1.702216 1.673593 1.644238 1.614326 1.584009 1.553418 1.522669 1.491858 1.461068 1.430368 1.399816 1.369459 1.339337 1.309480 1.279913 1.250657 1.221726 1.193131 1.164880 1.136978 1.109428 1.082230 1.055384 1.028889 1.002740 0.976934 0.951466 0.926331 0.901524 0.877038 0.852868 0.829007 0.805448 0.782185 
0.781917 0.805170 0.828719 0.852570 0.876729 0.901203 0.925997 0.951119 0.976572 1.002363 1.028497 1.054975 1.081803 1.108982 1.136512 1.164392 1.192620 1.221190 1.250095 1.279324 1.308860 1.338685 1.368774 1.399095 1.429608 1.460267 1.491013 1.521778 1.552478 1.583016 1.613279 1.643134 1.672430 1.700992 1.728628 1.755121 1.780236 1.803721 1.825313 1.844742 1.861740 1.876054 1.887454 1.895747 1.900784 1.902474 1.900784 1.895747 1.887454 1.876054 1.861740 1.844742 1.825313 1.803721 1.780236 1.755121 1.728628 1.700992 1.672430 1.643134 1.613279 1.583016 1.552478 1.521778 1.491013 1.460267 1.429608 1.399095 1.368774 1.338685 1.308860 1.279324 1.250095 1.221190 1.192620 1.164392 1.136512 1.108982 1.081803 1.054975 1.028497 1.002363 0.976572 0.951119 0.925997 0.901203 0.876729 0.852570 0.828719 0.805170 0.781917 
