87 87
5.225415e+00 0 5
-0.329798 -0.319671 -0.309576 -0.299518 -0.289502 -0.279536 -0.269625 -0.259777 -0.250000 -0.240301 -0.230688 -0.221171 -0.211759 -0.202461 -0.193287 -0.184248 -0.175356 -0.166622 -0.158056 -0.149673 -0.141485 -0.133504 -0.125744 -0.118219 -0.110942 -0.103927 -0.097189 -0.090742 -0.084599 -0.078774 -0.073282 -0.068135 -0.063346 -0.058928 -0.054892 -0.051249 -0.048009 -0.045182 -0.042775 -0.040797 -0.039251 -0.038144 -0.037478 -0.037256 -0.037478 -0.038144 -0.039251 -0.040797 -0.042775 -0.045182 -0.048009 -0.051249 -0.054892 -0.058928 -0.063346 -0.068135 -0.073282 -0.078774 -0.084599 -0.090742 -0.097189 -0.103927 -0.110942 -0.118219 -0.125744 -0.133504 -0.141485 -0.149673 -0.158056 -0.166622 -0.175356 -0.184248 -0.193287 -0.202461 -0.211759 -0.221171 -0.230688 -0.240301 -0.250000 -0.259777 -0.269625 -0.279536 -0.289502 -0.299518 -0.309576 -0.319671 -0.329798 
-0.319912 -0.309576 -0.299267 -0.288990 -0.278750 -0.268556 -0.258412 -0.248327 -0.238308 -0.228363 -0.218501 -0.208730 -0.199061 -0.189503 -0.180066 -0.170762 -0.161603 -0.152599 -0.143765 -0.135111 -0.126653 -0.118404 -0.110377 -0.102588 -0.095050 -0.087780 -0.080791 -0.074100 -0.067720 -0.061668 -0.055957 -0.050603 -0.045618 -0.041017 -0.036812 -0.033015 -0.029636 -0.026687 -0.024176 -0.022111 -0.020498 -0.019342 -0.018647 -0.018415 -0.018647 -0.019342 -0.020498 -0.022111 -0.024176 -0.026687 -0.029636 -0.033015 -0.036812 -0.041017 -0.045618 -0.050603 -0.055957 -0.061668 -0.067720 -0.074100 -0.080791 -0.087780 -0.095050 -0.102588 -0.110377 -0.118404 -0.126653 -0.135111 -0.143765 -0.152599 -0.161603 -0.170762 -0.180066 -0.189503 -0.199061 -0.208730 -0.218501 -0.228363 -0.238308 -0.248327 -0.258412 -0.268556 -0.278750 -0.288990 -0.299267 -0.309576 -0.319912 
-0.310068 -0.299518 -0.288990 -0.278488 -0.268020 -0.257591 -0.247209 -0.236880 -0.226612 -0.216414 -0.206294 -0.196261 -0.186325 -0.176497 -0.166788 -0.157208 -0.147770 -0.138486 -0.129370 -0.120434 -0.111694 -0.103162 -0.094855 -0.086788 -0.078976 -0.071436 -0.064183 -0.057233 -0.050603 -0.044308 -0.038366 -0.032790 -0.027597 -0.022801 -0.018415 -0.014453 -0.010927 -0.007848 -0.005225 -0.003067 -0.001381 -0.000173 0.000554 0.000796 0.000554 -0.000173 -0.001381 -0.003067 -0.005225 -0.007848 -0.010927 -0.014453 -0.018415 -0.022801 -0.027597 -0.032790 -0.038366 -0.044308 -0.050603 -0.057233 -0.064183 -0.071436 -0.078976 -0.086788 -0.094855 -0.103162 -0.111694 -0.120434 -0.129370 -0.138486 -0.147770 -0.157208 -0.166788 -0.176497 -0.186325 -0.196261 -0.206294 -0.216414 -0.226612 -0.236880 -0.247209 -0.257591 -0.268020 -0.278488 -0.288990 -0.299518 -0.310068 
-0.300270 -0.289502 -0.278750 -0.268020 -0.257318 -0.246649 -0.236021 -0.225441 -0.214917 -0.204458 -0.194071 -0.183768 -0.173557 -0.163449 -0.153456 -0.143590 -0.133862 -0.124285 -0.114875 -0.105644 -0.096607 -0.087780 -0.079178 -0.070819 -0.062718 -0.054892 -0.047358 -0.040135 -0.033239 -0.026687 -0.020498 -0.014687 -0.009272 -0.004267 0.000311 0.004450 0.008134 0.011353 0.014096 0.016353 0.018117 0.019382 0.020142 0.020396 0.020142 0.019382 0.018117 0.016353 0.014096 0.011353 0.008134 0.004450 0.000311 -0.004267 -0.009272 -0.014687 -0.020498 -0.026687 -0.033239 -0.040135 -0.047358 -0.054892 -0.062718 -0.070819 -0.079178 -0.087780 -0.096607 -0.105644 -0.114875 -0.124285 -0.133862 -0.143590 -0.153456 -0.163449 -0.173557 -0.183768 -0.194071 -0.204458 -0.214917 -0.225441 -0.236021 -0.246649 -0.257318 -0.268020 -0.278750 -0.289502 -0.300270 
-0.290526 -0.279536 -0.268556 -0.257591 -0.246649 -0.235734 -0.224854 -0.214017 -0.203230 -0.192501 -0.181840 -0.171257 -0.160761 -0.150363 -0.140076 -0.129911 -0.119881 -0.110000 -0.100282 -0.090742 -0.081395 -0.072257 -0.063346 -0.054678 -0.046271 -0.038144 -0.030314 -0.022801 -0.015622 -0.008798 -0.002345 0.003716 0.009369 0.014597 0.019382 0.023709 0.027564 0.030933 0.033804 0.036169 0.038016 0.039341 0.040138 0.040404 0.040138 0.039341 0.038016 0.036169 0.033804 0.030933 0.027564 0.023709 0.019382 0.014597 0.009369 0.003716 -0.002345 -0.008798 -0.015622 -0.022801 -0.030314 -0.038144 -0.046271 -0.054678 -0.063346 -0.072257 -0.081395 -0.090742 -0.100282 -0.110000 -0.119881 -0.129911 -0.140076 -0.150363 -0.160761 -0.171257 -0.181840 -0.192501 -0.203230 -0.214017 -0.224854 -0.235734 -0.246649 -0.257591 -0.268556 -0.279536 -0.290526 
-0.280842 -0.269625 -0.258412 -0.247209 -0.236021 -0.224854 -0.213716 -0.202614 -0.191556 -0.180551 -0.169607 -0.158734 -0.147943 -0.137246 -0.126653 -0.116178 -0.105834 -0.095635 -0.085595 -0.075731 -0.066059 -0.056596 -0.047358 -0.038366 -0.029636 -0.021190 -0.013046 -0.005225 0.002254 0.009369 0.016102 0.022432 0.028339 0.033804 0.038811 0.043341 0.047378 0.050909 0.053919 0.056398 0.058337 0.059727 0.060563 0.060842 0.060563 0.059727 0.058337 0.056398 0.053919 0.050909 0.047378 0.043341 0.038811 0.033804 0.028339 0.022432 0.016102 0.009369 0.002254 -0.005225 -0.013046 -0.021190 -0.029636 -0.038366 -0.047358 -0.056596 -0.066059 -0.075731 -0.085595 -0.095635 -0.105834 -0.116178 -0.126653 -0.137246 -0.147943 -0.158734 -0.169607 -0.180551 -0.191556 -0.202614 -0.213716 -0.224854 -0.236021 -0.247209 -0.258412 -0.269625 -0.280842 
-0.271225 -0.259777 -0.248327 -0.236880 -0.225441 -0.214017 -0.202614 -0.191241 -0.179905 -0.168614 -0.157378 -0.146207 -0.135111 -0.124103 -0.113193 -0.102396 -0.091725 -0.081194 -0.070819 -0.060616 -0.050603 -0.040797 -0.031216 -0.021881 -0.012811 -0.004027 0.004450 0.012598 0.020396 0.027822 0.034854 0.041470 0.047649 0.053370 0.058614 0.063362 0.067596 0.071301 0.074461 0.077064 0.079100 0.080561 0.081439 0.081733 0.081439 0.080561 0.079100 0.077064 0.074461 0.071301 0.067596 0.063362 0.058614 0.053370 0.047649 0.041470 0.034854 0.027822 0.020396 0.012598 0.004450 -0.004027 -0.012811 -0.021881 -0.031216 -0.040797 -0.050603 -0.060616 -0.070819 -0.081194 -0.091725 -0.102396 -0.113193 -0.124103 -0.135111 -0.146207 -0.157378 -0.168614 -0.179905 -0.191241 -0.202614 -0.214017 -0.225441 -0.236880 -0.248327 -0.259777 -0.271225 
-0.261682 -0.250000 -0.238308 -0.226612 -0.214917 -0.203230 -0.191556 -0.179905 -0.168282 -0.156698 -0.145162 -0.133683 -0.122272 -0.110942 -0.099704 -0.088572 -0.077560 -0.066683 -0.055957 -0.045400 -0.035029 -0.024863 -0.014921 -0.005225 0.004205 0.013346 0.022177 0.030673 0.038811 0.046568 0.053919 0.060842 0.067313 0.073309 0.078809 0.083792 0.088238 0.092130 0.095452 0.098190 0.100331 0.101868 0.102793 0.103101 0.102793 0.101868 0.100331 0.098190 0.095452 0.092130 0.088238 0.083792 0.078809 0.073309 0.067313 0.060842 0.053919 0.046568 0.038811 0.030673 0.022177 0.013346 0.004205 -0.005225 -0.014921 -0.024863 -0.035029 -0.045400 -0.055957 -0.066683 -0.077560 -0.088572 -0.099704 -0.110942 -0.122272 -0.133683 -0.145162 -0.156698 -0.168282 -0.179905 -0.191556 -0.203230 -0.214917 -0.226612 -0.238308 -0.250000 -0.261682 
-0.252221 -0.240301 -0.228363 -0.216414 -0.204458 -0.192501 -0.180551 -0.168614 -0.156698 -0.144813 -0.132967 -0.121170 -0.109434 -0.097771 -0.086192 -0.074712 -0.063346 -0.052109 -0.041017 -0.030088 -0.019342 -0.008798 0.001524 0.011602 0.021413 0.030933 0.040138 0.049004 0.057505 0.065615 0.073309 0.080561 0.087345 0.093637 0.099412 0.104648 0.109324 0.113419 0.116916 0.119799 0.122056 0.123675 0.124650 0.124975 0.124650 0.123675 0.122056 0.119799 0.116916 0.113419 0.109324 0.104648 0.099412 0.093637 0.087345 0.080561 0.073309 0.065615 0.057505 0.049004 0.040138 0.030933 0.021413 0.011602 0.001524 -0.008798 -0.019342 -0.030088 -0.041017 -0.052109 -0.063346 -0.074712 -0.086192 -0.097771 -0.109434 -0.121170 -0.132967 -0.144813 -0.156698 -0.168614 -0.180551 -0.192501 -0.204458 -0.216414 -0.228363 -0.240301 -0.252221 
-0.242850 -0.230688 -0.218501 -0.206294 -0.194071 -0.181840 -0.169607 -0.157378 -0.145162 -0.132967 -0.120802 -0.108679 -0.096607 -0.084599 -0.072667 -0.060827 -0.049092 -0.037478 -0.026004 -0.014687 -0.003547 0.007395 0.018117 0.028597 0.038811 0.048733 0.058337 0.067596 0.076484 0.084973 0.093033 0.100638 0.107759 0.114370 0.120443 0.125953 0.130876 0.135192 0.138879 0.141920 0.144301 0.146011 0.147040 0.147383 0.147040 0.146011 0.144301 0.141920 0.138879 0.135192 0.130876 0.125953 0.120443 0.114370 0.107759 0.100638 0.093033 0.084973 0.076484 0.067596 0.058337 0.048733 0.038811 0.028597 0.018117 0.007395 -0.003547 -0.014687 -0.026004 -0.037478 -0.049092 -0.060827 -0.072667 -0.084599 -0.096607 -0.108679 -0.120802 -0.132967 -0.145162 -0.157378 -0.169607 -0.181840 -0.194071 -0.206294 -0.218501 -0.230688 -0.242850 
-0.233578 -0.221171 -0.208730 -0.196261 -0.183768 -0.171257 -0.158734 -0.146207 -0.133683 -0.121170 -0.108679 -0.096218 -0.083800 -0.071436 -0.059139 -0.046924 -0.034806 -0.022801 -0.010927 0.000796 0.012349 0.023709 0.034854 0.045759 0.056398 0.066746 0.076774 0.086454 0.095755 0.104648 0.113102 0.121087 0.128571 0.135526 0.141920 0.147727 0.152920 0.157475 0.161368 0.164582 0.167099 0.168907 0.169995 0.170358 0.169995 0.168907 0.167099 0.164582 0.161368 0.157475 0.152920 0.147727 0.141920 0.135526 0.128571 0.121087 0.113102 0.104648 0.095755 0.086454 0.076774 0.066746 0.056398 0.045759 0.034854 0.023709 0.012349 0.000796 -0.010927 -0.022801 -0.034806 -0.046924 -0.059139 -0.071436 -0.083800 -0.096218 -0.108679 -0.121170 -0.133683 -0.146207 -0.158734 -0.171257 -0.183768 -0.196261 -0.208730 -0.221171 -0.233578 
-0.224414 -0.211759 -0.199061 -0.186325 -0.173557 -0.160761 -0.147943 -0.135111 -0.122272 -0.109434 -0.096607 -0.083800 -0.071025 -0.058293 -0.045618 -0.033015 -0.020498 -0.008085 0.004205 0.016353 0.028339 0.040138 0.051728 0.063081 0.074173 0.084973 0.095452 0.105579 0.115323 0.124650 0.133527 0.141920 0.149796 0.157122 0.163866 0.169995 0.175481 0.180296 0.184415 0.187817 0.190482 0.192397 0.193550 0.193935 0.193550 0.192397 0.190482 0.187817 0.184415 0.180296 0.175481 0.169995 0.163866 0.157122 0.149796 0.141920 0.133527 0.124650 0.115323 0.105579 0.095452 0.084973 0.074173 0.063081 0.051728 0.040138 0.028339 0.016353 0.004205 -0.008085 -0.020498 -0.033015 -0.045618 -0.058293 -0.071025 -0.083800 -0.096607 -0.109434 -0.122272 -0.135111 -0.147943 -0.160761 -0.173557 -0.186325 -0.199061 -0.211759 -0.224414 
-0.215367 -0.202461 -0.189503 -0.176497 -0.163449 -0.150363 -0.137246 -0.124103 -0.110942 -0.097771 -0.084599 -0.071436 -0.058293 -0.045182 -0.032116 -0.019111 -0.006180 0.006657 0.019382 0.031975 0.044414 0.056675 0.068733 0.080561 0.092130 0.103410 0.114370 0.124975 0.135192 0.144984 0.154316 0.163151 0.171451 0.179179 0.186301 0.192781 0.198586 0.203685 0.208051 0.211659 0.214487 0.216520 0.217744 0.218153 0.217744 0.216520 0.214487 0.211659 0.208051 0.203685 0.198586 0.192781 0.186301 0.179179 0.171451 0.163151 0.154316 0.144984 0.135192 0.124975 0.114370 0.103410 0.092130 0.080561 0.068733 0.056675 0.044414 0.031975 0.019382 0.006657 -0.006180 -0.019111 -0.032116 -0.045182 -0.058293 -0.071436 -0.084599 -0.097771 -0.110942 -0.124103 -0.137246 -0.150363 -0.163449 -0.176497 -0.189503 -0.202461 -0.215367 
-0.206446 -0.193287 -0.180066 -0.166788 -0.153456 -0.140076 -0.126653 -0.113193 -0.099704 -0.086192 -0.072667 -0.059139 -0.045618 -0.032116 -0.018647 -0.005225 0.008134 0.021413 0.034591 0.047649 0.060563 0.073309 0.085861 0.098190 0.110265 0.122056 0.133527 0.144643 0.155366 0.165659 0.175481 0.184791 0.193550 0.201717 0.209250 0.216112 0.222266 0.227677 0.232313 0.236146 0.239154 0.241316 0.242619 0.243054 0.242619 0.241316 0.239154 0.236146 0.232313 0.227677 0.222266 0.216112 0.209250 0.201717 0.193550 0.184791 0.175481 0.165659 0.155366 0.144643 0.133527 0.122056 0.110265 0.098190 0.085861 0.073309 0.060563 0.047649 0.034591 0.021413 0.008134 -0.005225 -0.018647 -0.032116 -0.045618 -0.059139 -0.072667 -0.086192 -0.099704 -0.113193 -0.126653 -0.140076 -0.153456 -0.166788 -0.180066 -0.193287 -0.206446 
-0.197663 -0.184248 -0.170762 -0.157208 -0.143590 -0.129911 -0.116178 -0.102396 -0.088572 -0.074712 -0.060827 -0.046924 -0.033015 -0.019111 -0.005225 0.008628 0.022432 0.036169 0.049819 0.063362 0.076774 0.090030 0.103101 0.115959 0.128571 0.140904 0.152920 0.164582 0.175849 0.186680 0.197030 0.206856 0.216112 0.224754 0.232737 0.240017 0.246553 0.252305 0.257239 0.261321 0.264526 0.266831 0.268220 0.268684 0.268220 0.266831 0.264526 0.261321 0.257239 0.252305 0.246553 0.240017 0.232737 0.224754 0.216112 0.206856 0.197030 0.186680 0.175849 0.164582 0.152920 0.140904 0.128571 0.115959 0.103101 0.090030 0.076774 0.063362 0.049819 0.036169 0.022432 0.008628 -0.005225 -0.019111 -0.033015 -0.046924 -0.060827 -0.074712 -0.088572 -0.102396 -0.116178 -0.129911 -0.143590 -0.157208 -0.170762 -0.184248 -0.197663 
-0.189028 -0.175356 -0.161603 -0.147770 -0.133862 -0.119881 -0.105834 -0.091725 -0.077560 -0.063346 -0.049092 -0.034806 -0.020498 -0.006180 0.008134 0.022432 0.036696 0.050909 0.065051 0.079100 0.093033 0.106824 0.120443 0.133859 0.147040 0.159948 0.172546 0.184791 0.196642 0.208051 0.218972 0.229356 0.239154 0.248314 0.256788 0.264526 0.271481 0.277610 0.282871 0.287229 0.290652 0.293115 0.294600 0.295097 0.294600 0.293115 0.290652 0.287229 0.282871 0.277610 0.271481 0.264526 0.256788 0.248314 0.239154 0.229356 0.218972 0.208051 0.196642 0.184791 0.172546 0.159948 0.147040 0.133859 0.120443 0.106824 0.093033 0.079100 0.065051 0.050909 0.036696 0.022432 0.008134 -0.006180 -0.020498 -0.034806 -0.049092 -0.063346 -0.077560 -0.091725 -0.105834 -0.119881 -0.133862 -0.147770 -0.161603 -0.175356 -0.189028 
-0.180551 -0.166622 -0.152599 -0.138486 -0.124285 -0.110000 -0.095635 -0.081194 -0.066683 -0.052109 -0.037478 -0.022801 -0.008085 0.006657 0.021413 0.036169 0.050909 0.065615 0.080268 0.094846 0.109324 0.123675 0.137870 0.151876 0.165659 0.179179 0.192397 0.205268 0.217744 0.229778 0.241316 0.252305 0.262692 0.272418 0.281429 0.289671 0.297089 0.303633 0.309257 0.313919 0.317584 0.320224 0.321816 0.322348 0.321816 0.320224 0.317584 0.313919 0.309257 0.303633 0.297089 0.289671 0.281429 0.272418 0.262692 0.252305 0.241316 0.229778 0.217744 0.205268 0.192397 0.179179 0.165659 0.151876 0.137870 0.123675 0.109324 0.094846 0.080268 0.065615 0.050909 0.036169 0.021413 0.006657 -0.008085 -0.022801 -0.037478 -0.052109 -0.066683 -0.081194 -0.095635 -0.110000 -0.124285 -0.138486 -0.152599 -0.166622 -0.180551 
-0.172244 -0.158056 -0.143765 -0.129370 -0.114875 -0.100282 -0.085595 -0.070819 -0.055957 -0.041017 -0.026004 -0.010927 0.004205 0.019382 0.034591 0.049819 0.065051 0.080268 0.095452 0.110580 0.125627 0.140566 0.155366 0.169995 0.184415 0.198586 0.212465 0.226004 0.239154 0.251860 0.264066 0.275714 0.286742 0.297089 0.306690 0.315486 0.323414 0.330419 0.336446 0.341448 0.345383 0.348219 0.349930 0.350502 0.349930 0.348219 0.345383 0.341448 0.336446 0.330419 0.323414 0.315486 0.306690 0.297089 0.286742 0.275714 0.264066 0.251860 0.239154 0.226004 0.212465 0.198586 0.184415 0.169995 0.155366 0.140566 0.125627 0.110580 0.095452 0.080268 0.065051 0.049819 0.034591 0.019382 0.004205 -0.010927 -0.026004 -0.041017 -0.055957 -0.070819 -0.085595 -0.100282 -0.114875 -0.129370 -0.143765 -0.158056 -0.172244 
-0.164119 -0.149673 -0.135111 -0.120434 -0.105644 -0.090742 -0.075731 -0.060616 -0.045400 -0.030088 -0.014687 0.000796 0.016353 0.031975 0.047649 0.063362 0.079100 0.094846 0.110580 0.126279 0.141920 0.157475 0.172912 0.188196 0.203291 0.218153 0.232737 0.246993 0.260866 0.274298 0.287229 0.299593 0.311322 0.322348 0.332600 0.342007 0.350502 0.358019 0.364495 0.369876 0.374113 0.377169 0.379014 0.379632 0.379014 0.377169 0.374113 0.369876 0.364495 0.358019 0.350502 0.342007 0.332600 0.322348 0.311322 0.299593 0.287229 0.274298 0.260866 0.246993 0.232737 0.218153 0.203291 0.188196 0.172912 0.157475 0.141920 0.126279 0.110580 0.094846 0.079100 0.063362 0.047649 0.031975 0.016353 0.000796 -0.014687 -0.030088 -0.045400 -0.060616 -0.075731 -0.090742 -0.105644 -0.120434 -0.135111 -0.149673 -0.164119 
-0.156188 -0.141485 -0.126653 -0.111694 -0.096607 -0.081395 -0.066059 -0.050603 -0.035029 -0.019342 -0.003547 0.012349 0.028339 0.044414 0.060563 0.076774 0.093033 0.109324 0.125627 0.141920 0.158180 0.174378 0.190482 0.206458 0.222266 0.237862 0.253198 0.268220 0.282871 0.297089 0.310805 0.323949 0.336446 0.348219 0.359188 0.369274 0.378398 0.386486 0.393464 0.399271 0.403848 0.407152 0.409148 0.409816 0.409148 0.407152 0.403848 0.399271 0.393464 0.386486 0.378398 0.369274 0.359188 0.348219 0.336446 0.323949 0.310805 0.297089 0.282871 0.268220 0.253198 0.237862 0.222266 0.206458 0.190482 0.174378 0.158180 0.141920 0.125627 0.109324 0.093033 0.076774 0.060563 0.044414 0.028339 0.012349 -0.003547 -0.019342 -0.035029 -0.050603 -0.066059 -0.081395 -0.096607 -0.111694 -0.126653 -0.141485 -0.156188 
-0.148463 -0.133504 -0.118404 -0.103162 -0.087780 -0.072257 -0.056596 -0.040797 -0.024863 -0.008798 0.007395 0.023709 0.040138 0.056675 0.073309 0.090030 0.106824 0.123675 0.140566 0.157475 0.174378 0.191247 0.208051 0.224754 0.241316 0.257690 0.273827 0.289671 0.305159 0.320224 0.334793 0.348788 0.362127 0.374723 0.386486 0.397325 0.407152 0.415879 0.423422 0.429708 0.434670 0.438255 0.440422 0.441147 0.440422 0.438255 0.434670 0.429708 0.423422 0.415879 0.407152 0.397325 0.386486 0.374723 0.362127 0.348788 0.334793 0.320224 0.305159 0.289671 0.273827 0.257690 0.241316 0.224754 0.208051 0.191247 0.174378 0.157475 0.140566 0.123675 0.106824 0.090030 0.073309 0.056675 0.040138 0.023709 0.007395 -0.008798 -0.024863 -0.040797 -0.056596 -0.072257 -0.087780 -0.103162 -0.118404 -0.133504 -0.148463 
-0.140957 -0.125744 -0.110377 -0.094855 -0.079178 -0.063346 -0.047358 -0.031216 -0.014921 0.001524 0.018117 0.034854 0.051728 0.068733 0.085861 0.103101 0.120443 0.137870 0.155366 0.172912 0.190482 0.208051 0.225587 0.243054 0.260410 0.277610 0.294600 0.311322 0.327710 0.343692 0.359188 0.374113 0.388376 0.401880 0.414523 0.426203 0.436817 0.446262 0.454444 0.461272 0.466671 0.470575 0.472937 0.473727 0.472937 0.470575 0.466671 0.461272 0.454444 0.446262 0.436817 0.426203 0.414523 0.401880 0.388376 0.374113 0.359188 0.343692 0.327710 0.311322 0.294600 0.277610 0.260410 0.243054 0.225587 0.208051 0.190482 0.172912 0.155366 0.137870 0.120443 0.103101 0.085861 0.068733 0.051728 0.034854 0.018117 0.001524 -0.014921 -0.031216 -0.047358 -0.063346 -0.079178 -0.094855 -0.110377 -0.125744 -0.140957 
-0.133683 -0.118219 -0.102588 -0.086788 -0.070819 -0.054678 -0.038366 -0.021881 -0.005225 0.011602 0.028597 0.045759 0.063081 0.080561 0.098190 0.115959 0.133859 0.151876 0.169995 0.188196 0.206458 0.224754 0.243054 0.261321 0.279515 0.297588 0.315486 0.333147 0.350502 0.367475 0.383979 0.399921 0.415200 0.429708 0.443331 0.455951 0.467448 0.477706 0.486611 0.494057 0.499954 0.504224 0.506809 0.507675 0.506809 0.504224 0.499954 0.494057 0.486611 0.477706 0.467448 0.455951 0.443331 0.429708 0.415200 0.399921 0.383979 0.367475 0.350502 0.333147 0.315486 0.297588 0.279515 0.261321 0.243054 0.224754 0.206458 0.188196 0.169995 0.151876 0.133859 0.115959 0.098190 0.080561 0.063081 0.045759 0.028597 0.011602 -0.005225 -0.021881 -0.038366 -0.054678 -0.070819 -0.086788 -0.102588 -0.118219 -0.133683 
-0.126653 -0.110942 -0.095050 -0.078976 -0.062718 -0.046271 -0.029636 -0.012811 0.004205 0.021413 0.038811 0.056398 0.074173 0.092130 0.110265 0.128571 0.147040 0.165659 0.184415 0.203291 0.222266 0.241316 0.260410 0.279515 0.298589 0.317584 0.336446 0.355110 0.373505 0.391548 0.409148 0.426203 0.442601 0.458222 0.472937 0.486611 0.499106 0.510285 0.520014 0.528169 0.534638 0.539329 0.542173 0.543126 0.542173 0.539329 0.534638 0.528169 0.520014 0.510285 0.499106 0.486611 0.472937 0.458222 0.442601 0.426203 0.409148 0.391548 0.373505 0.355110 0.336446 0.317584 0.298589 0.279515 0.260410 0.241316 0.222266 0.203291 0.184415 0.165659 0.147040 0.128571 0.110265 0.092130 0.074173 0.056398 0.038811 0.021413 0.004205 -0.012811 -0.029636 -0.046271 -0.062718 -0.078976 -0.095050 -0.110942 -0.126653 
-0.119881 -0.103927 -0.087780 -0.071436 -0.054892 -0.038144 -0.021190 -0.004027 0.013346 0.030933 0.048733 0.066746 0.084973 0.103410 0.122056 0.140904 0.159948 0.179179 0.198586 0.218153 0.237862 0.257690 0.277610 0.297588 0.317584 0.337552 0.357435 0.377169 0.396679 0.415879 0.434670 0.452943 0.470575 0.487431 0.503366 0.518226 0.531852 0.544081 0.554755 0.563726 0.570857 0.576038 0.579181 0.580235 0.579181 0.576038 0.570857 0.563726 0.554755 0.544081 0.531852 0.518226 0.503366 0.487431 0.470575 0.452943 0.434670 0.415879 0.396679 0.377169 0.357435 0.337552 0.317584 0.297588 0.277610 0.257690 0.237862 0.218153 0.198586 0.179179 0.159948 0.140904 0.122056 0.103410 0.084973 0.066746 0.048733 0.030933 0.013346 -0.004027 -0.021190 -0.038144 -0.054892 -0.071436 -0.087780 -0.103927 -0.119881 
-0.113381 -0.097189 -0.080791 -0.064183 -0.047358 -0.030314 -0.013046 0.004450 0.022177 0.040138 0.058337 0.076774 0.095452 0.114370 0.133527 0.152920 0.172546 0.192397 0.212465 0.232737 0.253198 0.273827 0.294600 0.315486 0.336446 0.357435 0.378398 0.399271 0.419975 0.440422 0.460508 0.480114 0.499106 0.517335 0.534638 0.550838 0.565749 0.579181 0.590946 0.600862 0.608765 0.614518 0.618014 0.619186 0.618014 0.614518 0.608765 0.600862 0.590946 0.579181 0.565749 0.550838 0.534638 0.517335 0.499106 0.480114 0.460508 0.440422 0.419975 0.399271 0.378398 0.357435 0.336446 0.315486 0.294600 0.273827 0.253198 0.232737 0.212465 0.192397 0.172546 0.152920 0.133527 0.114370 0.095452 0.076774 0.058337 0.040138 0.022177 0.004450 -0.013046 -0.030314 -0.047358 -0.064183 -0.080791 -0.097189 -0.113381 
-0.107164 -0.090742 -0.074100 -0.057233 -0.040135 -0.022801 -0.005225 0.012598 0.030673 0.049004 0.067596 0.086454 0.105579 0.124975 0.144643 0.164582 0.184791 0.205268 0.226004 0.246993 0.268220 0.289671 0.311322 0.333147 0.355110 0.377169 0.399271 0.421350 0.443331 0.465120 0.486611 0.507675 0.528169 0.547927 0.566765 0.584482 0.600862 0.615679 0.628708 0.639729 0.648539 0.654966 0.658879 0.660193 0.658879 0.654966 0.648539 0.639729 0.628708 0.615679 0.600862 0.584482 0.566765 0.547927 0.528169 0.507675 0.486611 0.465120 0.443331 0.421350 0.399271 0.377169 0.355110 0.333147 0.311322 0.289671 0.268220 0.246993 0.226004 0.205268 0.184791 0.164582 0.144643 0.124975 0.105579 0.086454 0.067596 0.049004 0.030673 0.012598 -0.005225 -0.022801 -0.040135 -0.057233 -0.074100 -0.090742 -0.107164 
-0.101244 -0.084599 -0.067720 -0.050603 -0.033239 -0.015622 0.002254 0.020396 0.038811 0.057505 0.076484 0.095755 0.115323 0.135192 0.155366 0.175849 0.196642 0.217744 0.239154 0.260866 0.282871 0.305159 0.327710 0.350502 0.373505 0.396679 0.419975 0.443331 0.466671 0.489902 0.512913 0.535572 0.557721 0.579181 0.599746 0.619186 0.637250 0.653672 0.668177 0.680498 0.690382 0.697614 0.702025 0.703507 0.702025 0.697614 0.690382 0.680498 0.668177 0.653672 0.637250 0.619186 0.599746 0.579181 0.557721 0.535572 0.512913 0.489902 0.466671 0.443331 0.419975 0.396679 0.373505 0.350502 0.327710 0.305159 0.282871 0.260866 0.239154 0.217744 0.196642 0.175849 0.155366 0.135192 0.115323 0.095755 0.076484 0.057505 0.038811 0.020396 0.002254 -0.015622 -0.033239 -0.050603 -0.067720 -0.084599 -0.101244 
-0.095635 -0.078774 -0.061668 -0.044308 -0.026687 -0.008798 0.009369 0.027822 0.046568 0.065615 0.084973 0.104648 0.124650 0.144984 0.165659 0.186680 0.208051 0.229778 0.251860 0.274298 0.297089 0.320224 0.343692 0.367475 0.391548 0.415879 0.440422 0.465120 0.489902 0.514676 0.539329 0.563726 0.587700 0.611055 0.633565 0.654966 0.674969 0.693258 0.709499 0.723363 0.734533 0.742734 0.747747 0.749434 0.747747 0.742734 0.734533 0.723363 0.709499 0.693258 0.674969 0.654966 0.633565 0.611055 0.587700 0.563726 0.539329 0.514676 0.489902 0.465120 0.440422 0.415879 0.391548 0.367475 0.343692 0.320224 0.297089 0.274298 0.251860 0.229778 0.208051 0.186680 0.165659 0.144984 0.124650 0.104648 0.084973 0.065615 0.046568 0.027822 0.009369 -0.008798 -0.026687 -0.044308 -0.061668 -0.078774 -0.095635 
-0.090348 -0.073282 -0.055957 -0.038366 -0.020498 -0.002345 0.016102 0.034854 0.053919 0.073309 0.093033 0.113102 0.133527 0.154316 0.175481 0.197030 0.218972 0.241316 0.264066 0.287229 0.310805 0.334793 0.359188 0.383979 0.409148 0.434670 0.460508 0.486611 0.512913 0.539329 0.565749 0.592034 0.618014 0.643478 0.668177 0.691817 0.714061 0.734533 0.752832 0.768544 0.781269 0.790649 0.796401 0.798339 0.796401 0.790649 0.781269 0.768544 0.752832 0.734533 0.714061 0.691817 0.668177 0.643478 0.618014 0.592034 0.565749 0.539329 0.512913 0.486611 0.460508 0.434670 0.409148 0.383979 0.359188 0.334793 0.310805 0.287229 0.264066 0.241316 0.218972 0.197030 0.175481 0.154316 0.133527 0.113102 0.093033 0.073309 0.053919 0.034854 0.016102 -0.002345 -0.020498 -0.038366 -0.055957 -0.073282 -0.090348 
-0.085396 -0.068135 -0.050603 -0.032790 -0.014687 0.003716 0.022432 0.041470 0.060842 0.080561 0.100638 0.121087 0.141920 0.163151 0.184791 0.206856 0.229356 0.252305 0.275714 0.299593 0.323949 0.348788 0.374113 0.399921 0.426203 0.452943 0.480114 0.507675 0.535572 0.563726 0.592034 0.620363 0.648539 0.676344 0.703507 0.729703 0.754544 0.777586 0.798339 0.816286 0.830913 0.841752 0.848421 0.850673 0.848421 0.841752 0.830913 0.816286 0.798339 0.777586 0.754544 0.729703 0.703507 0.676344 0.648539 0.620363 0.592034 0.563726 0.535572 0.507675 0.480114 0.452943 0.426203 0.399921 0.374113 0.348788 0.323949 0.299593 0.275714 0.252305 0.229356 0.206856 0.184791 0.163151 0.141920 0.121087 0.100638 0.080561 0.060842 0.041470 0.022432 0.003716 -0.014687 -0.032790 -0.050603 -0.068135 -0.085396 
-0.080791 -0.063346 -0.045618 -0.027597 -0.009272 0.009369 0.028339 0.047649 0.067313 0.087345 0.107759 0.128571 0.149796 0.171451 0.193550 0.216112 0.239154 0.262692 0.286742 0.311322 0.336446 0.362127 0.388376 0.415200 0.442601 0.470575 0.499106 0.528169 0.557721 0.587700 0.618014 0.648539 0.679108 0.709499 0.739431 0.768544 0.796401 0.822480 0.846184 0.866862 0.883847 0.896514 0.904345 0.906996 0.904345 0.896514 0.883847 0.866862 0.846184 0.822480 0.796401 0.768544 0.739431 0.709499 0.679108 0.648539 0.618014 0.587700 0.557721 0.528169 0.499106 0.470575 0.442601 0.415200 0.388376 0.362127 0.336446 0.311322 0.286742 0.262692 0.239154 0.216112 0.193550 0.171451 0.149796 0.128571 0.107759 0.087345 0.067313 0.047649 0.028339 0.009369 -0.009272 -0.027597 -0.045618 -0.063346 -0.080791 
-0.076545 -0.058928 -0.041017 -0.022801 -0.004267 0.014597 0.033804 0.053370 0.073309 0.093637 0.114370 0.135526 0.157122 0.179179 0.201717 0.224754 0.248314 0.272418 0.297089 0.322348 0.348219 0.374723 0.401880 0.429708 0.458222 0.487431 0.517335 0.547927 0.579181 0.611055 0.643478 0.676344 0.709499 0.742734 0.775759 0.808195 0.839557 0.869237 0.896514 0.920566 0.940517 0.955519 0.964849 0.968017 0.964849 0.955519 0.940517 0.920566 0.896514 0.869237 0.839557 0.808195 0.775759 0.742734 0.709499 0.676344 0.643478 0.611055 0.579181 0.547927 0.517335 0.487431 0.458222 0.429708 0.401880 0.374723 0.348219 0.322348 0.297089 0.272418 0.248314 0.224754 0.201717 0.179179 0.157122 0.135526 0.114370 0.093637 0.073309 0.053370 0.033804 0.014597 -0.004267 -0.022801 -0.041017 -0.058928 -0.076545 
-0.072667 -0.054892 -0.036812 -0.018415 0.000311 0.019382 0.038811 0.058614 0.078809 0.099412 0.120443 0.141920 0.163866 0.186301 0.209250 0.232737 0.256788 0.281429 0.306690 0.332600 0.359188 0.386486 0.414523 0.443331 0.472937 0.503366 0.534638 0.566765 0.599746 0.633565 0.668177 0.703507 0.739431 0.775759 0.812217 0.848421 0.883847 0.917808 0.949439 0.977702 1.001442 1.019485 1.030795 1.034651 1.030795 1.019485 1.001442 0.977702 0.949439 0.917808 0.883847 0.848421 0.812217 0.775759 0.739431 0.703507 0.668177 0.633565 0.599746 0.566765 0.534638 0.503366 0.472937 0.443331 0.414523 0.386486 0.359188 0.332600 0.306690 0.281429 0.256788 0.232737 0.209250 0.186301 0.163866 0.141920 0.120443 0.099412 0.078809 0.058614 0.038811 0.019382 0.000311 -0.018415 -0.036812 -0.054892 -0.072667 
-0.069169 -0.051249 -0.033015 -0.014453 0.004450 0.023709 0.043341 0.063362 0.083792 0.104648 0.125953 0.147727 0.169995 0.192781 0.216112 0.240017 0.264526 0.289671 0.315486 0.342007 0.369274 0.397325 0.426203 0.455951 0.486611 0.518226 0.550838 0.584482 0.619186 0.654966 0.691817 0.729703 0.768544 0.808195 0.848421 0.888858 0.928974 0.968017 1.004974 1.038552 1.067214 1.089309 1.103308 1.108109 1.103308 1.089309 1.067214 1.038552 1.004974 0.968017 0.928974 0.888858 0.848421 0.808195 0.768544 0.729703 0.691817 0.654966 0.619186 0.584482 0.550838 0.518226 0.486611 0.455951 0.426203 0.397325 0.369274 0.342007 0.315486 0.289671 0.264526 0.240017 0.216112 0.192781 0.169995 0.147727 0.125953 0.104648 0.083792 0.063362 0.043341 0.023709 0.004450 -0.014453 -0.033015 -0.051249 -0.069169 
-0.066059 -0.048009 -0.029636 -0.010927 0.008134 0.027564 0.047378 0.067596 0.088238 0.109324 0.130876 0.152920 0.175481 0.198586 0.222266 0.246553 0.271481 0.297089 0.323414 0.350502 0.378398 0.407152 0.436817 0.467448 0.499106 0.531852 0.565749 0.600862 0.637250 0.674969 0.714061 0.754544 0.796401 0.839557 0.883847 0.928974 0.974443 1.019485 1.062966 1.103308 1.138477 1.166115 1.183890 1.190036 1.183890 1.166115 1.138477 1.103308 1.062966 1.019485 0.974443 0.928974 0.883847 0.839557 0.796401 0.754544 0.714061 0.674969 0.637250 0.600862 0.565749 0.531852 0.499106 0.467448 0.436817 0.407152 0.378398 0.350502 0.323414 0.297089 0.271481 0.246553 0.222266 0.198586 0.175481 0.152920 0.130876 0.109324 0.088238 0.067596 0.047378 0.027564 0.008134 -0.010927 -0.029636 -0.048009 -0.066059 
-0.063346 -0.045182 -0.026687 -0.007848 0.011353 0.030933 0.050909 0.071301 0.092130 0.113419 0.135192 0.157475 0.180296 0.203685 0.227677 0.252305 0.277610 0.303633 0.330419 0.358019 0.386486 0.415879 0.446262 0.477706 0.510285 0.544081 0.579181 0.615679 0.653672 0.693258 0.734533 0.777586 0.822480 0.869237 0.917808 0.968017 1.019485 1.071517 1.122944 1.171933 1.215849 1.251296 1.274593 1.282748 1.274593 1.251296 1.215849 1.171933 1.122944 1.071517 1.019485 0.968017 0.917808 0.869237 0.822480 0.777586 0.734533 0.693258 0.653672 0.615679 0.579181 0.544081 0.510285 0.477706 0.446262 0.415879 0.386486 0.358019 0.330419 0.303633 0.277610 0.252305 0.227677 0.203685 0.180296 0.157475 0.135192 0.113419 0.092130 0.071301 0.050909 0.030933 0.011353 -0.007848 -0.026687 -0.045182 -0.063346 
-0.061037 -0.042775 -0.024176 -0.005225 0.014096 0.033804 0.053919 0.074461 0.095452 0.116916 0.138879 0.161368 0.184415 0.208051 0.232313 0.257239 0.282871 0.309257 0.336446 0.364495 0.393464 0.423422 0.454444 0.486611 0.520014 0.554755 0.590946 0.628708 0.668177 0.709499 0.752832 0.798339 0.846184 0.896514 0.949439 1.004974 1.062966 1.122944 1.183890 1.243890 1.299708 1.346511 1.378297 1.389644 1.378297 1.346511 1.299708 1.243890 1.183890 1.122944 1.062966 1.004974 0.949439 0.896514 0.846184 0.798339 0.752832 0.709499 0.668177 0.628708 0.590946 0.554755 0.520014 0.486611 0.454444 0.423422 0.393464 0.364495 0.336446 0.309257 0.282871 0.257239 0.232313 0.208051 0.184415 0.161368 0.138879 0.116916 0.095452 0.074461 0.053919 0.033804 0.014096 -0.005225 -0.024176 -0.042775 -0.061037 
-0.059139 -0.040797 -0.022111 -0.003067 0.016353 0.036169 0.056398 0.077064 0.098190 0.119799 0.141920 0.164582 0.187817 0.211659 0.236146 0.261321 0.287229 0.313919 0.341448 0.369876 0.399271 0.429708 0.461272 0.494057 0.528169 0.563726 0.600862 0.639729 0.680498 0.723363 0.768544 0.816286 0.866862 0.920566 0.977702 1.038552 1.103308 1.171933 1.243890 1.317615 1.389644 1.453465 1.499128 1.515977 1.499128 1.453465 1.389644 1.317615 1.243890 1.171933 1.103308 1.038552 0.977702 0.920566 0.866862 0.816286 0.768544 0.723363 0.680498 0.639729 0.600862 0.563726 0.528169 0.494057 0.461272 0.429708 0.399271 0.369876 0.341448 0.313919 0.287229 0.261321 0.236146 0.211659 0.187817 0.164582 0.141920 0.119799 0.098190 0.077064 0.056398 0.036169 0.016353 -0.003067 -0.022111 -0.040797 -0.059139 
-0.057657 -0.039251 -0.020498 -0.001381 0.018117 0.038016 0.058337 0.079100 0.100331 0.122056 0.144301 0.167099 0.190482 0.214487 0.239154 0.264526 0.290652 0.317584 0.345383 0.374113 0.403848 0.434670 0.466671 0.499954 0.534638 0.570857 0.608765 0.648539 0.690382 0.734533 0.781269 0.830913 0.883847 0.940517 1.001442 1.067214 1.138477 1.215849 1.299708 1.389644 1.483149 1.572885 1.642915 1.670409 1.642915 1.572885 1.483149 1.389644 1.299708 1.215849 1.138477 1.067214 1.001442 0.940517 0.883847 0.830913 0.781269 0.734533 0.690382 0.648539 0.608765 0.570857 0.534638 0.499954 0.466671 0.434670 0.403848 0.374113 0.345383 0.317584 0.290652 0.264526 0.239154 0.214487 0.190482 0.167099 0.144301 0.122056 0.100331 0.079100 0.058337 0.038016 0.018117 -0.001381 -0.020498 -0.039251 -0.057657 
-0.056596 -0.038144 -0.019342 -0.000173 0.019382 0.039341 0.059727 0.080561 0.101868 0.123675 0.146011 0.168907 0.192397 0.216520 0.241316 0.266831 0.293115 0.320224 0.348219 0.377169 0.407152 0.438255 0.470575 0.504224 0.539329 0.576038 0.614518 0.654966 0.697614 0.742734 0.790649 0.841752 0.896514 0.955519 1.019485 1.089309 1.166115 1.251296 1.346511 1.453465 1.572885 1.700692 1.816393 1.868166 1.816393 1.700692 1.572885 1.453465 1.346511 1.251296 1.166115 1.089309 1.019485 0.955519 0.896514 0.841752 0.790649 0.742734 0.697614 0.654966 0.614518 0.576038 0.539329 0.504224 0.470575 0.438255 0.407152 0.377169 0.348219 0.320224 0.293115 0.266831 0.241316 0.216520 0.192397 0.168907 0.146011 0.123675 0.101868 0.080561 0.059727 0.039341 0.019382 -0.000173 -0.019342 -0.038144 -0.056596 
-0.055957 -0.037478 -0.018647 0.000554 0.020142 0.040138 0.060563 0.081439 0.102793 0.124650 0.147040 0.169995 0.193550 0.217744 0.242619 0.268220 0.294600 0.321816 0.349930 0.379014 0.409148 0.440422 0.472937 0.506809 0.542173 0.579181 0.618014 0.658879 0.702025 0.747747 0.796401 0.848421 0.904345 0.964849 1.030795 1.103308 1.183890 1.274593 1.378297 1.499128 1.642915 1.816393 2.013957 2.133609 2.013957 1.816393 1.642915 1.499128 1.378297 1.274593 1.183890 1.103308 1.030795 0.964849 0.904345 0.848421 0.796401 0.747747 0.702025 0.658879 0.618014 0.579181 0.542173 0.506809 0.472937 0.440422 0.409148 0.379014 0.349930 0.321816 0.294600 0.268220 0.242619 0.217744 0.193550 0.169995 0.147040 0.124650 0.102793 0.081439 0.060563 0.040138 0.020142 0.000554 -0.018647 -0.037478 -0.055957 
-0.055744 -0.037256 -0.018415 0.000796 0.020396 0.040404 0.060842 0.081733 0.103101 0.124975 0.147383 0.170358 0.193935 0.218153 0.243054 0.268684 0.295097 0.322348 0.350502 0.379632 0.409816 0.441147 0.473727 0.507675 0.543126 0.580235 0.619186 0.660193 0.703507 0.749434 0.798339 0.850673 0.906996 0.968017 1.034651 1.108109 1.190036 1.282748 1.389644 1.515977 1.670409 1.868166 2.133609 2.373457 2.133609 1.868166 1.670409 1.515977 1.389644 1.282748 1.190036 1.108109 1.034651 0.968017 0.906996 0.850673 0.798339 0.749434 0.703507 0.660193 0.619186 0.580235 0.543126 0.507675 0.473727 0.441147 0.409816 0.379632 0.350502 0.322348 0.295097 0.268684 0.243054 0.218153 0.193935 0.170358 0.147383 0.124975 0.103101 0.081733 0.060842 0.040404 0.020396 0.000796 -0.018415 -0.037256 -0.055744 
-0.055744 -0.037256 -0.018415 0.000796 0.020396 0.040404 0.060842 0.081733 0.103101 0.124975 0.147383 0.170358 0.193935 0.218153 0.243054 0.268684 0.295097 0.322348 0.350502 0.379631 0.409816 0.441147 0.473727 0.507675 0.543126 0.580235 0.619186 0.660192 0.703507 0.749434 0.798339 0.850673 0.906996 0.968016 1.034650 1.108108 1.190035 1.282747 1.389642 1.515975 1.670405 1.868159 2.133592 2.373408 2.133592 1.868159 1.670405 1.515975 1.389642 1.282747 1.190035 1.108108 1.034650 0.968016 0.906996 0.850673 0.798339 0.749434 0.703507 0.660192 0.619186 0.580235 0.543126 0.507675 0.473727 0.441147 0.409816 0.379631 0.350502 0.322348 0.295097 0.268684 0.243054 0.218153 0.193935 0.170358 0.147383 0.124975 0.103101 0.081733 0.060842 0.040404 0.020396 0.000796 -0.018415 -0.037256 -0.055744 
-0.055745 -0.037256 -0.018415 0.000796 0.020396 0.040404 0.060842 0.081733 0.103101 0.124975 0.147383 0.170358 0.193935 0.218153 0.243054 0.268684 0.295096 0.322348 0.350502 0.379631 0.409816 0.441147 0.473727 0.507675 0.543125 0.580235 0.619186 0.660192 0.703507 0.749433 0.798338 0.850672 0.906995 0.968015 1.034649 1.108106 1.190033 1.282744 1.389638 1.515969 1.670395 1.868139 2.133539 2.373260 2.133539 1.868139 1.670395 1.515969 1.389638 1.282744 1.190033 1.108106 1.034649 0.968015 0.906995 0.850672 0.798338 0.749433 0.703507 0.660192 0.619186 0.580235 0.543125 0.507675 0.473727 0.441147 0.409816 0.379631 0.350502 0.322348 0.295096 0.268684 0.243054 0.218153 0.193935 0.170358 0.147383 0.124975 0.103101 0.081733 0.060842 0.040404 0.020396 0.000796 -0.018415 -0.037256 -0.055745 
-0.055967 -0.037488 -0.018657 0.000543 0.020131 0.040127 0.060551 0.081427 0.102779 0.124635 0.147025 0.169979 0.193534 0.217726 0.242600 0.268200 0.294579 0.321793 0.349905 0.378988 0.409119 0.440390 0.472902 0.506772 0.542132 0.579136 0.617963 0.658822 0.701961 0.747674 0.796317 0.848324 0.904231 0.964712 1.030628 1.103101 1.183625 1.274243 1.377813 1.498416 1.641776 1.814342 2.009808 2.127087 2.009808 1.814342 1.641776 1.498416 1.377813 1.274243 1.183625 1.103101 1.030628 0.964712 0.904231 0.848324 0.796317 0.747674 0.701961 0.658822 0.617963 0.579136 0.542132 0.506772 0.472902 0.440390 0.409119 0.378988 0.349905 0.321793 0.294579 0.268200 0.242600 0.217726 0.193534 0.169979 0.147025 0.124635 0.102779 0.081427 0.060551 0.040127 0.020131 0.000543 -0.018657 -0.037488 -0.055967 
-0.056614 -0.038163 -0.019362 -0.000194 0.019360 0.039318 0.059703 0.080535 0.101841 0.123647 0.145981 0.168875 0.192364 0.216484 0.241278 0.266791 0.293072 0.320178 0.348170 0.377116 0.407095 0.438192 0.470507 0.504150 0.539248 0.575948 0.614418 0.654854 0.697488 0.742590 0.790485 0.841561 0.896291 0.955254 1.019165 1.088914 1.165617 1.250649 1.345641 1.452244 1.571088 1.697950 1.812328 1.863300 1.812328 1.697950 1.571088 1.452244 1.345641 1.250649 1.165617 1.088914 1.019165 0.955254 0.896291 0.841561 0.790485 0.742590 0.697488 0.654854 0.614418 0.575948 0.539248 0.504150 0.470507 0.438192 0.407095 0.377116 0.348170 0.320178 0.293072 0.266791 0.241278 0.216484 0.192364 0.168875 0.145981 0.123647 0.101841 0.080535 0.059703 0.039318 0.019360 -0.000194 -0.019362 -0.038163 -0.056614 
-0.057685 -0.039280 -0.020528 -0.001412 0.018085 0.037982 0.058301 0.079063 0.100292 0.122014 0.144257 0.167052 0.190433 0.214435 0.239098 0.264466 0.290588 0.317516 0.345310 0.374035 0.403763 0.434578 0.466570 0.499844 0.534518 0.570724 0.608618 0.648374 0.690197 0.734324 0.781029 0.830637 0.883525 0.940137 1.000988 1.066661 1.137792 1.214981 1.298583 1.388152 1.481140 1.570199 1.639534 1.666705 1.639534 1.570199 1.481140 1.388152 1.298583 1.214981 1.137792 1.066661 1.000988 0.940137 0.883525 0.830637 0.781029 0.734324 0.690197 0.648374 0.608618 0.570724 0.534518 0.499844 0.466570 0.434578 0.403763 0.374035 0.345310 0.317516 0.290588 0.264466 0.239098 0.214435 0.190433 0.167052 0.144257 0.122014 0.100292 0.079063 0.058301 0.037982 0.018085 -0.001412 -0.020528 -0.039280 -0.057685 
-0.059176 -0.040835 -0.022151 -0.003108 0.016310 0.036123 0.056351 0.077014 0.098137 0.119744 0.141862 0.164520 0.187751 0.211589 0.236073 0.261243 0.287145 0.313829 0.341351 0.369772 0.399159 0.429587 0.461140 0.493913 0.528011 0.563552 0.600669 0.639514 0.680258 0.723092 0.768236 0.815933 0.866454 0.920089 0.977138 1.037876 1.102487 1.170923 1.242630 1.316031 1.387658 1.451034 1.496314 1.513006 1.496314 1.451034 1.387658 1.316031 1.242630 1.170923 1.102487 1.037876 0.977138 0.920089 0.866454 0.815933 0.768236 0.723092 0.680258 0.639514 0.600669 0.563552 0.528011 0.493913 0.461140 0.429587 0.399159 0.369772 0.341351 0.313829 0.287145 0.261243 0.236073 0.211589 0.187751 0.164520 0.141862 0.119744 0.098137 0.077014 0.056351 0.036123 0.016310 -0.003108 -0.022151 -0.040835 -0.059176 
