145 145
9.846652e+01 0 5
0.588087 0.595644 0.603190 0.610726 0.618250 0.625760 0.633255 0.640734 0.648195 0.655636 0.663057 0.670454 0.677826 0.685172 0.692489 0.699776 0.707030 0.714248 0.721430 0.728572 0.735672 0.742727 0.749735 0.756693 0.763598 0.770448 0.777239 0.783969 0.790634 0.797230 0.803755 0.810206 0.816578 0.822868 0.829073 0.835188 0.841210 0.847135 0.852958 0.858677 0.864287 0.869783 0.875161 0.880418 0.885549 0.890549 0.895415 0.900142 0.904726 0.909163 0.913447 0.917576 0.921545 0.925350 0.928987 0.932453 0.935742 0.938852 0.941780 0.944521 0.947073 0.949432 0.951597 0.953563 0.955329 0.956893 0.958252 0.959405 0.960351 0.961087 0.961614 0.961930 0.962036 0.961930 0.961614 0.961087 0.960351 0.959405 0.958252 0.956893 0.955329 0.953563 0.951597 0.949432 0.947073 0.944521 0.941780 0.938852 0.935742 0.932453 0.928987 0.925350 0.921545 0.917576 0.913447 0.909163 0.904726 0.900142 0.895415 0.890549 0.885549 0.880418 0.875161 0.869783 0.864287 0.858677 0.852958 0.847135 0.841210 0.835188 0.829073 0.822868 0.816578 0.810206 0.803755 0.797230 0.790634 0.783969 0.777239 0.770448 0.763598 0.756693 0.749735 0.742727 0.735672 0.728572 0.721430 0.714248 0.707030 0.699776 0.692489 0.685172 0.677826 0.670454 0.663057 0.655636 0.648195 0.640734 0.633255 0.625760 0.618250 0.610726 0.603190 0.595644 0.588087 
0.594581 0.602221 0.609854 0.617476 0.625088 0.632688 0.640275 0.647846 0.655401 0.662937 0.670454 0.677949 0.685421 0.692867 0.700286 0.707676 0.715035 0.722359 0.729648 0.736898 0.744108 0.751274 0.758393 0.765464 0.772484 0.779449 0.786356 0.793202 0.799984 0.806699 0.813343 0.819913 0.826405 0.832815 0.839140 0.845375 0.851518 0.857563 0.863506 0.869344 0.875073 0.880687 0.886183 0.891555 0.896801 0.901915 0.906892 0.911729 0.916421 0.920963 0.925350 0.929580 0.933646 0.937546 0.941274 0.944826 0.948200 0.951390 0.954393 0.957206 0.959825 0.962247 0.964469 0.966488 0.968301 0.969907 0.971303 0.972488 0.973459 0.974216 0.974757 0.975082 0.975191 0.975082 0.974757 0.974216 0.973459 0.972488 0.971303 0.969907 0.968301 0.966488 0.964469 0.962247 0.959825 0.957206 0.954393 0.951390 0.948200 0.944826 0.941274 0.937546 0.933646 0.929580 0.925350 0.920963 0.916421 0.911729 0.906892 0.901915 0.896801 0.891555 0.886183 0.880687 0.875073 0.869344 0.863506 0.857563 0.851518 0.845375 0.839140 0.832815 0.826405 0.819913 0.813343 0.806699 0.799984 0.793202 0.786356 0.779449 0.772484 0.765464 0.758393 0.751274 0.744108 0.736898 0.729648 0.722359 0.715035 0.707676 0.700286 0.692867 0.685421 0.677949 0.670454 0.662937 0.655401 0.647846 0.640275 0.632688 0.625088 0.617476 0.609854 0.602221 0.594581 
0.601039 0.608765 0.616484 0.624194 0.631895 0.639586 0.647264 0.654929 0.662579 0.670212 0.677826 0.685421 0.692993 0.700542 0.708064 0.715559 0.723024 0.730456 0.737854 0.745215 0.752536 0.759814 0.767049 0.774235 0.781371 0.788453 0.795478 0.802444 0.809346 0.816182 0.822948 0.829640 0.836255 0.842789 0.849237 0.855597 0.861863 0.868032 0.874099 0.880060 0.885911 0.891647 0.897264 0.902756 0.908121 0.913352 0.918445 0.923395 0.928199 0.932850 0.937345 0.941678 0.945846 0.949844 0.953667 0.957311 0.960771 0.964045 0.967127 0.970015 0.972704 0.975191 0.977473 0.979547 0.981410 0.983060 0.984494 0.985712 0.986710 0.987488 0.988044 0.988378 0.988489 0.988378 0.988044 0.987488 0.986710 0.985712 0.984494 0.983060 0.981410 0.979547 0.977473 0.975191 0.972704 0.970015 0.967127 0.964045 0.960771 0.957311 0.953667 0.949844 0.945846 0.941678 0.937345 0.932850 0.928199 0.923395 0.918445 0.913352 0.908121 0.902756 0.897264 0.891647 0.885911 0.880060 0.874099 0.868032 0.861863 0.855597 0.849237 0.842789 0.836255 0.829640 0.822948 0.816182 0.809346 0.802444 0.795478 0.788453 0.781371 0.774235 0.767049 0.759814 0.752536 0.745215 0.737854 0.730456 0.723024 0.715559 0.708064 0.700542 0.692993 0.685421 0.677826 0.670212 0.662579 0.654929 0.647264 0.639586 0.631895 0.624194 0.616484 0.608765 0.601039 
0.607461 0.615273 0.623078 0.630878 0.638669 0.646451 0.654223 0.661982 0.669728 0.677459 0.685172 0.692867 0.700542 0.708194 0.715822 0.723423 0.730996 0.738538 0.746046 0.753519 0.760954 0.768348 0.775698 0.783002 0.790257 0.797459 0.804606 0.811694 0.818719 0.825679 0.832570 0.839388 0.846129 0.852789 0.859364 0.865851 0.872245 0.878541 0.884735 0.890824 0.896801 0.902663 0.908405 0.914021 0.919509 0.924861 0.930074 0.935142 0.940062 0.944826 0.949432 0.953874 0.958147 0.962247 0.966169 0.969907 0.973459 0.976819 0.979984 0.982950 0.985712 0.988267 0.990611 0.992743 0.994658 0.996354 0.997829 0.999080 1.000107 1.000907 1.001479 1.001822 1.001937 1.001822 1.001479 1.000907 1.000107 0.999080 0.997829 0.996354 0.994658 0.992743 0.990611 0.988267 0.985712 0.982950 0.979984 0.976819 0.973459 0.969907 0.966169 0.962247 0.958147 0.953874 0.949432 0.944826 0.940062 0.935142 0.930074 0.924861 0.919509 0.914021 0.908405 0.902663 0.896801 0.890824 0.884735 0.878541 0.872245 0.865851 0.859364 0.852789 0.846129 0.839388 0.832570 0.825679 0.818719 0.811694 0.804606 0.797459 0.790257 0.783002 0.775698 0.768348 0.760954 0.753519 0.746046 0.738538 0.730996 0.723423 0.715822 0.708194 0.700542 0.692867 0.685172 0.677459 0.669728 0.661982 0.654223 0.646451 0.638669 0.630878 0.623078 0.615273 0.607461 
0.613845 0.621742 0.629636 0.637525 0.645408 0.653282 0.661148 0.669003 0.676846 0.684675 0.692489 0.700286 0.708064 0.715822 0.723556 0.731266 0.738948 0.746601 0.754223 0.761810 0.769361 0.776872 0.784341 0.791765 0.799141 0.806466 0.813736 0.820949 0.828101 0.835188 0.842206 0.849153 0.856023 0.862814 0.869520 0.876137 0.882662 0.889090 0.895415 0.901634 0.907742 0.913734 0.919605 0.925350 0.930965 0.936443 0.941780 0.946970 0.952010 0.956893 0.961614 0.966169 0.970551 0.974757 0.978781 0.982619 0.986266 0.989717 0.992968 0.996014 0.998853 1.001479 1.003889 1.006081 1.008050 1.009794 1.011311 1.012599 1.013655 1.014477 1.015066 1.015420 1.015538 1.015420 1.015066 1.014477 1.013655 1.012599 1.011311 1.009794 1.008050 1.006081 1.003889 1.001479 0.998853 0.996014 0.992968 0.989717 0.986266 0.982619 0.978781 0.974757 0.970551 0.966169 0.961614 0.956893 0.952010 0.946970 0.941780 0.936443 0.930965 0.925350 0.919605 0.913734 0.907742 0.901634 0.895415 0.889090 0.882662 0.876137 0.869520 0.862814 0.856023 0.849153 0.842206 0.835188 0.828101 0.820949 0.813736 0.806466 0.799141 0.791765 0.784341 0.776872 0.769361 0.761810 0.754223 0.746601 0.738948 0.731266 0.723556 0.715822 0.708064 0.700286 0.692489 0.684675 0.676846 0.669003 0.661148 0.653282 0.645408 0.637525 0.629636 0.621742 0.613845 
0.620187 0.628173 0.636155 0.644134 0.652109 0.660077 0.668038 0.675990 0.683931 0.691860 0.699776 0.707676 0.715559 0.723423 0.731266 0.739085 0.746879 0.754646 0.762382 0.770086 0.777754 0.785385 0.792975 0.800521 0.808021 0.815471 0.822868 0.830209 0.837489 0.844706 0.851856 0.858935 0.865938 0.872862 0.879702 0.886454 0.893114 0.899677 0.906138 0.912492 0.918735 0.924861 0.930865 0.936743 0.942489 0.948097 0.953563 0.958881 0.964045 0.969050 0.973891 0.978563 0.983060 0.987376 0.991508 0.995449 0.999194 1.002740 1.006081 1.009212 1.012130 1.014831 1.017310 1.019564 1.021590 1.023385 1.024946 1.026271 1.027358 1.028205 1.028811 1.029175 1.029296 1.029175 1.028811 1.028205 1.027358 1.026271 1.024946 1.023385 1.021590 1.019564 1.017310 1.014831 1.012130 1.009212 1.006081 1.002740 0.999194 0.995449 0.991508 0.987376 0.983060 0.978563 0.973891 0.969050 0.964045 0.958881 0.953563 0.948097 0.942489 0.936743 0.930865 0.924861 0.918735 0.912492 0.906138 0.899677 0.893114 0.886454 0.879702 0.872862 0.865938 0.858935 0.851856 0.844706 0.837489 0.830209 0.822868 0.815471 0.808021 0.800521 0.792975 0.785385 0.777754 0.770086 0.762382 0.754646 0.746879 0.739085 0.731266 0.723423 0.715559 0.707676 0.699776 0.691860 0.683931 0.675990 0.668038 0.660077 0.652109 0.644134 0.636155 0.628173 0.620187 
0.626488 0.634561 0.642633 0.650704 0.658771 0.666833 0.674890 0.682940 0.690981 0.699011 0.707030 0.715035 0.723024 0.730996 0.738948 0.746879 0.754787 0.762668 0.770521 0.778343 0.786131 0.793884 0.801597 0.809268 0.816895 0.824473 0.831999 0.839470 0.846883 0.854233 0.861517 0.868731 0.875871 0.882932 0.889910 0.896801 0.903600 0.910302 0.916902 0.923395 0.929777 0.936042 0.942185 0.948200 0.954082 0.959825 0.965424 0.970873 0.976167 0.981300 0.986266 0.991059 0.995675 1.000107 1.004350 1.008398 1.012247 1.015891 1.019326 1.022546 1.025548 1.028326 1.030877 1.033197 1.035283 1.037130 1.038738 1.040102 1.041222 1.042094 1.042718 1.043093 1.043218 1.043093 1.042718 1.042094 1.041222 1.040102 1.038738 1.037130 1.035283 1.033197 1.030877 1.028326 1.025548 1.022546 1.019326 1.015891 1.012247 1.008398 1.004350 1.000107 0.995675 0.991059 0.986266 0.981300 0.976167 0.970873 0.965424 0.959825 0.954082 0.948200 0.942185 0.936042 0.929777 0.923395 0.916902 0.910302 0.903600 0.896801 0.889910 0.882932 0.875871 0.868731 0.861517 0.854233 0.846883 0.839470 0.831999 0.824473 0.816895 0.809268 0.801597 0.793884 0.786131 0.778343 0.770521 0.762668 0.754787 0.746879 0.738948 0.730996 0.723024 0.715035 0.707030 0.699011 0.690981 0.682940 0.674890 0.666833 0.658771 0.650704 0.642633 0.634561 0.626488 
0.632745 0.640906 0.649069 0.657231 0.665392 0.673550 0.681703 0.689852 0.697993 0.706126 0.714248 0.722359 0.730456 0.738538 0.746601 0.754646 0.762668 0.770666 0.778637 0.786580 0.794491 0.802367 0.810206 0.818005 0.825760 0.833468 0.841127 0.848732 0.856280 0.863766 0.871188 0.878541 0.885820 0.893022 0.900142 0.907175 0.914117 0.920963 0.927706 0.934344 0.940869 0.947278 0.953563 0.959720 0.965743 0.971626 0.977364 0.982950 0.988378 0.993643 0.998739 1.003659 1.008398 1.012950 1.017310 1.021471 1.025427 1.029175 1.032708 1.036021 1.039110 1.041969 1.044596 1.046984 1.049132 1.051036 1.052692 1.054097 1.055251 1.056150 1.056793 1.057179 1.057308 1.057179 1.056793 1.056150 1.055251 1.054097 1.052692 1.051036 1.049132 1.046984 1.044596 1.041969 1.039110 1.036021 1.032708 1.029175 1.025427 1.021471 1.017310 1.012950 1.008398 1.003659 0.998739 0.993643 0.988378 0.982950 0.977364 0.971626 0.965743 0.959720 0.953563 0.947278 0.940869 0.934344 0.927706 0.920963 0.914117 0.907175 0.900142 0.893022 0.885820 0.878541 0.871188 0.863766 0.856280 0.848732 0.841127 0.833468 0.825760 0.818005 0.810206 0.802367 0.794491 0.786580 0.778637 0.770666 0.762668 0.754646 0.746601 0.738538 0.730456 0.722359 0.714248 0.706126 0.697993 0.689852 0.681703 0.673550 0.665392 0.657231 0.649069 0.640906 0.632745 
0.638955 0.647206 0.655460 0.663714 0.671969 0.680223 0.688475 0.696723 0.704966 0.713202 0.721430 0.729648 0.737854 0.746046 0.754223 0.762382 0.770521 0.778637 0.786730 0.794794 0.802829 0.810832 0.818799 0.826727 0.834614 0.842456 0.850249 0.857991 0.865677 0.873303 0.880866 0.888361 0.895784 0.903131 0.910397 0.917576 0.924665 0.931658 0.938550 0.945336 0.952010 0.958566 0.964999 0.971303 0.977473 0.983501 0.989382 0.995110 1.000678 1.006081 1.011311 1.016364 1.021232 1.025909 1.030390 1.034668 1.038738 1.042593 1.046229 1.049639 1.052819 1.055764 1.058470 1.060931 1.063144 1.065106 1.066813 1.068262 1.069451 1.070378 1.071041 1.071440 1.071573 1.071440 1.071041 1.070378 1.069451 1.068262 1.066813 1.065106 1.063144 1.060931 1.058470 1.055764 1.052819 1.049639 1.046229 1.042593 1.038738 1.034668 1.030390 1.025909 1.021232 1.016364 1.011311 1.006081 1.000678 0.995110 0.989382 0.983501 0.977473 0.971303 0.964999 0.958566 0.952010 0.945336 0.938550 0.931658 0.924665 0.917576 0.910397 0.903131 0.895784 0.888361 0.880866 0.873303 0.865677 0.857991 0.850249 0.842456 0.834614 0.826727 0.818799 0.810832 0.802829 0.794794 0.786730 0.778637 0.770521 0.762382 0.754223 0.746046 0.737854 0.729648 0.721430 0.713202 0.704966 0.696723 0.688475 0.680223 0.671969 0.663714 0.655460 0.647206 0.638955 
0.645118 0.653458 0.661803 0.670151 0.678501 0.686852 0.695203 0.703551 0.711897 0.720238 0.728572 0.736898 0.745215 0.753519 0.761810 0.770086 0.778343 0.786580 0.794794 0.802984 0.811145 0.819276 0.827373 0.835434 0.843455 0.851433 0.859364 0.867245 0.875073 0.882842 0.890549 0.898190 0.905761 0.913256 0.920671 0.928002 0.935242 0.942388 0.949432 0.956371 0.963198 0.969907 0.976493 0.982950 0.989270 0.995449 1.001479 1.007354 1.013068 1.018613 1.023985 1.029175 1.034177 1.038986 1.043593 1.047994 1.052182 1.056150 1.059893 1.063405 1.066681 1.069716 1.072504 1.075041 1.077323 1.079346 1.081106 1.082601 1.083828 1.084784 1.085468 1.085880 1.086017 1.085880 1.085468 1.084784 1.083828 1.082601 1.081106 1.079346 1.077323 1.075041 1.072504 1.069716 1.066681 1.063405 1.059893 1.056150 1.052182 1.047994 1.043593 1.038986 1.034177 1.029175 1.023985 1.018613 1.013068 1.007354 1.001479 0.995449 0.989270 0.982950 0.976493 0.969907 0.963198 0.956371 0.949432 0.942388 0.935242 0.928002 0.920671 0.913256 0.905761 0.898190 0.890549 0.882842 0.875073 0.867245 0.859364 0.851433 0.843455 0.835434 0.827373 0.819276 0.811145 0.802984 0.794794 0.786580 0.778343 0.770086 0.761810 0.753519 0.745215 0.736898 0.728572 0.720238 0.711897 0.703551 0.695203 0.686852 0.678501 0.670151 0.661803 0.653458 0.645118 
0.651230 0.659661 0.668098 0.676540 0.684986 0.693434 0.701885 0.710335 0.718784 0.727230 0.735672 0.744108 0.752536 0.760954 0.769361 0.777754 0.786131 0.794491 0.802829 0.811145 0.819435 0.827697 0.835927 0.844122 0.852280 0.860397 0.868469 0.876493 0.884464 0.892380 0.900235 0.908026 0.915748 0.923395 0.930965 0.938450 0.945846 0.953148 0.960351 0.967447 0.974432 0.981300 0.988044 0.994658 1.001135 1.007470 1.013655 1.019683 1.025548 1.031243 1.036760 1.042094 1.047237 1.052182 1.056922 1.061451 1.065762 1.069848 1.073704 1.077323 1.080699 1.083828 1.086703 1.089320 1.091674 1.093761 1.095578 1.097121 1.098387 1.099374 1.100081 1.100505 1.100647 1.100505 1.100081 1.099374 1.098387 1.097121 1.095578 1.093761 1.091674 1.089320 1.086703 1.083828 1.080699 1.077323 1.073704 1.069848 1.065762 1.061451 1.056922 1.052182 1.047237 1.042094 1.036760 1.031243 1.025548 1.019683 1.013655 1.007470 1.001135 0.994658 0.988044 0.981300 0.974432 0.967447 0.960351 0.953148 0.945846 0.938450 0.930965 0.923395 0.915748 0.908026 0.900235 0.892380 0.884464 0.876493 0.868469 0.860397 0.852280 0.844122 0.835927 0.827697 0.819435 0.811145 0.802829 0.794491 0.786131 0.777754 0.769361 0.760954 0.752536 0.744108 0.735672 0.727230 0.718784 0.710335 0.701885 0.693434 0.684986 0.676540 0.668098 0.659661 0.651230 
0.657290 0.665812 0.674341 0.682878 0.691420 0.699967 0.708518 0.717070 0.725624 0.734177 0.742727 0.751274 0.759814 0.768348 0.776872 0.785385 0.793884 0.802367 0.810832 0.819276 0.827697 0.836091 0.844456 0.852789 0.861086 0.869344 0.877560 0.885730 0.893849 0.901915 0.909922 0.917866 0.925742 0.933547 0.941274 0.948918 0.956475 0.963939 0.971303 0.978563 0.985712 0.992743 0.999650 1.006427 1.013068 1.019564 1.025909 1.032097 1.038119 1.043969 1.049639 1.055123 1.060412 1.065499 1.070378 1.075041 1.079481 1.083691 1.087665 1.091396 1.094878 1.098105 1.101072 1.103773 1.106203 1.108358 1.110234 1.111827 1.113135 1.114155 1.114885 1.115323 1.115470 1.115323 1.114885 1.114155 1.113135 1.111827 1.110234 1.108358 1.106203 1.103773 1.101072 1.098105 1.094878 1.091396 1.087665 1.083691 1.079481 1.075041 1.070378 1.065499 1.060412 1.055123 1.049639 1.043969 1.038119 1.032097 1.025909 1.019564 1.013068 1.006427 0.999650 0.992743 0.985712 0.978563 0.971303 0.963939 0.956475 0.948918 0.941274 0.933547 0.925742 0.917866 0.909922 0.901915 0.893849 0.885730 0.877560 0.869344 0.861086 0.852789 0.844456 0.836091 0.827697 0.819276 0.810832 0.802367 0.793884 0.785385 0.776872 0.768348 0.759814 0.751274 0.742727 0.734177 0.725624 0.717070 0.708518 0.699967 0.691420 0.682878 0.674341 0.665812 0.657290 
0.663296 0.671909 0.680531 0.689163 0.697802 0.706448 0.715100 0.723756 0.732415 0.741075 0.749735 0.758393 0.767049 0.775698 0.784341 0.792975 0.801597 0.810206 0.818799 0.827373 0.835927 0.844456 0.852958 0.861431 0.869870 0.878273 0.886636 0.894954 0.903225 0.911443 0.919605 0.927706 0.935742 0.943707 0.951597 0.959405 0.967127 0.974757 0.982289 0.989717 0.997034 1.004234 1.011311 1.018257 1.025066 1.031730 1.038243 1.044596 1.050782 1.056793 1.062622 1.068262 1.073704 1.078941 1.083964 1.088768 1.093343 1.097683 1.101781 1.105630 1.109223 1.112553 1.115616 1.118405 1.120915 1.123141 1.125080 1.126727 1.128079 1.129133 1.129887 1.130341 1.130492 1.130341 1.129887 1.129133 1.128079 1.126727 1.125080 1.123141 1.120915 1.118405 1.115616 1.112553 1.109223 1.105630 1.101781 1.097683 1.093343 1.088768 1.083964 1.078941 1.073704 1.068262 1.062622 1.056793 1.050782 1.044596 1.038243 1.031730 1.025066 1.018257 1.011311 1.004234 0.997034 0.989717 0.982289 0.974757 0.967127 0.959405 0.951597 0.943707 0.935742 0.927706 0.919605 0.911443 0.903225 0.894954 0.886636 0.878273 0.869870 0.861431 0.852958 0.844456 0.835927 0.827373 0.818799 0.810206 0.801597 0.792975 0.784341 0.775698 0.767049 0.758393 0.749735 0.741075 0.732415 0.723756 0.715100 0.706448 0.697802 0.689163 0.680531 0.671909 0.663296 
0.669245 0.677949 0.686665 0.695393 0.704130 0.712876 0.721629 0.730389 0.739154 0.747922 0.756693 0.765464 0.774235 0.783002 0.791765 0.800521 0.809268 0.818005 0.826727 0.835434 0.844122 0.852789 0.861431 0.870046 0.878630 0.887180 0.895692 0.904163 0.912587 0.920963 0.929283 0.937546 0.945744 0.953874 0.961930 0.969907 0.977799 0.985601 0.993305 1.000907 1.008398 1.015773 1.023025 1.030147 1.037130 1.043969 1.050654 1.057179 1.063536 1.069716 1.075711 1.081513 1.087115 1.092508 1.097683 1.102634 1.107351 1.111827 1.116055 1.120028 1.123737 1.127177 1.130341 1.133223 1.135817 1.138119 1.140123 1.141826 1.143224 1.144315 1.145095 1.145564 1.145721 1.145564 1.145095 1.144315 1.143224 1.141826 1.140123 1.138119 1.135817 1.133223 1.130341 1.127177 1.123737 1.120028 1.116055 1.111827 1.107351 1.102634 1.097683 1.092508 1.087115 1.081513 1.075711 1.069716 1.063536 1.057179 1.050654 1.043969 1.037130 1.030147 1.023025 1.015773 1.008398 1.000907 0.993305 0.985601 0.977799 0.969907 0.961930 0.953874 0.945744 0.937546 0.929283 0.920963 0.912587 0.904163 0.895692 0.887180 0.878630 0.870046 0.861431 0.852789 0.844122 0.835434 0.826727 0.818005 0.809268 0.800521 0.791765 0.783002 0.774235 0.765464 0.756693 0.747922 0.739154 0.730389 0.721629 0.712876 0.704130 0.695393 0.686665 0.677949 0.669245 
0.675134 0.683931 0.692741 0.701565 0.710400 0.719246 0.728102 0.736966 0.745838 0.754716 0.763598 0.772484 0.781371 0.790257 0.799141 0.808021 0.816895 0.825760 0.834614 0.843455 0.852280 0.861086 0.869870 0.878630 0.887362 0.896061 0.904726 0.913352 0.921934 0.930469 0.938953 0.947380 0.955746 0.964045 0.972272 0.980422 0.988489 0.996467 1.004350 1.012130 1.019802 1.027358 1.034791 1.042094 1.049259 1.056278 1.063144 1.069848 1.076382 1.082737 1.088906 1.094878 1.100647 1.106203 1.111537 1.116642 1.121508 1.126127 1.130492 1.134594 1.138426 1.141981 1.145252 1.148232 1.150915 1.153296 1.155370 1.157132 1.158579 1.159708 1.160516 1.161002 1.161164 1.161002 1.160516 1.159708 1.158579 1.157132 1.155370 1.153296 1.150915 1.148232 1.145252 1.141981 1.138426 1.134594 1.130492 1.126127 1.121508 1.116642 1.111537 1.106203 1.100647 1.094878 1.088906 1.082737 1.076382 1.069848 1.063144 1.056278 1.049259 1.042094 1.034791 1.027358 1.019802 1.012130 1.004350 0.996467 0.988489 0.980422 0.972272 0.964045 0.955746 0.947380 0.938953 0.930469 0.921934 0.913352 0.904726 0.896061 0.887362 0.878630 0.869870 0.861086 0.852280 0.843455 0.834614 0.825760 0.816895 0.808021 0.799141 0.790257 0.781371 0.772484 0.763598 0.754716 0.745838 0.736966 0.728102 0.719246 0.710400 0.701565 0.692741 0.683931 0.675134 
0.680963 0.689852 0.698756 0.707676 0.716610 0.725557 0.734516 0.743486 0.752465 0.761453 0.770448 0.779449 0.788453 0.797459 0.806466 0.815471 0.824473 0.833468 0.842456 0.851433 0.860397 0.869344 0.878273 0.887180 0.896061 0.904914 0.913734 0.922518 0.931262 0.939961 0.948610 0.957206 0.965743 0.974216 0.982619 0.990947 0.999194 1.007354 1.015420 1.023385 1.031243 1.038986 1.046606 1.054097 1.061451 1.068658 1.075711 1.082601 1.089320 1.095858 1.102207 1.108358 1.114301 1.120028 1.125528 1.130795 1.135817 1.140587 1.145095 1.149334 1.153296 1.156972 1.160355 1.163438 1.166215 1.168680 1.170827 1.172653 1.174152 1.175321 1.176158 1.176661 1.176829 1.176661 1.176158 1.175321 1.174152 1.172653 1.170827 1.168680 1.166215 1.163438 1.160355 1.156972 1.153296 1.149334 1.145095 1.140587 1.135817 1.130795 1.125528 1.120028 1.114301 1.108358 1.102207 1.095858 1.089320 1.082601 1.075711 1.068658 1.061451 1.054097 1.046606 1.038986 1.031243 1.023385 1.015420 1.007354 0.999194 0.990947 0.982619 0.974216 0.965743 0.957206 0.948610 0.939961 0.931262 0.922518 0.913734 0.904914 0.896061 0.887180 0.878273 0.869344 0.860397 0.851433 0.842456 0.833468 0.824473 0.815471 0.806466 0.797459 0.788453 0.779449 0.770448 0.761453 0.752465 0.743486 0.734516 0.725557 0.716610 0.707676 0.698756 0.689852 0.680963 
0.686728 0.695709 0.704708 0.713725 0.722758 0.731806 0.740869 0.749945 0.759032 0.768131 0.777239 0.786356 0.795478 0.804606 0.813736 0.822868 0.831999 0.841127 0.850249 0.859364 0.868469 0.877560 0.886636 0.895692 0.904726 0.913734 0.922713 0.931658 0.940566 0.949432 0.958252 0.967021 0.975733 0.984384 0.992968 1.001479 1.009911 1.018257 1.026512 1.034668 1.042718 1.050654 1.058470 1.066155 1.073704 1.081106 1.088354 1.095438 1.102349 1.109078 1.115616 1.121953 1.128079 1.133984 1.139660 1.145095 1.150282 1.155210 1.159870 1.164253 1.168350 1.172154 1.175656 1.178848 1.181725 1.184278 1.186503 1.188395 1.189949 1.191162 1.192030 1.192551 1.192725 1.192551 1.192030 1.191162 1.189949 1.188395 1.186503 1.184278 1.181725 1.178848 1.175656 1.172154 1.168350 1.164253 1.159870 1.155210 1.150282 1.145095 1.139660 1.133984 1.128079 1.121953 1.115616 1.109078 1.102349 1.095438 1.088354 1.081106 1.073704 1.066155 1.058470 1.050654 1.042718 1.034668 1.026512 1.018257 1.009911 1.001479 0.992968 0.984384 0.975733 0.967021 0.958252 0.949432 0.940566 0.931658 0.922713 0.913734 0.904726 0.895692 0.886636 0.877560 0.868469 0.859364 0.850249 0.841127 0.831999 0.822868 0.813736 0.804606 0.795478 0.786356 0.777239 0.768131 0.759032 0.749945 0.740869 0.731806 0.722758 0.713725 0.704708 0.695709 0.686728 
0.692426 0.701501 0.710595 0.719708 0.728841 0.737991 0.747157 0.756340 0.765536 0.774747 0.783969 0.793202 0.802444 0.811694 0.820949 0.830209 0.839470 0.848732 0.857991 0.867245 0.876493 0.885730 0.894954 0.904163 0.913352 0.922518 0.931658 0.940768 0.949844 0.958881 0.967874 0.976819 0.985712 0.994545 1.003314 1.012013 1.020635 1.029175 1.037624 1.045977 1.054225 1.062362 1.070378 1.078266 1.086017 1.093622 1.101072 1.108358 1.115470 1.122398 1.129133 1.135664 1.141981 1.148074 1.153933 1.159547 1.164906 1.170000 1.174819 1.179354 1.183596 1.187534 1.191162 1.194470 1.197451 1.200098 1.202406 1.204368 1.205980 1.207238 1.208139 1.208681 1.208861 1.208681 1.208139 1.207238 1.205980 1.204368 1.202406 1.200098 1.197451 1.194470 1.191162 1.187534 1.183596 1.179354 1.174819 1.170000 1.164906 1.159547 1.153933 1.148074 1.141981 1.135664 1.129133 1.122398 1.115470 1.108358 1.101072 1.093622 1.086017 1.078266 1.070378 1.062362 1.054225 1.045977 1.037624 1.029175 1.020635 1.012013 1.003314 0.994545 0.985712 0.976819 0.967874 0.958881 0.949844 0.940768 0.931658 0.922518 0.913352 0.904163 0.894954 0.885730 0.876493 0.867245 0.857991 0.848732 0.839470 0.830209 0.820949 0.811694 0.802444 0.793202 0.783969 0.774747 0.765536 0.756340 0.747157 0.737991 0.728841 0.719708 0.710595 0.701501 0.692426 
0.698057 0.707224 0.716413 0.725624 0.734856 0.744108 0.753379 0.762668 0.771974 0.781297 0.790634 0.799984 0.809346 0.818719 0.828101 0.837489 0.846883 0.856280 0.865677 0.875073 0.884464 0.893849 0.903225 0.912587 0.921934 0.931262 0.940566 0.949844 0.959090 0.968301 0.977473 0.986599 0.995675 1.004695 1.013655 1.022546 1.031365 1.040102 1.048753 1.057308 1.065762 1.074105 1.082329 1.090426 1.098387 1.106203 1.113863 1.121359 1.128681 1.135817 1.142758 1.149492 1.156010 1.162299 1.168350 1.174152 1.179692 1.184962 1.189949 1.194644 1.199037 1.203119 1.206879 1.210309 1.213401 1.216149 1.218544 1.220581 1.222255 1.223561 1.224497 1.225059 1.225247 1.225059 1.224497 1.223561 1.222255 1.220581 1.218544 1.216149 1.213401 1.210309 1.206879 1.203119 1.199037 1.194644 1.189949 1.184962 1.179692 1.174152 1.168350 1.162299 1.156010 1.149492 1.142758 1.135817 1.128681 1.121359 1.113863 1.106203 1.098387 1.090426 1.082329 1.074105 1.065762 1.057308 1.048753 1.040102 1.031365 1.022546 1.013655 1.004695 0.995675 0.986599 0.977473 0.968301 0.959090 0.949844 0.940566 0.931262 0.921934 0.912587 0.903225 0.893849 0.884464 0.875073 0.865677 0.856280 0.846883 0.837489 0.828101 0.818719 0.809346 0.799984 0.790634 0.781297 0.771974 0.762668 0.753379 0.744108 0.734856 0.725624 0.716413 0.707224 0.698057 
0.703616 0.712876 0.722160 0.731468 0.740800 0.750154 0.759530 0.768927 0.778343 0.787778 0.797230 0.806699 0.816182 0.825679 0.835188 0.844706 0.854233 0.863766 0.873303 0.882842 0.892380 0.901915 0.911443 0.920963 0.930469 0.939961 0.949432 0.958881 0.968301 0.977690 0.987043 0.996354 1.005618 1.014831 1.023985 1.033075 1.042094 1.051036 1.059893 1.068658 1.077323 1.085880 1.094319 1.102634 1.110813 1.118847 1.126727 1.134442 1.141981 1.149334 1.156490 1.163438 1.170165 1.176661 1.182914 1.188913 1.194644 1.200098 1.205263 1.210128 1.214681 1.218913 1.222814 1.226374 1.229584 1.232437 1.234925 1.237042 1.238781 1.240139 1.241112 1.241696 1.241891 1.241696 1.241112 1.240139 1.238781 1.237042 1.234925 1.232437 1.229584 1.226374 1.222814 1.218913 1.214681 1.210128 1.205263 1.200098 1.194644 1.188913 1.182914 1.176661 1.170165 1.163438 1.156490 1.149334 1.141981 1.134442 1.126727 1.118847 1.110813 1.102634 1.094319 1.085880 1.077323 1.068658 1.059893 1.051036 1.042094 1.033075 1.023985 1.014831 1.005618 0.996354 0.987043 0.977690 0.968301 0.958881 0.949432 0.939961 0.930469 0.920963 0.911443 0.901915 0.892380 0.882842 0.873303 0.863766 0.854233 0.844706 0.835188 0.825679 0.816182 0.806699 0.797230 0.787778 0.778343 0.768927 0.759530 0.750154 0.740800 0.731468 0.722160 0.712876 0.703616 
0.709101 0.718454 0.727833 0.737239 0.746671 0.756127 0.765608 0.775112 0.784639 0.794187 0.803755 0.813343 0.822948 0.832570 0.842206 0.851856 0.861517 0.871188 0.880866 0.890549 0.900235 0.909922 0.919605 0.929283 0.938953 0.948610 0.958252 0.967874 0.977473 0.987043 0.996581 1.006081 1.015538 1.024946 1.034300 1.043593 1.052819 1.061971 1.071041 1.080022 1.088906 1.097683 1.106346 1.114885 1.123290 1.131552 1.139660 1.147603 1.155370 1.162950 1.170331 1.177501 1.184449 1.191162 1.197627 1.203832 1.209766 1.215414 1.220766 1.225810 1.230533 1.234925 1.238975 1.242672 1.246008 1.248973 1.251560 1.253761 1.255570 1.256983 1.257995 1.258603 1.258806 1.258603 1.257995 1.256983 1.255570 1.253761 1.251560 1.248973 1.246008 1.242672 1.238975 1.234925 1.230533 1.225810 1.220766 1.215414 1.209766 1.203832 1.197627 1.191162 1.184449 1.177501 1.170331 1.162950 1.155370 1.147603 1.139660 1.131552 1.123290 1.114885 1.106346 1.097683 1.088906 1.080022 1.071041 1.061971 1.052819 1.043593 1.034300 1.024946 1.015538 1.006081 0.996581 0.987043 0.977473 0.967874 0.958252 0.948610 0.938953 0.929283 0.919605 0.909922 0.900235 0.890549 0.880866 0.871188 0.861517 0.851856 0.842206 0.832570 0.822948 0.813343 0.803755 0.794187 0.784639 0.775112 0.765608 0.756127 0.746671 0.737239 0.727833 0.718454 0.709101 
0.714510 0.723956 0.733430 0.742934 0.752465 0.762025 0.771610 0.781223 0.790860 0.800521 0.810206 0.819913 0.829640 0.839388 0.849153 0.858935 0.868731 0.878541 0.888361 0.898190 0.908026 0.917866 0.927706 0.937546 0.947380 0.957206 0.967021 0.976819 0.986599 0.996354 1.006081 1.015773 1.025427 1.035037 1.044596 1.054097 1.063536 1.072903 1.082193 1.091396 1.100505 1.109511 1.118405 1.127177 1.135817 1.144315 1.152660 1.160840 1.168845 1.176661 1.184278 1.191682 1.198861 1.205801 1.212490 1.218913 1.225059 1.230913 1.236463 1.241696 1.246599 1.251161 1.255369 1.259212 1.262681 1.265766 1.268457 1.270748 1.272632 1.274103 1.275157 1.275791 1.276002 1.275791 1.275157 1.274103 1.272632 1.270748 1.268457 1.265766 1.262681 1.259212 1.255369 1.251161 1.246599 1.241696 1.236463 1.230913 1.225059 1.218913 1.212490 1.205801 1.198861 1.191682 1.184278 1.176661 1.168845 1.160840 1.152660 1.144315 1.135817 1.127177 1.118405 1.109511 1.100505 1.091396 1.082193 1.072903 1.063536 1.054097 1.044596 1.035037 1.025427 1.015773 1.006081 0.996354 0.986599 0.976819 0.967021 0.957206 0.947380 0.937546 0.927706 0.917866 0.908026 0.898190 0.888361 0.878541 0.868731 0.858935 0.849153 0.839388 0.829640 0.819913 0.810206 0.800521 0.790860 0.781223 0.771610 0.762025 0.752465 0.742934 0.733430 0.723956 0.714510 
0.719841 0.729379 0.738948 0.748549 0.758181 0.767842 0.777533 0.787253 0.797001 0.806777 0.816578 0.826405 0.836255 0.846129 0.856023 0.865938 0.875871 0.885820 0.895784 0.905761 0.915748 0.925742 0.935742 0.945744 0.955746 0.965743 0.975733 0.985712 0.995675 1.005618 1.015538 1.025427 1.035283 1.045097 1.054866 1.064582 1.074238 1.083828 1.093343 1.102776 1.112118 1.121359 1.130492 1.139505 1.148389 1.157132 1.165724 1.174152 1.182404 1.190468 1.198332 1.205980 1.213401 1.220581 1.227504 1.234158 1.240528 1.246599 1.252359 1.257792 1.262886 1.267627 1.272003 1.276002 1.279613 1.282825 1.285629 1.288016 1.289979 1.291513 1.292611 1.293272 1.293493 1.293272 1.292611 1.291513 1.289979 1.288016 1.285629 1.282825 1.279613 1.276002 1.272003 1.267627 1.262886 1.257792 1.252359 1.246599 1.240528 1.234158 1.227504 1.220581 1.213401 1.205980 1.198332 1.190468 1.182404 1.174152 1.165724 1.157132 1.148389 1.139505 1.130492 1.121359 1.112118 1.102776 1.093343 1.083828 1.074238 1.064582 1.054866 1.045097 1.035283 1.025427 1.015538 1.005618 0.995675 0.985712 0.975733 0.965743 0.955746 0.945744 0.935742 0.925742 0.915748 0.905761 0.895784 0.885820 0.875871 0.865938 0.856023 0.846129 0.836255 0.826405 0.816578 0.806777 0.797001 0.787253 0.777533 0.767842 0.758181 0.748549 0.738948 0.729379 0.719841 
0.725089 0.734720 0.744384 0.754082 0.763813 0.773578 0.783374 0.793202 0.803061 0.812950 0.822868 0.832815 0.842789 0.852789 0.862814 0.872862 0.882932 0.893022 0.903131 0.913256 0.923395 0.933547 0.943707 0.953874 0.964045 0.974216 0.984384 0.994545 1.004695 1.014831 1.024946 1.035037 1.045097 1.055123 1.065106 1.075041 1.084921 1.094739 1.104486 1.114155 1.123737 1.133223 1.142602 1.151866 1.161002 1.170000 1.178848 1.187534 1.196045 1.204368 1.212490 1.220395 1.228071 1.235501 1.242672 1.249569 1.256175 1.262476 1.268457 1.274103 1.279400 1.284332 1.288887 1.293052 1.296814 1.300161 1.303085 1.305574 1.307623 1.309223 1.310370 1.311059 1.311290 1.311059 1.310370 1.309223 1.307623 1.305574 1.303085 1.300161 1.296814 1.293052 1.288887 1.284332 1.279400 1.274103 1.268457 1.262476 1.256175 1.249569 1.242672 1.235501 1.228071 1.220395 1.212490 1.204368 1.196045 1.187534 1.178848 1.170000 1.161002 1.151866 1.142602 1.133223 1.123737 1.114155 1.104486 1.094739 1.084921 1.075041 1.065106 1.055123 1.045097 1.035037 1.024946 1.014831 1.004695 0.994545 0.984384 0.974216 0.964045 0.953874 0.943707 0.933547 0.923395 0.913256 0.903131 0.893022 0.882932 0.872862 0.862814 0.852789 0.842789 0.832815 0.822868 0.812950 0.803061 0.793202 0.783374 0.773578 0.763813 0.754082 0.744384 0.734720 0.725089 
0.730254 0.739976 0.749735 0.759530 0.769361 0.779227 0.789129 0.799065 0.809034 0.819037 0.829073 0.839140 0.849237 0.859364 0.869520 0.879702 0.889910 0.900142 0.910397 0.920671 0.930965 0.941274 0.951597 0.961930 0.972272 0.982619 0.992968 1.003314 1.013655 1.023985 1.034300 1.044596 1.054866 1.065106 1.075309 1.085468 1.095578 1.105630 1.115616 1.125528 1.135358 1.145095 1.154730 1.164253 1.173651 1.182914 1.192030 1.200985 1.209766 1.218359 1.226750 1.234925 1.242868 1.250563 1.257995 1.265147 1.272003 1.278548 1.284764 1.290636 1.296147 1.301283 1.306029 1.310370 1.314293 1.317786 1.320837 1.323437 1.325576 1.327248 1.328446 1.329167 1.329407 1.329167 1.328446 1.327248 1.325576 1.323437 1.320837 1.317786 1.314293 1.310370 1.306029 1.301283 1.296147 1.290636 1.284764 1.278548 1.272003 1.265147 1.257995 1.250563 1.242868 1.234925 1.226750 1.218359 1.209766 1.200985 1.192030 1.182914 1.173651 1.164253 1.154730 1.145095 1.135358 1.125528 1.115616 1.105630 1.095578 1.085468 1.075309 1.065106 1.054866 1.044596 1.034300 1.023985 1.013655 1.003314 0.992968 0.982619 0.972272 0.961930 0.951597 0.941274 0.930965 0.920671 0.910397 0.900142 0.889910 0.879702 0.869520 0.859364 0.849237 0.839140 0.829073 0.819037 0.809034 0.799065 0.789129 0.779227 0.769361 0.759530 0.749735 0.739976 0.730254 
0.735332 0.745145 0.754998 0.764890 0.774820 0.784788 0.794794 0.804838 0.814919 0.825035 0.835188 0.845375 0.855597 0.865851 0.876137 0.886454 0.896801 0.907175 0.917576 0.928002 0.938450 0.948918 0.959405 0.969907 0.980422 0.990947 1.001479 1.012013 1.022546 1.033075 1.043593 1.054097 1.064582 1.075041 1.085468 1.095858 1.106203 1.116495 1.126727 1.136890 1.146974 1.156972 1.166871 1.176661 1.186332 1.195870 1.205263 1.214498 1.223561 1.232437 1.241112 1.249569 1.257792 1.265766 1.273472 1.280895 1.288016 1.294818 1.301283 1.307395 1.313135 1.318488 1.323437 1.327966 1.332062 1.335710 1.338898 1.341616 1.343853 1.345601 1.346854 1.347608 1.347860 1.347608 1.346854 1.345601 1.343853 1.341616 1.338898 1.335710 1.332062 1.327966 1.323437 1.318488 1.313135 1.307395 1.301283 1.294818 1.288016 1.280895 1.273472 1.265766 1.257792 1.249569 1.241112 1.232437 1.223561 1.214498 1.205263 1.195870 1.186332 1.176661 1.166871 1.156972 1.146974 1.136890 1.126727 1.116495 1.106203 1.095858 1.085468 1.075041 1.064582 1.054097 1.043593 1.033075 1.022546 1.012013 1.001479 0.990947 0.980422 0.969907 0.959405 0.948918 0.938450 0.928002 0.917576 0.907175 0.896801 0.886454 0.876137 0.865851 0.855597 0.845375 0.835188 0.825035 0.814919 0.804838 0.794794 0.784788 0.774820 0.764890 0.754998 0.745145 0.735332 
0.740319 0.750224 0.760170 0.770158 0.780187 0.790257 0.800368 0.810519 0.820710 0.830940 0.841210 0.851518 0.861863 0.872245 0.882662 0.893114 0.903600 0.914117 0.924665 0.935242 0.945846 0.956475 0.967127 0.977799 0.988489 0.999194 1.009911 1.020635 1.031365 1.042094 1.052819 1.063536 1.074238 1.084921 1.095578 1.106203 1.116788 1.127327 1.137811 1.148232 1.158579 1.168845 1.179017 1.189085 1.199037 1.208861 1.218544 1.228071 1.237428 1.246599 1.255570 1.264323 1.272842 1.281109 1.289105 1.296814 1.304215 1.311290 1.318020 1.324386 1.330370 1.335954 1.341120 1.345851 1.350132 1.353946 1.357281 1.360125 1.362467 1.364298 1.365611 1.366400 1.366664 1.366400 1.365611 1.364298 1.362467 1.360125 1.357281 1.353946 1.350132 1.345851 1.341120 1.335954 1.330370 1.324386 1.318020 1.311290 1.304215 1.296814 1.289105 1.281109 1.272842 1.264323 1.255570 1.246599 1.237428 1.228071 1.218544 1.208861 1.199037 1.189085 1.179017 1.168845 1.158579 1.148232 1.137811 1.127327 1.116788 1.106203 1.095578 1.084921 1.074238 1.063536 1.052819 1.042094 1.031365 1.020635 1.009911 0.999194 0.988489 0.977799 0.967127 0.956475 0.945846 0.935242 0.924665 0.914117 0.903600 0.893114 0.882662 0.872245 0.861863 0.851518 0.841210 0.830940 0.820710 0.810519 0.800368 0.790257 0.780187 0.770158 0.760170 0.750224 0.740319 
0.745215 0.755210 0.765249 0.775332 0.785459 0.795630 0.805845 0.816103 0.826405 0.836749 0.847135 0.857563 0.868032 0.878541 0.889090 0.899677 0.910302 0.920963 0.931658 0.942388 0.953148 0.963939 0.974757 0.985601 0.996467 1.007354 1.018257 1.029175 1.040102 1.051036 1.061971 1.072903 1.083828 1.094739 1.105630 1.116495 1.127327 1.138119 1.148861 1.159547 1.170165 1.180707 1.191162 1.201517 1.211761 1.221882 1.231865 1.241696 1.251360 1.260841 1.270122 1.279187 1.288016 1.296591 1.304894 1.312904 1.320602 1.327966 1.334978 1.341616 1.347860 1.353691 1.359089 1.364036 1.368514 1.372507 1.376001 1.378980 1.381435 1.383355 1.384731 1.385560 1.385836 1.385560 1.384731 1.383355 1.381435 1.378980 1.376001 1.372507 1.368514 1.364036 1.359089 1.353691 1.347860 1.341616 1.334978 1.327966 1.320602 1.312904 1.304894 1.296591 1.288016 1.279187 1.270122 1.260841 1.251360 1.241696 1.231865 1.221882 1.211761 1.201517 1.191162 1.180707 1.170165 1.159547 1.148861 1.138119 1.127327 1.116495 1.105630 1.094739 1.083828 1.072903 1.061971 1.051036 1.040102 1.029175 1.018257 1.007354 0.996467 0.985601 0.974757 0.963939 0.953148 0.942388 0.931658 0.920963 0.910302 0.899677 0.889090 0.878541 0.868032 0.857563 0.847135 0.836749 0.826405 0.816103 0.805845 0.795630 0.785459 0.775332 0.765249 0.755210 0.745215 
0.750014 0.760099 0.770231 0.780409 0.790634 0.800905 0.811223 0.821588 0.831999 0.842456 0.852958 0.863506 0.874099 0.884735 0.895415 0.906138 0.916902 0.927706 0.938550 0.949432 0.960351 0.971303 0.982289 0.993305 1.004350 1.015420 1.026512 1.037624 1.048753 1.059893 1.071041 1.082193 1.093343 1.104486 1.115616 1.126727 1.137811 1.148861 1.159870 1.170827 1.181725 1.192551 1.203297 1.213949 1.224497 1.234925 1.245221 1.255369 1.265353 1.275157 1.284764 1.294155 1.303310 1.312211 1.320837 1.329167 1.337178 1.344851 1.352162 1.359089 1.365611 1.371705 1.377352 1.382531 1.387222 1.391407 1.395071 1.398197 1.400773 1.402789 1.404235 1.405105 1.405395 1.405105 1.404235 1.402789 1.400773 1.398197 1.395071 1.391407 1.387222 1.382531 1.377352 1.371705 1.365611 1.359089 1.352162 1.344851 1.337178 1.329167 1.320837 1.312211 1.303310 1.294155 1.284764 1.275157 1.265353 1.255369 1.245221 1.234925 1.224497 1.213949 1.203297 1.192551 1.181725 1.170827 1.159870 1.148861 1.137811 1.126727 1.115616 1.104486 1.093343 1.082193 1.071041 1.059893 1.048753 1.037624 1.026512 1.015420 1.004350 0.993305 0.982289 0.971303 0.960351 0.949432 0.938550 0.927706 0.916902 0.906138 0.895415 0.884735 0.874099 0.863506 0.852958 0.842456 0.831999 0.821588 0.811223 0.800905 0.790634 0.780409 0.770231 0.760099 0.750014 
0.754716 0.764890 0.775112 0.785385 0.795707 0.806078 0.816499 0.826969 0.837489 0.848059 0.858677 0.869344 0.880060 0.890824 0.901634 0.912492 0.923395 0.934344 0.945336 0.956371 0.967447 0.978563 0.989717 1.000907 1.012130 1.023385 1.034668 1.045977 1.057308 1.068658 1.080022 1.091396 1.102776 1.114155 1.125528 1.136890 1.148232 1.159547 1.170827 1.182064 1.193248 1.204368 1.215414 1.226374 1.237235 1.247982 1.258603 1.269081 1.279400 1.289542 1.299490 1.309223 1.318722 1.327966 1.336933 1.345601 1.353946 1.361945 1.369575 1.376811 1.383630 1.390007 1.395921 1.401348 1.406268 1.410660 1.414507 1.417792 1.420500 1.422619 1.424140 1.425055 1.425360 1.425055 1.424140 1.422619 1.420500 1.417792 1.414507 1.410660 1.406268 1.401348 1.395921 1.390007 1.383630 1.376811 1.369575 1.361945 1.353946 1.345601 1.336933 1.327966 1.318722 1.309223 1.299490 1.289542 1.279400 1.269081 1.258603 1.247982 1.237235 1.226374 1.215414 1.204368 1.193248 1.182064 1.170827 1.159547 1.148232 1.136890 1.125528 1.114155 1.102776 1.091396 1.080022 1.068658 1.057308 1.045977 1.034668 1.023385 1.012130 1.000907 0.989717 0.978563 0.967447 0.956371 0.945336 0.934344 0.923395 0.912492 0.901634 0.890824 0.880060 0.869344 0.858677 0.848059 0.837489 0.826969 0.816499 0.806078 0.795707 0.785385 0.775112 0.764890 0.754716 
