85 85
7.117853e+00 0 5
-0.166554 -0.156272 -0.146022 -0.135811 -0.125644 -0.115529 -0.105472 -0.095482 -0.085566 -0.075733 -0.065991 -0.056351 -0.046823 -0.037415 -0.028141 -0.019011 -0.010037 -0.001231 0.007393 0.015823 0.024044 0.032043 0.039805 0.047315 0.054559 0.061523 0.068190 0.074545 0.080575 0.086264 0.091599 0.096564 0.101148 0.105337 0.109119 0.112484 0.115421 0.117922 0.119979 0.121586 0.122737 0.123430 0.123661 0.123430 0.122737 0.121586 0.119979 0.117922 0.115421 0.112484 0.109119 0.105337 0.101148 0.096564 0.091599 0.086264 0.080575 0.074545 0.068190 0.061523 0.054559 0.047315 0.039805 0.032043 0.024044 0.015823 0.007393 -0.001231 -0.010037 -0.019011 -0.028141 -0.037415 -0.046823 -0.056351 -0.065991 -0.075733 -0.085566 -0.095482 -0.105472 -0.115529 -0.125644 -0.135811 -0.146022 -0.156272 -0.166554 
-0.156522 -0.146022 -0.135549 -0.125110 -0.114710 -0.104357 -0.094058 -0.083820 -0.073652 -0.063562 -0.053560 -0.043655 -0.033858 -0.024179 -0.014631 -0.005223 0.004029 0.013115 0.022020 0.030731 0.039232 0.047509 0.055548 0.063331 0.070844 0.078070 0.084994 0.091599 0.097869 0.103789 0.109342 0.114515 0.119293 0.123661 0.127607 0.131118 0.134185 0.136798 0.138947 0.140626 0.141829 0.142552 0.142794 0.142552 0.141829 0.140626 0.138947 0.136798 0.134185 0.131118 0.127607 0.123661 0.119293 0.114515 0.109342 0.103789 0.097869 0.091599 0.084994 0.078070 0.070844 0.063331 0.055548 0.047509 0.039232 0.030731 0.022020 0.013115 0.004029 -0.005223 -0.014631 -0.024179 -0.033858 -0.043655 -0.053560 -0.063562 -0.073652 -0.083820 -0.094058 -0.104357 -0.114710 -0.125110 -0.135549 -0.146022 -0.156522 
-0.146533 -0.135811 -0.125110 -0.114437 -0.103798 -0.093201 -0.082652 -0.072160 -0.061732 -0.051377 -0.041106 -0.030927 -0.020852 -0.010891 -0.001057 0.008639 0.018182 0.027561 0.036759 0.045764 0.054559 0.063130 0.071459 0.079530 0.087326 0.094831 0.102026 0.108896 0.115421 0.121586 0.127373 0.132767 0.137751 0.142311 0.146432 0.150102 0.153307 0.156039 0.158286 0.160043 0.161302 0.162059 0.162312 0.162059 0.161302 0.160043 0.158286 0.156039 0.153307 0.150102 0.146432 0.142311 0.137751 0.132767 0.127373 0.121586 0.115421 0.108896 0.102026 0.094831 0.087326 0.079530 0.071459 0.063130 0.054559 0.045764 0.036759 0.027561 0.018182 0.008639 -0.001057 -0.010891 -0.020852 -0.030927 -0.041106 -0.051377 -0.061732 -0.072160 -0.082652 -0.093201 -0.103798 -0.114437 -0.125110 -0.135811 -0.146533 
-0.136594 -0.125644 -0.114710 -0.103798 -0.092915 -0.082067 -0.071262 -0.060507 -0.049812 -0.039184 -0.028634 -0.018172 -0.007808 0.002445 0.012576 0.022571 0.032418 0.042102 0.051608 0.060922 0.070025 0.078904 0.087539 0.095913 0.104010 0.111809 0.119293 0.126442 0.133239 0.139665 0.145702 0.151332 0.156537 0.161302 0.165611 0.169449 0.172803 0.175663 0.178017 0.179856 0.181176 0.181969 0.182234 0.181969 0.181176 0.179856 0.178017 0.175663 0.172803 0.169449 0.165611 0.161302 0.156537 0.151332 0.145702 0.139665 0.133239 0.126442 0.119293 0.111809 0.104010 0.095913 0.087539 0.078904 0.070025 0.060922 0.051608 0.042102 0.032418 0.022571 0.012576 0.002445 -0.007808 -0.018172 -0.028634 -0.039184 -0.049812 -0.060507 -0.071262 -0.082067 -0.092915 -0.103798 -0.114710 -0.125644 -0.136594 
-0.126710 -0.115529 -0.104357 -0.093201 -0.082067 -0.070962 -0.059894 -0.048870 -0.037898 -0.026989 -0.016152 -0.005396 0.005266 0.015823 0.026262 0.036570 0.046733 0.056736 0.066564 0.076201 0.085629 0.094831 0.103789 0.112484 0.120897 0.129008 0.136798 0.144246 0.151332 0.158036 0.164339 0.170221 0.175663 0.180647 0.185157 0.189177 0.192692 0.195689 0.198157 0.200087 0.201471 0.202303 0.202581 0.202303 0.201471 0.200087 0.198157 0.195689 0.192692 0.189177 0.185157 0.180647 0.175663 0.170221 0.164339 0.158036 0.151332 0.144246 0.136798 0.129008 0.120897 0.112484 0.103789 0.094831 0.085629 0.076201 0.066564 0.056736 0.046733 0.036570 0.026262 0.015823 0.005266 -0.005396 -0.016152 -0.026989 -0.037898 -0.048870 -0.059894 -0.070962 -0.082067 -0.093201 -0.104357 -0.115529 -0.126710 
-0.116890 -0.105472 -0.094058 -0.082652 -0.071262 -0.059894 -0.048555 -0.037254 -0.025999 -0.014800 -0.003665 0.007393 0.018364 0.029236 0.039996 0.050629 0.061122 0.071459 0.081623 0.091599 0.101367 0.110910 0.120208 0.129242 0.137990 0.146432 0.154547 0.162312 0.169706 0.176707 0.183295 0.189447 0.195143 0.200363 0.205090 0.209305 0.212992 0.216138 0.218729 0.220756 0.222210 0.223084 0.223376 0.223084 0.222210 0.220756 0.218729 0.216138 0.212992 0.209305 0.205090 0.200363 0.195143 0.189447 0.183295 0.176707 0.169706 0.162312 0.154547 0.146432 0.137990 0.129242 0.120208 0.110910 0.101367 0.091599 0.081623 0.071459 0.061122 0.050629 0.039996 0.029236 0.018364 0.007393 -0.003665 -0.014800 -0.025999 -0.037254 -0.048555 -0.059894 -0.071262 -0.082652 -0.094058 -0.105472 -0.116890 
-0.107140 -0.095482 -0.083820 -0.072160 -0.060507 -0.048870 -0.037254 -0.025669 -0.014122 -0.002624 0.008817 0.020189 0.031480 0.042678 0.053771 0.064743 0.075579 0.086264 0.096782 0.107112 0.117239 0.127140 0.136798 0.146189 0.155292 0.164085 0.172544 0.180647 0.188370 0.195689 0.202581 0.209022 0.214991 0.220466 0.225425 0.229851 0.233725 0.237031 0.239755 0.241887 0.243416 0.244337 0.244644 0.244337 0.243416 0.241887 0.239755 0.237031 0.233725 0.229851 0.225425 0.220466 0.214991 0.209022 0.202581 0.195689 0.188370 0.180647 0.172544 0.164085 0.155292 0.146189 0.136798 0.127140 0.117239 0.107112 0.096782 0.086264 0.075579 0.064743 0.053771 0.042678 0.031480 0.020189 0.008817 -0.002624 -0.014122 -0.025669 -0.037254 -0.048870 -0.060507 -0.072160 -0.083820 -0.095482 -0.107140 
-0.097469 -0.085566 -0.073652 -0.061732 -0.049812 -0.037898 -0.025999 -0.014122 -0.002276 0.009530 0.021287 0.032982 0.044604 0.056141 0.067579 0.078904 0.090099 0.101148 0.112034 0.122737 0.133239 0.143519 0.153555 0.163324 0.172803 0.181969 0.190796 0.199259 0.207333 0.214991 0.222210 0.228962 0.235224 0.240972 0.246183 0.250836 0.254911 0.258391 0.261260 0.263506 0.265117 0.266087 0.266411 0.266087 0.265117 0.263506 0.261260 0.258391 0.254911 0.250836 0.246183 0.240972 0.235224 0.228962 0.222210 0.214991 0.207333 0.199259 0.190796 0.181969 0.172803 0.163324 0.153555 0.143519 0.133239 0.122737 0.112034 0.101148 0.090099 0.078904 0.067579 0.056141 0.044604 0.032982 0.021287 0.009530 -0.002276 -0.014122 -0.025999 -0.037898 -0.049812 -0.061732 -0.073652 -0.085566 -0.097469 
-0.087884 -0.075733 -0.063562 -0.051377 -0.039184 -0.026989 -0.014800 -0.002624 0.009530 0.021653 0.033735 0.045764 0.057729 0.069617 0.081413 0.093104 0.104673 0.116102 0.127373 0.138468 0.149365 0.160043 0.170478 0.180647 0.190526 0.200087 0.209305 0.218152 0.226601 0.234624 0.242192 0.249279 0.255858 0.261901 0.267384 0.272283 0.276576 0.280245 0.283271 0.285640 0.287340 0.288364 0.288706 0.288364 0.287340 0.285640 0.283271 0.280245 0.276576 0.272283 0.267384 0.261901 0.255858 0.249279 0.242192 0.234624 0.226601 0.218152 0.209305 0.200087 0.190526 0.180647 0.170478 0.160043 0.149365 0.138468 0.127373 0.116102 0.104673 0.093104 0.081413 0.069617 0.057729 0.045764 0.033735 0.021653 0.009530 -0.002624 -0.014800 -0.026989 -0.039184 -0.051377 -0.063562 -0.075733 -0.087884 
-0.078395 -0.065991 -0.053560 -0.041106 -0.028634 -0.016152 -0.003665 0.008817 0.021287 0.033735 0.046151 0.058525 0.070844 0.083095 0.095264 0.107335 0.119293 0.131118 0.142794 0.154298 0.165611 0.176707 0.187565 0.198157 0.208458 0.218441 0.228075 0.237333 0.246183 0.254596 0.262542 0.269989 0.276908 0.283271 0.289048 0.294214 0.298745 0.302618 0.305815 0.308319 0.310117 0.311199 0.311561 0.311199 0.310117 0.308319 0.305815 0.302618 0.298745 0.294214 0.289048 0.283271 0.276908 0.269989 0.262542 0.254596 0.246183 0.237333 0.228075 0.218441 0.208458 0.198157 0.187565 0.176707 0.165611 0.154298 0.142794 0.131118 0.119293 0.107335 0.095264 0.083095 0.070844 0.058525 0.046151 0.033735 0.021287 0.008817 -0.003665 -0.016152 -0.028634 -0.041106 -0.053560 -0.065991 -0.078395 
-0.069010 -0.056351 -0.043655 -0.030927 -0.018172 -0.005396 0.007393 0.020189 0.032982 0.045764 0.058525 0.071254 0.083938 0.096564 0.109119 0.121586 0.133949 0.146189 0.158286 0.170221 0.181969 0.193507 0.204810 0.215851 0.226601 0.237031 0.247110 0.256806 0.266087 0.274920 0.283271 0.291107 0.298395 0.305103 0.311199 0.316656 0.321445 0.325542 0.328925 0.331576 0.333480 0.334627 0.335010 0.334627 0.333480 0.331576 0.328925 0.325542 0.321445 0.316656 0.311199 0.305103 0.298395 0.291107 0.283271 0.274920 0.266087 0.256806 0.247110 0.237031 0.226601 0.215851 0.204810 0.193507 0.181969 0.170221 0.158286 0.146189 0.133949 0.121586 0.109119 0.096564 0.083938 0.071254 0.058525 0.045764 0.032982 0.020189 0.007393 -0.005396 -0.018172 -0.030927 -0.043655 -0.056351 -0.069010 
-0.059740 -0.046823 -0.033858 -0.020852 -0.007808 0.005266 0.018364 0.031480 0.044604 0.057729 0.070844 0.083938 0.096999 0.110014 0.122968 0.135846 0.148630 0.161302 0.173841 0.186226 0.198432 0.210436 0.222210 0.233725 0.244951 0.255858 0.266411 0.276576 0.286319 0.295603 0.304391 0.312647 0.320335 0.327418 0.333862 0.339635 0.344706 0.349048 0.352635 0.355447 0.357468 0.358686 0.359092 0.358686 0.357468 0.355447 0.352635 0.349048 0.344706 0.339635 0.333862 0.327418 0.320335 0.312647 0.304391 0.295603 0.286319 0.276576 0.266411 0.255858 0.244951 0.233725 0.222210 0.210436 0.198432 0.186226 0.173841 0.161302 0.148630 0.135846 0.122968 0.110014 0.096999 0.083938 0.070844 0.057729 0.044604 0.031480 0.018364 0.005266 -0.007808 -0.020852 -0.033858 -0.046823 -0.059740 
-0.050595 -0.037415 -0.024179 -0.010891 0.002445 0.015823 0.029236 0.042678 0.056141 0.069617 0.083095 0.096564 0.110014 0.123430 0.136798 0.150102 0.163324 0.176446 0.189447 0.202303 0.214991 0.227485 0.239755 0.251773 0.263506 0.274920 0.285979 0.296648 0.306886 0.316656 0.325916 0.334627 0.342748 0.350240 0.357063 0.363182 0.368561 0.373170 0.376981 0.379971 0.382120 0.383415 0.383848 0.383415 0.382120 0.379971 0.376981 0.373170 0.368561 0.363182 0.357063 0.350240 0.342748 0.334627 0.325916 0.316656 0.306886 0.296648 0.285979 0.274920 0.263506 0.251773 0.239755 0.227485 0.214991 0.202303 0.189447 0.176446 0.163324 0.150102 0.136798 0.123430 0.110014 0.096564 0.083095 0.069617 0.056141 0.042678 0.029236 0.015823 0.002445 -0.010891 -0.024179 -0.037415 -0.050595 
-0.041585 -0.028141 -0.014631 -0.001057 0.012576 0.026262 0.039996 0.053771 0.067579 0.081413 0.095264 0.109119 0.122968 0.136798 0.150593 0.164339 0.178017 0.191607 0.205090 0.218441 0.231634 0.244644 0.257439 0.269989 0.282259 0.294214 0.305815 0.317022 0.327794 0.338088 0.347859 0.357063 0.365656 0.373592 0.380829 0.387326 0.393044 0.397948 0.402006 0.405191 0.407481 0.408862 0.409324 0.408862 0.407481 0.405191 0.402006 0.397948 0.393044 0.387326 0.380829 0.373592 0.365656 0.357063 0.347859 0.338088 0.327794 0.317022 0.305815 0.294214 0.282259 0.269989 0.257439 0.244644 0.231634 0.218441 0.205090 0.191607 0.178017 0.164339 0.150593 0.136798 0.122968 0.109119 0.095264 0.081413 0.067579 0.053771 0.039996 0.026262 0.012576 -0.001057 -0.014631 -0.028141 -0.041585 
-0.032720 -0.019011 -0.005223 0.008639 0.022571 0.036570 0.050629 0.064743 0.078904 0.093104 0.107335 0.121586 0.135846 0.150102 0.164339 0.178542 0.192692 0.206771 0.220756 0.234624 0.248348 0.261901 0.275250 0.288364 0.301206 0.313737 0.325916 0.337702 0.349048 0.359907 0.370231 0.379971 0.389077 0.397500 0.405191 0.412103 0.418194 0.423422 0.427752 0.431153 0.433601 0.435076 0.435570 0.435076 0.433601 0.431153 0.427752 0.423422 0.418194 0.412103 0.405191 0.397500 0.389077 0.379971 0.370231 0.359907 0.349048 0.337702 0.325916 0.313737 0.301206 0.288364 0.275250 0.261901 0.248348 0.234624 0.220756 0.206771 0.192692 0.178542 0.164339 0.150102 0.135846 0.121586 0.107335 0.093104 0.078904 0.064743 0.050629 0.036570 0.022571 0.008639 -0.005223 -0.019011 -0.032720 
-0.024014 -0.010037 0.004029 0.018182 0.032418 0.046733 0.061122 0.075579 0.090099 0.104673 0.119293 0.133949 0.148630 0.163324 0.178017 0.192692 0.207333 0.221918 0.236428 0.250836 0.265117 0.279241 0.293176 0.306886 0.320335 0.333480 0.346280 0.358686 0.370650 0.382120 0.393044 0.403367 0.413034 0.421989 0.430178 0.437549 0.444051 0.449638 0.454270 0.457911 0.460532 0.462114 0.462642 0.462114 0.460532 0.457911 0.454270 0.449638 0.444051 0.437549 0.430178 0.421989 0.413034 0.403367 0.393044 0.382120 0.370650 0.358686 0.346280 0.333480 0.320335 0.306886 0.293176 0.279241 0.265117 0.250836 0.236428 0.221918 0.207333 0.192692 0.178017 0.163324 0.148630 0.133949 0.119293 0.104673 0.090099 0.075579 0.061122 0.046733 0.032418 0.018182 0.004029 -0.010037 -0.024014 
-0.015476 -0.001231 0.013115 0.027561 0.042102 0.056736 0.071459 0.086264 0.101148 0.116102 0.131118 0.146189 0.161302 0.176446 0.191607 0.206771 0.221918 0.237031 0.252086 0.267059 0.281923 0.296648 0.311199 0.325542 0.339635 0.353436 0.366898 0.379971 0.392602 0.404734 0.416310 0.427269 0.437549 0.447088 0.455826 0.463702 0.470659 0.476645 0.481612 0.485521 0.488337 0.490036 0.490604 0.490036 0.488337 0.485521 0.481612 0.476645 0.470659 0.463702 0.455826 0.447088 0.437549 0.427269 0.416310 0.404734 0.392602 0.379971 0.366898 0.353436 0.339635 0.325542 0.311199 0.296648 0.281923 0.267059 0.252086 0.237031 0.221918 0.206771 0.191607 0.176446 0.161302 0.146189 0.131118 0.116102 0.101148 0.086264 0.071459 0.056736 0.042102 0.027561 0.013115 -0.001231 -0.015476 
-0.007121 0.007393 0.022020 0.036759 0.051608 0.066564 0.081623 0.096782 0.112034 0.127373 0.142794 0.158286 0.173841 0.189447 0.205090 0.220756 0.236428 0.252086 0.267708 0.283271 0.298745 0.314100 0.329303 0.344314 0.359092 0.373592 0.387763 0.401553 0.414903 0.427752 0.440037 0.451690 0.462642 0.472825 0.482168 0.490604 0.498068 0.504498 0.509840 0.514047 0.517081 0.518913 0.519525 0.518913 0.517081 0.514047 0.509840 0.504498 0.498068 0.490604 0.482168 0.472825 0.462642 0.451690 0.440037 0.427752 0.414903 0.401553 0.387763 0.373592 0.359092 0.344314 0.329303 0.314100 0.298745 0.283271 0.267708 0.252086 0.236428 0.220756 0.205090 0.189447 0.173841 0.158286 0.142794 0.127373 0.112034 0.096782 0.081623 0.066564 0.051608 0.036759 0.022020 0.007393 -0.007121 
0.001041 0.015823 0.030731 0.045764 0.060922 0.076201 0.091599 0.107112 0.122737 0.138468 0.154298 0.170221 0.186226 0.202303 0.218441 0.234624 0.250836 0.267059 0.283271 0.299446 0.315559 0.331576 0.347464 0.363182 0.378687 0.393931 0.408862 0.423422 0.437549 0.451176 0.464232 0.476645 0.488337 0.499229 0.509243 0.518301 0.526329 0.533256 0.539019 0.543562 0.546841 0.548822 0.549485 0.548822 0.546841 0.543562 0.539019 0.533256 0.526329 0.518301 0.509243 0.499229 0.488337 0.476645 0.464232 0.451176 0.437549 0.423422 0.408862 0.393931 0.378687 0.363182 0.347464 0.331576 0.315559 0.299446 0.283271 0.267059 0.250836 0.234624 0.218441 0.202303 0.186226 0.170221 0.154298 0.138468 0.122737 0.107112 0.091599 0.076201 0.060922 0.045764 0.030731 0.015823 0.001041 
0.008995 0.024044 0.039232 0.054559 0.070025 0.085629 0.101367 0.117239 0.133239 0.149365 0.165611 0.181969 0.198432 0.214991 0.231634 0.248348 0.265117 0.281923 0.298745 0.315559 0.332337 0.349048 0.365656 0.382120 0.398397 0.414435 0.430178 0.445566 0.460532 0.475003 0.488902 0.502147 0.514652 0.526329 0.537088 0.546841 0.555501 0.562986 0.569222 0.574145 0.577701 0.579851 0.580570 0.579851 0.577701 0.574145 0.569222 0.562986 0.555501 0.546841 0.537088 0.526329 0.514652 0.502147 0.488902 0.475003 0.460532 0.445566 0.430178 0.414435 0.398397 0.382120 0.365656 0.349048 0.332337 0.315559 0.298745 0.281923 0.265117 0.248348 0.231634 0.214991 0.198432 0.181969 0.165611 0.149365 0.133239 0.117239 0.101367 0.085629 0.070025 0.054559 0.039232 0.024044 0.008995 
0.016729 0.032043 0.047509 0.063130 0.078904 0.094831 0.110910 0.127140 0.143519 0.160043 0.176707 0.193507 0.210436 0.227485 0.244644 0.261901 0.279241 0.296648 0.314100 0.331576 0.349048 0.366484 0.383848 0.401100 0.418194 0.435076 0.451690 0.467968 0.483841 0.499229 0.514047 0.528206 0.541609 0.554156 0.565745 0.576275 0.585644 0.593759 0.600532 0.605885 0.609757 0.612099 0.612883 0.612099 0.609757 0.605885 0.600532 0.593759 0.585644 0.576275 0.565745 0.554156 0.541609 0.528206 0.514047 0.499229 0.483841 0.467968 0.451690 0.435076 0.418194 0.401100 0.383848 0.366484 0.349048 0.331576 0.314100 0.296648 0.279241 0.261901 0.244644 0.227485 0.210436 0.193507 0.176707 0.160043 0.143519 0.127140 0.110910 0.094831 0.078904 0.063130 0.047509 0.032043 0.016729 
0.024228 0.039805 0.055548 0.071459 0.087539 0.103789 0.120208 0.136798 0.153555 0.170478 0.187565 0.204810 0.222210 0.239755 0.257439 0.275250 0.293176 0.311199 0.329303 0.347464 0.365656 0.383848 0.402006 0.420087 0.438045 0.455826 0.473368 0.490604 0.507457 0.523841 0.539665 0.554828 0.569222 0.582737 0.595254 0.606656 0.616828 0.625657 0.633039 0.638884 0.643116 0.645679 0.646537 0.645679 0.643116 0.638884 0.633039 0.625657 0.616828 0.606656 0.595254 0.582737 0.569222 0.554828 0.539665 0.523841 0.507457 0.490604 0.473368 0.455826 0.438045 0.420087 0.402006 0.383848 0.365656 0.347464 0.329303 0.311199 0.293176 0.275250 0.257439 0.239755 0.222210 0.204810 0.187565 0.170478 0.153555 0.136798 0.120208 0.103789 0.087539 0.071459 0.055548 0.039805 0.024228 
0.031480 0.047315 0.063331 0.079530 0.095913 0.112484 0.129242 0.146189 0.163324 0.180647 0.198157 0.215851 0.233725 0.251773 0.269989 0.288364 0.306886 0.325542 0.344314 0.363182 0.382120 0.401100 0.420087 0.439040 0.457911 0.476645 0.495180 0.513444 0.531355 0.548822 0.565745 0.582013 0.597507 0.612099 0.625657 0.638043 0.649124 0.658766 0.666846 0.673256 0.677904 0.680721 0.681665 0.680721 0.677904 0.673256 0.666846 0.658766 0.649124 0.638043 0.625657 0.612099 0.597507 0.582013 0.565745 0.548822 0.531355 0.513444 0.495180 0.476645 0.457911 0.439040 0.420087 0.401100 0.382120 0.363182 0.344314 0.325542 0.306886 0.288364 0.269989 0.251773 0.233725 0.215851 0.198157 0.180647 0.163324 0.146189 0.129242 0.112484 0.095913 0.079530 0.063331 0.047315 0.031480 
0.038470 0.054559 0.070844 0.087326 0.104010 0.120897 0.137990 0.155292 0.172803 0.190526 0.208458 0.226601 0.244951 0.263506 0.282259 0.301206 0.320335 0.339635 0.359092 0.378687 0.398397 0.418194 0.438045 0.457911 0.477743 0.497488 0.517081 0.536447 0.555501 0.574145 0.592271 0.609757 0.626470 0.642266 0.656994 0.670495 0.682611 0.693184 0.702069 0.709131 0.714261 0.717373 0.718417 0.717373 0.714261 0.709131 0.702069 0.693184 0.682611 0.670495 0.656994 0.642266 0.626470 0.609757 0.592271 0.574145 0.555501 0.536447 0.517081 0.497488 0.477743 0.457911 0.438045 0.418194 0.398397 0.378687 0.359092 0.339635 0.320335 0.301206 0.282259 0.263506 0.244951 0.226601 0.208458 0.190526 0.172803 0.155292 0.137990 0.120897 0.104010 0.087326 0.070844 0.054559 0.038470 
0.045184 0.061523 0.078070 0.094831 0.111809 0.129008 0.146432 0.164085 0.181969 0.200087 0.218441 0.237031 0.255858 0.274920 0.294214 0.313737 0.333480 0.353436 0.373592 0.393931 0.414435 0.435076 0.455826 0.476645 0.497488 0.518301 0.539019 0.559565 0.579851 0.599773 0.619215 0.638043 0.656111 0.673256 0.689304 0.704073 0.717373 0.729020 0.738835 0.746658 0.752350 0.755810 0.756970 0.755810 0.752350 0.746658 0.738835 0.729020 0.717373 0.704073 0.689304 0.673256 0.656111 0.638043 0.619215 0.599773 0.579851 0.559565 0.539019 0.518301 0.497488 0.476645 0.455826 0.435076 0.414435 0.393931 0.373592 0.353436 0.333480 0.313737 0.294214 0.274920 0.255858 0.237031 0.218441 0.200087 0.181969 0.164085 0.146432 0.129008 0.111809 0.094831 0.078070 0.061523 0.045184 
0.051608 0.068190 0.084994 0.102026 0.119293 0.136798 0.154547 0.172544 0.190796 0.209305 0.228075 0.247110 0.266411 0.285979 0.305815 0.325916 0.346280 0.366898 0.387763 0.408862 0.430178 0.451690 0.473368 0.495180 0.517081 0.539019 0.560930 0.582737 0.604348 0.625657 0.646537 0.666846 0.686421 0.705079 0.722621 0.738835 0.753500 0.766391 0.777293 0.786007 0.792363 0.796232 0.797531 0.796232 0.792363 0.786007 0.777293 0.766391 0.753500 0.738835 0.722621 0.705079 0.686421 0.666846 0.646537 0.625657 0.604348 0.582737 0.560930 0.539019 0.517081 0.495180 0.473368 0.451690 0.430178 0.408862 0.387763 0.366898 0.346280 0.325916 0.305815 0.285979 0.266411 0.247110 0.228075 0.209305 0.190796 0.172544 0.154547 0.136798 0.119293 0.102026 0.084994 0.068190 0.051608 
0.057729 0.074545 0.091599 0.108896 0.126442 0.144246 0.162312 0.180647 0.199259 0.218152 0.237333 0.256806 0.276576 0.296648 0.317022 0.337702 0.358686 0.379971 0.401553 0.423422 0.445566 0.467968 0.490604 0.513444 0.536447 0.559565 0.582737 0.605885 0.628920 0.651729 0.674181 0.696122 0.717373 0.737732 0.756970 0.774841 0.791083 0.805426 0.817605 0.827375 0.834522 0.838880 0.840345 0.838880 0.834522 0.827375 0.817605 0.805426 0.791083 0.774841 0.756970 0.737732 0.717373 0.696122 0.674181 0.651729 0.628920 0.605885 0.582737 0.559565 0.536447 0.513444 0.490604 0.467968 0.445566 0.423422 0.401553 0.379971 0.358686 0.337702 0.317022 0.296648 0.276576 0.256806 0.237333 0.218152 0.199259 0.180647 0.162312 0.144246 0.126442 0.108896 0.091599 0.074545 0.057729 
0.063532 0.080575 0.097869 0.115421 0.133239 0.151332 0.169706 0.188370 0.207333 0.226601 0.246183 0.266087 0.286319 0.306886 0.327794 0.349048 0.370650 0.392602 0.414903 0.437549 0.460532 0.483841 0.507457 0.531355 0.555501 0.579851 0.604348 0.628920 0.653475 0.677904 0.702069 0.725807 0.748924 0.771195 0.792363 0.812141 0.830216 0.846265 0.859959 0.870991 0.879087 0.884037 0.885702 0.884037 0.879087 0.870991 0.859959 0.846265 0.830216 0.812141 0.792363 0.771195 0.748924 0.725807 0.702069 0.677904 0.653475 0.628920 0.604348 0.579851 0.555501 0.531355 0.507457 0.483841 0.460532 0.437549 0.414903 0.392602 0.370650 0.349048 0.327794 0.306886 0.286319 0.266087 0.246183 0.226601 0.207333 0.188370 0.169706 0.151332 0.133239 0.115421 0.097869 0.080575 0.063532 
0.069005 0.086264 0.103789 0.121586 0.139665 0.158036 0.176707 0.195689 0.214991 0.234624 0.254596 0.274920 0.295603 0.316656 0.338088 0.359907 0.382120 0.404734 0.427752 0.451176 0.475003 0.499229 0.523841 0.548822 0.574145 0.599773 0.625657 0.651729 0.677904 0.704073 0.730098 0.755810 0.781001 0.805426 0.828793 0.850771 0.870991 0.889057 0.904563 0.917118 0.926372 0.932044 0.933956 0.932044 0.926372 0.917118 0.904563 0.889057 0.870991 0.850771 0.828793 0.805426 0.781001 0.755810 0.730098 0.704073 0.677904 0.651729 0.625657 0.599773 0.574145 0.548822 0.523841 0.499229 0.475003 0.451176 0.427752 0.404734 0.382120 0.359907 0.338088 0.316656 0.295603 0.274920 0.254596 0.234624 0.214991 0.195689 0.176707 0.158036 0.139665 0.121586 0.103789 0.086264 0.069005 
0.074133 0.091599 0.109342 0.127373 0.145702 0.164339 0.183295 0.202581 0.222210 0.242192 0.262542 0.283271 0.304391 0.325916 0.347859 0.370231 0.393044 0.416310 0.440037 0.464232 0.488902 0.514047 0.539665 0.565745 0.592271 0.619215 0.646537 0.674181 0.702069 0.730098 0.758134 0.786007 0.813499 0.840345 0.866220 0.890746 0.913485 0.933956 0.951651 0.966068 0.976748 0.983318 0.985536 0.983318 0.976748 0.966068 0.951651 0.933956 0.913485 0.890746 0.866220 0.840345 0.813499 0.786007 0.758134 0.730098 0.702069 0.674181 0.646537 0.619215 0.592271 0.565745 0.539665 0.514047 0.488902 0.464232 0.440037 0.416310 0.393044 0.370231 0.347859 0.325916 0.304391 0.283271 0.262542 0.242192 0.222210 0.202581 0.183295 0.164339 0.145702 0.127373 0.109342 0.091599 0.074133 
0.078904 0.096564 0.114515 0.132767 0.151332 0.170221 0.189447 0.209022 0.228962 0.249279 0.269989 0.291107 0.312647 0.334627 0.357063 0.379971 0.403367 0.427269 0.451690 0.476645 0.502147 0.528206 0.554828 0.582013 0.609757 0.638043 0.666846 0.696122 0.725807 0.755810 0.786007 0.816231 0.846265 0.875826 0.904563 0.932044 0.957756 0.981114 1.001480 1.018201 1.030667 1.038371 1.040979 1.038371 1.030667 1.018201 1.001480 0.981114 0.957756 0.932044 0.904563 0.875826 0.846265 0.816231 0.786007 0.755810 0.725807 0.696122 0.666846 0.638043 0.609757 0.582013 0.554828 0.528206 0.502147 0.476645 0.451690 0.427269 0.403367 0.379971 0.357063 0.334627 0.312647 0.291107 0.269989 0.249279 0.228962 0.209022 0.189447 0.170221 0.151332 0.132767 0.114515 0.096564 0.078904 
0.083305 0.101148 0.119293 0.137751 0.156537 0.175663 0.195143 0.214991 0.235224 0.255858 0.276908 0.298395 0.320335 0.342748 0.365656 0.389077 0.413034 0.437549 0.462642 0.488337 0.514652 0.541609 0.569222 0.597507 0.626470 0.656111 0.686421 0.717373 0.748924 0.781001 0.813499 0.846265 0.879087 0.911682 0.943675 0.974585 1.003819 1.030667 1.054325 1.073938 1.088680 1.097845 1.100956 1.097845 1.088680 1.073938 1.054325 1.030667 1.003819 0.974585 0.943675 0.911682 0.879087 0.846265 0.813499 0.781001 0.748924 0.717373 0.686421 0.656111 0.626470 0.597507 0.569222 0.541609 0.514652 0.488337 0.462642 0.437549 0.413034 0.389077 0.365656 0.342748 0.320335 0.298395 0.276908 0.255858 0.235224 0.214991 0.195143 0.175663 0.156537 0.137751 0.119293 0.101148 0.083305 
0.087326 0.105337 0.123661 0.142311 0.161302 0.180647 0.200363 0.220466 0.240972 0.261901 0.283271 0.305103 0.327418 0.350240 0.373592 0.397500 0.421989 0.447088 0.472825 0.499229 0.526329 0.554156 0.582737 0.612099 0.642266 0.673256 0.705079 0.737732 0.771195 0.805426 0.840345 0.875826 0.911682 0.947640 0.983318 1.018201 1.051613 1.082706 1.110466 1.133767 1.151465 1.162554 1.166334 1.162554 1.151465 1.133767 1.110466 1.082706 1.051613 1.018201 0.983318 0.947640 0.911682 0.875826 0.840345 0.805426 0.771195 0.737732 0.705079 0.673256 0.642266 0.612099 0.582737 0.554156 0.526329 0.499229 0.472825 0.447088 0.421989 0.397500 0.373592 0.350240 0.327418 0.305103 0.283271 0.261901 0.240972 0.220466 0.200363 0.180647 0.161302 0.142311 0.123661 0.105337 0.087326 
0.090955 0.109119 0.127607 0.146432 0.165611 0.185157 0.205090 0.225425 0.246183 0.267384 0.289048 0.311199 0.333862 0.357063 0.380829 0.405191 0.430178 0.455826 0.482168 0.509243 0.537088 0.565745 0.595254 0.625657 0.656994 0.689304 0.722621 0.756970 0.792363 0.828793 0.866220 0.904563 0.943675 0.983318 1.023133 1.062592 1.100956 1.137232 1.170158 1.198236 1.219863 1.233557 1.238252 1.233557 1.219863 1.198236 1.170158 1.137232 1.100956 1.062592 1.023133 0.983318 0.943675 0.904563 0.866220 0.828793 0.792363 0.756970 0.722621 0.689304 0.656994 0.625657 0.595254 0.565745 0.537088 0.509243 0.482168 0.455826 0.430178 0.405191 0.380829 0.357063 0.333862 0.311199 0.289048 0.267384 0.246183 0.225425 0.205090 0.185157 0.165611 0.146432 0.127607 0.109119 0.090955 
0.094182 0.112484 0.131118 0.150102 0.169449 0.189177 0.209305 0.229851 0.250836 0.272283 0.294214 0.316656 0.339635 0.363182 0.387326 0.412103 0.437549 0.463702 0.490604 0.518301 0.546841 0.576275 0.606656 0.638043 0.670495 0.704073 0.738835 0.774841 0.812141 0.850771 0.890746 0.932044 0.974585 1.018201 1.062592 1.107266 1.151465 1.194075 1.233557 1.267931 1.294914 1.312253 1.318246 1.312253 1.294914 1.267931 1.233557 1.194075 1.151465 1.107266 1.062592 1.018201 0.974585 0.932044 0.890746 0.850771 0.812141 0.774841 0.738835 0.704073 0.670495 0.638043 0.606656 0.576275 0.546841 0.518301 0.490604 0.463702 0.437549 0.412103 0.387326 0.363182 0.339635 0.316656 0.294214 0.272283 0.250836 0.229851 0.209305 0.189177 0.169449 0.150102 0.131118 0.112484 0.094182 
0.096999 0.115421 0.134185 0.153307 0.172803 0.192692 0.212992 0.233725 0.254911 0.276576 0.298745 0.321445 0.344706 0.368561 0.393044 0.418194 0.444051 0.470659 0.498068 0.526329 0.555501 0.585644 0.616828 0.649124 0.682611 0.717373 0.753500 0.791083 0.830216 0.870991 0.913485 0.957756 1.003819 1.051613 1.100956 1.151465 1.202449 1.252754 1.300591 1.343398 1.377895 1.400539 1.408461 1.400539 1.377895 1.343398 1.300591 1.252754 1.202449 1.151465 1.100956 1.051613 1.003819 0.957756 0.913485 0.870991 0.830216 0.791083 0.753500 0.717373 0.682611 0.649124 0.616828 0.585644 0.555501 0.526329 0.498068 0.470659 0.444051 0.418194 0.393044 0.368561 0.344706 0.321445 0.298745 0.276576 0.254911 0.233725 0.212992 0.192692 0.172803 0.153307 0.134185 0.115421 0.096999 
0.099396 0.117922 0.136798 0.156039 0.175663 0.195689 0.216138 0.237031 0.258391 0.280245 0.302618 0.325542 0.349048 0.373170 0.397948 0.423422 0.449638 0.476645 0.504498 0.533256 0.562986 0.593759 0.625657 0.658766 0.693184 0.729020 0.766391 0.805426 0.846265 0.889057 0.933956 0.981114 1.030667 1.082706 1.137232 1.194075 1.252754 1.312253 1.370691 1.424924 1.470291 1.501043 1.512008 1.501043 1.470291 1.424924 1.370691 1.312253 1.252754 1.194075 1.137232 1.082706 1.030667 0.981114 0.933956 0.889057 0.846265 0.805426 0.766391 0.729020 0.693184 0.658766 0.625657 0.593759 0.562986 0.533256 0.504498 0.476645 0.449638 0.423422 0.397948 0.373170 0.349048 0.325542 0.302618 0.280245 0.258391 0.237031 0.216138 0.195689 0.175663 0.156039 0.136798 0.117922 0.099396 
0.101367 0.119979 0.138947 0.158286 0.178017 0.198157 0.218729 0.239755 0.261260 0.283271 0.305815 0.328925 0.352635 0.376981 0.402006 0.427752 0.454270 0.481612 0.509840 0.539019 0.569222 0.600532 0.633039 0.666846 0.702069 0.738835 0.777293 0.817605 0.859959 0.904563 0.951651 1.001480 1.054325 1.110466 1.170158 1.233557 1.300591 1.370691 1.442294 1.512008 1.573558 1.617458 1.633625 1.617458 1.573558 1.512008 1.442294 1.370691 1.300591 1.233557 1.170158 1.110466 1.054325 1.001480 0.951651 0.904563 0.859959 0.817605 0.777293 0.738835 0.702069 0.666846 0.633039 0.600532 0.569222 0.539019 0.509840 0.481612 0.454270 0.427752 0.402006 0.376981 0.352635 0.328925 0.305815 0.283271 0.261260 0.239755 0.218729 0.198157 0.178017 0.158286 0.138947 0.119979 0.101367 
0.102907 0.121586 0.140626 0.160043 0.179856 0.200087 0.220756 0.241887 0.263506 0.285640 0.308319 0.331576 0.355447 0.379971 0.405191 0.431153 0.457911 0.485521 0.514047 0.543562 0.574145 0.605885 0.638884 0.673256 0.709131 0.746658 0.786007 0.827375 0.870991 0.917118 0.966068 1.018201 1.073938 1.133767 1.198236 1.267931 1.343398 1.424924 1.512008 1.602111 1.688101 1.754841 1.780947 1.754841 1.688101 1.602111 1.512008 1.424924 1.343398 1.267931 1.198236 1.133767 1.073938 1.018201 0.966068 0.917118 0.870991 0.827375 0.786007 0.746658 0.709131 0.673256 0.638884 0.605885 0.574145 0.543562 0.514047 0.485521 0.457911 0.431153 0.405191 0.379971 0.355447 0.331576 0.308319 0.285640 0.263506 0.241887 0.220756 0.200087 0.179856 0.160043 0.140626 0.121586 0.102907 
0.104010 0.122737 0.141829 0.161302 0.181176 0.201471 0.222210 0.243416 0.265117 0.287340 0.310117 0.333480 0.357468 0.382120 0.407481 0.433601 0.460532 0.488337 0.517081 0.546841 0.577701 0.609757 0.643116 0.677904 0.714261 0.752350 0.792363 0.834522 0.879087 0.926372 0.976748 1.030667 1.088680 1.151465 1.219863 1.294914 1.377895 1.470291 1.573558 1.688101 1.809636 1.918545 1.966887 1.918545 1.809636 1.688101 1.573558 1.470291 1.377895 1.294914 1.219863 1.151465 1.088680 1.030667 0.976748 0.926372 0.879087 0.834522 0.792363 0.752350 0.714261 0.677904 0.643116 0.609757 0.577701 0.546841 0.517081 0.488337 0.460532 0.433601 0.407481 0.382120 0.357468 0.333480 0.310117 0.287340 0.265117 0.243416 0.222210 0.201471 0.181176 0.161302 0.141829 0.122737 0.104010 
0.104673 0.123430 0.142552 0.162059 0.181969 0.202303 0.223084 0.244337 0.266087 0.288364 0.311199 0.334627 0.358686 0.383415 0.408862 0.435076 0.462114 0.490036 0.518913 0.548822 0.579851 0.612099 0.645679 0.680721 0.717373 0.755810 0.796232 0.838880 0.884037 0.932044 0.983318 1.038371 1.097845 1.162554 1.233557 1.312253 1.400539 1.501043 1.617458 1.754841 1.918545 2.101521 2.210116 2.101521 1.918545 1.754841 1.617458 1.501043 1.400539 1.312253 1.233557 1.162554 1.097845 1.038371 0.983318 0.932044 0.884037 0.838880 0.796232 0.755810 0.717373 0.680721 0.645679 0.612099 0.579851 0.548822 0.518913 0.490036 0.462114 0.435076 0.408862 0.383415 0.358686 0.334627 0.311199 0.288364 0.266087 0.244337 0.223084 0.202303 0.181969 0.162059 0.142552 0.123430 0.104673 
0.104894 0.123661 0.142794 0.162312 0.182234 0.202581 0.223376 0.244644 0.266411 0.288706 0.311561 0.335010 0.359092 0.383848 0.409324 0.435570 0.462642 0.490604 0.519525 0.549485 0.580570 0.612883 0.646537 0.681665 0.718417 0.756970 0.797531 0.840345 0.885702 0.933956 0.985536 1.040979 1.100956 1.166334 1.238252 1.318246 1.408461 1.512008 1.633625 1.780947 1.966887 2.210116 2.421417 2.210116 1.966887 1.780947 1.633625 1.512008 1.408461 1.318246 1.238252 1.166334 1.100956 1.040979 0.985536 0.933956 0.885702 0.840345 0.797531 0.756970 0.718417 0.681665 0.646537 0.612883 0.580570 0.549485 0.519525 0.490604 0.462642 0.435570 0.409324 0.383848 0.359092 0.335010 0.311561 0.288706 0.266411 0.244644 0.223376 0.202581 0.182234 0.162312 0.142794 0.123661 0.104894 
0.104894 0.123661 0.142794 0.162312 0.182234 0.202581 0.223376 0.244644 0.266411 0.288706 0.311561 0.335010 0.359092 0.383848 0.409324 0.435570 0.462642 0.490604 0.519525 0.549485 0.580570 0.612883 0.646537 0.681665 0.718417 0.756970 0.797531 0.840344 0.885702 0.933955 0.985536 1.040978 1.100955 1.166334 1.238251 1.318245 1.408460 1.512007 1.633624 1.780944 1.966881 2.210101 2.421374 2.210101 1.966881 1.780944 1.633624 1.512007 1.408460 1.318245 1.238251 1.166334 1.100955 1.040978 0.985536 0.933955 0.885702 0.840344 0.797531 0.756970 0.718417 0.681665 0.646537 0.612883 0.580570 0.549485 0.519525 0.490604 0.462642 0.435570 0.409324 0.383848 0.359092 0.335010 0.311561 0.288706 0.266411 0.244644 0.223376 0.202581 0.182234 0.162312 0.142794 0.123661 0.104894 
0.104894 0.123661 0.142794 0.162312 0.182234 0.202581 0.223376 0.244644 0.266410 0.288706 0.311561 0.335010 0.359092 0.383848 0.409323 0.435569 0.462642 0.490604 0.519525 0.549484 0.580570 0.612883 0.646537 0.681664 0.718416 0.756970 0.797531 0.840344 0.885701 0.933955 0.985535 1.040977 1.100954 1.166332 1.238249 1.318243 1.408457 1.512003 1.633618 1.780934 1.966863 2.210053 2.421247 2.210053 1.966863 1.780934 1.633618 1.512003 1.408457 1.318243 1.238249 1.166332 1.100954 1.040977 0.985535 0.933955 0.885701 0.840344 0.797531 0.756970 0.718416 0.681664 0.646537 0.612883 0.580570 0.549484 0.519525 0.490604 0.462642 0.435569 0.409323 0.383848 0.359092 0.335010 0.311561 0.288706 0.266410 0.244644 0.223376 0.202581 0.182234 0.162312 0.142794 0.123661 0.104894 
0.104663 0.123420 0.142542 0.162048 0.181957 0.202291 0.223071 0.244323 0.266073 0.288349 0.311184 0.334611 0.358668 0.383397 0.408842 0.435055 0.462091 0.490011 0.518886 0.548793 0.579820 0.612065 0.645642 0.680680 0.717328 0.755759 0.796176 0.838816 0.883964 0.931961 0.983222 1.038258 1.097710 1.162391 1.233354 1.311995 1.400199 1.500575 1.616775 1.753758 1.916625 2.097723 2.204246 2.097723 1.916625 1.753758 1.616775 1.500575 1.400199 1.311995 1.233354 1.162391 1.097710 1.038258 0.983222 0.931961 0.883964 0.838816 0.796176 0.755759 0.717328 0.680680 0.645642 0.612065 0.579820 0.548793 0.518886 0.490011 0.462091 0.435055 0.408842 0.383397 0.358668 0.334611 0.311184 0.288349 0.266073 0.244323 0.223071 0.202291 0.181957 0.162048 0.142542 0.123420 0.104663 
0.103990 0.122717 0.141808 0.161280 0.181153 0.201447 0.222184 0.243390 0.265089 0.287311 0.310086 0.333447 0.357433 0.382083 0.407442 0.433558 0.460487 0.488288 0.517028 0.546784 0.577639 0.609689 0.643043 0.677823 0.714171 0.752251 0.792253 0.834397 0.878946 0.926210 0.976560 1.030447 1.088419 1.151151 1.219477 1.294428 1.377266 1.469449 1.572383 1.686384 1.807040 1.914739 1.962356 1.914739 1.807040 1.686384 1.572383 1.469449 1.377266 1.294428 1.219477 1.151151 1.088419 1.030447 0.976560 0.926210 0.878946 0.834397 0.792253 0.752251 0.714171 0.677823 0.643043 0.609689 0.577639 0.546784 0.517028 0.488288 0.460487 0.433558 0.407442 0.382083 0.357433 0.333447 0.310086 0.287311 0.265089 0.243390 0.222184 0.201447 0.181153 0.161280 0.141808 0.122717 0.103990 
0.102878 0.121556 0.140594 0.160010 0.179822 0.200051 0.220718 0.241847 0.263464 0.285596 0.308272 0.331527 0.355395 0.379916 0.405131 0.431090 0.457843 0.485448 0.513969 0.543478 0.574053 0.605786 0.638775 0.673136 0.708999 0.746511 0.785844 0.827192 0.870783 0.916882 0.965796 1.017884 1.073565 1.133321 1.197694 1.267262 1.342553 1.423833 1.510567 1.600180 1.685534 1.751627 1.777434 1.751627 1.685534 1.600180 1.510567 1.423833 1.342553 1.267262 1.197694 1.133321 1.073565 1.017884 0.965796 0.916882 0.870783 0.827192 0.785844 0.746511 0.708999 0.673136 0.638775 0.605786 0.574053 0.543478 0.513969 0.485448 0.457843 0.431090 0.405131 0.379916 0.355395 0.331527 0.308272 0.285596 0.263464 0.241847 0.220718 0.200051 0.179822 0.160010 0.140594 0.121556 0.102878 
0.101329 0.119940 0.138905 0.158243 0.177971 0.198110 0.218679 0.239703 0.261205 0.283212 0.305754 0.328860 0.352566 0.376908 0.401927 0.427669 0.454180 0.481517 0.509737 0.538908 0.569102 0.600401 0.632896 0.666690 0.701896 0.738645 0.777081 0.817368 0.859692 0.904260 0.951303 1.001078 1.053856 1.109912 1.169495 1.232754 1.299605 1.369466 1.440758 1.510090 1.571218 1.614756 1.630776 1.614756 1.571218 1.510090 1.440758 1.369466 1.299605 1.232754 1.169495 1.109912 1.053856 1.001078 0.951303 0.904260 0.859692 0.817368 0.777081 0.738645 0.701896 0.666690 0.632896 0.600401 0.569102 0.538908 0.509737 0.481517 0.454180 0.427669 0.401927 0.376908 0.352566 0.328860 0.305754 0.283212 0.261205 0.239703 0.218679 0.198110 0.177971 0.158243 0.138905 0.119940 0.101329 
0.099349 0.117873 0.136746 0.155985 0.175607 0.195630 0.216076 0.236966 0.258323 0.280172 0.302542 0.325461 0.348962 0.373080 0.397851 0.423319 0.449528 0.476527 0.504371 0.533119 0.562838 0.593599 0.625482 0.658575 0.692974 0.728789 0.766134 0.805139 0.845943 0.888694 0.933543 0.980641 1.030120 1.082069 1.136483 1.193186 1.251691 1.310977 1.369161 1.423109 1.468196 1.498731 1.509613 1.498731 1.468196 1.423109 1.369161 1.310977 1.251691 1.193186 1.136483 1.082069 1.030120 0.980641 0.933543 0.888694 0.845943 0.805139 0.766134 0.728789 0.692974 0.658575 0.625482 0.593599 0.562838 0.533119 0.504371 0.476527 0.449528 0.423319 0.397851 0.373080 0.348962 0.325461 0.302542 0.280172 0.258323 0.236966 0.216076 0.195630 0.175607 0.155985 0.136746 0.117873 0.099349 
0.096943 0.115363 0.134124 0.153243 0.172737 0.192622 0.212919 0.233647 0.254830 0.276490 0.298654 0.321349 0.344605 0.368454 0.392930 0.418072 0.443920 0.470520 0.497918 0.526168 0.555327 0.585456 0.616623 0.648900 0.682366 0.717104 0.753202 0.790753 0.829848 0.870577 0.913018 0.957226 1.003213 1.050916 1.100149 1.150527 1.201355 1.251479 1.299115 1.341713 1.376018 1.398524 1.406395 1.398524 1.376018 1.341713 1.299115 1.251479 1.201355 1.150527 1.100149 1.050916 1.003213 0.957226 0.913018 0.870577 0.829848 0.790753 0.753202 0.717104 0.682366 0.648900 0.616623 0.585456 0.555327 0.526168 0.497918 0.470520 0.443920 0.418072 0.392930 0.368454 0.344605 0.321349 0.298654 0.276490 0.254830 0.233647 0.212919 0.192622 0.172737 0.153243 0.134124 0.115363 0.096943 
0.094117 0.112416 0.131048 0.150028 0.169371 0.189096 0.209220 0.229762 0.250742 0.272184 0.294110 0.316546 0.339519 0.363058 0.387195 0.411963 0.437399 0.463542 0.490433 0.518117 0.546643 0.576060 0.606424 0.637791 0.670219 0.703770 0.738502 0.774473 0.811732 0.850316 0.890236 0.931470 0.973936 1.017464 1.061752 1.106308 1.150371 1.192832 1.232155 1.266374 1.293223 1.310469 1.316428 1.310469 1.293223 1.266374 1.232155 1.192832 1.150371 1.106308 1.061752 1.017464 0.973936 0.931470 0.890236 0.850316 0.811732 0.774473 0.738502 0.703770 0.670219 0.637791 0.606424 0.576060 0.546643 0.518117 0.490433 0.463542 0.437399 0.411963 0.387195 0.363058 0.339519 0.316546 0.294110 0.272184 0.250742 0.229762 0.209220 0.189096 0.169371 0.150028 0.131048 0.112416 0.094117 
