99 99
9.695656e+00 0 5
-0.158225 -0.149081 -0.139964 -0.130878 -0.121828 -0.112818 -0.103852 -0.094934 -0.086071 -0.077266 -0.068526 -0.059856 -0.051262 -0.042750 -0.034326 -0.025999 -0.017773 -0.009657 -0.001659 0.006215 0.013956 0.021555 0.029004 0.036295 0.043419 0.050366 0.057127 0.063694 0.070055 0.076203 0.082127 0.087818 0.093267 0.098464 0.103400 0.108065 0.112452 0.116552 0.120357 0.123858 0.127049 0.129924 0.132475 0.134698 0.136588 0.138140 0.139350 0.140217 0.140738 0.140912 0.140738 0.140217 0.139350 0.138140 0.136588 0.134698 0.132475 0.129924 0.127049 0.123858 0.120357 0.116552 0.112452 0.108065 0.103400 0.098464 0.093267 0.087818 0.082127 0.076203 0.070055 0.063694 0.057127 0.050366 0.043419 0.036295 0.029004 0.021555 0.013956 0.006215 -0.001659 -0.009657 -0.017773 -0.025999 -0.034326 -0.042750 -0.051262 -0.059856 -0.068526 -0.077266 -0.086071 -0.094934 -0.103852 -0.112818 -0.121828 -0.130878 -0.139964 -0.149081 -0.158225 
-0.149271 -0.139964 -0.130681 -0.121427 -0.112205 -0.103019 -0.093875 -0.084776 -0.075729 -0.066737 -0.057807 -0.048944 -0.040155 -0.031446 -0.022823 -0.014294 -0.005865 0.002456 0.010660 0.018741 0.026689 0.034497 0.042154 0.049652 0.056982 0.064135 0.071099 0.077866 0.084426 0.090768 0.096883 0.102760 0.108389 0.113760 0.118864 0.123691 0.128231 0.132475 0.136416 0.140043 0.143351 0.146331 0.148977 0.151282 0.153242 0.154852 0.156108 0.157008 0.157548 0.157729 0.157548 0.157008 0.156108 0.154852 0.153242 0.151282 0.148977 0.146331 0.143351 0.140043 0.136416 0.132475 0.128231 0.123691 0.118864 0.113760 0.108389 0.102760 0.096883 0.090768 0.084426 0.077866 0.071099 0.064135 0.056982 0.049652 0.042154 0.034497 0.026689 0.018741 0.010660 0.002456 -0.005865 -0.014294 -0.022823 -0.031446 -0.040155 -0.048944 -0.057807 -0.066737 -0.075729 -0.084776 -0.093875 -0.103019 -0.112205 -0.121427 -0.130681 -0.139964 -0.149271 
-0.140351 -0.130878 -0.121427 -0.112000 -0.102602 -0.093238 -0.083911 -0.074627 -0.065391 -0.056207 -0.047083 -0.038022 -0.029032 -0.020120 -0.011291 -0.002554 0.006085 0.014617 0.023036 0.031331 0.039495 0.047518 0.055392 0.063106 0.070652 0.078018 0.085195 0.092172 0.098939 0.105485 0.111800 0.117872 0.123691 0.129246 0.134527 0.139523 0.144225 0.148623 0.152707 0.156468 0.159898 0.162990 0.165736 0.168129 0.170164 0.171836 0.173140 0.174075 0.174636 0.174824 0.174636 0.174075 0.173140 0.171836 0.170164 0.168129 0.165736 0.162990 0.159898 0.156468 0.152707 0.148623 0.144225 0.139523 0.134527 0.129246 0.123691 0.117872 0.111800 0.105485 0.098939 0.092172 0.085195 0.078018 0.070652 0.063106 0.055392 0.047518 0.039495 0.031331 0.023036 0.014617 0.006085 -0.002554 -0.011291 -0.020120 -0.029032 -0.038022 -0.047083 -0.056207 -0.065391 -0.074627 -0.083911 -0.093238 -0.102602 -0.112000 -0.121427 -0.130878 -0.140351 
-0.131469 -0.121828 -0.112205 -0.102602 -0.093025 -0.083478 -0.073965 -0.064491 -0.055062 -0.045681 -0.036357 -0.027093 -0.017897 -0.008775 0.000266 0.009218 0.018074 0.026825 0.035464 0.043982 0.052370 0.060618 0.068717 0.076656 0.084426 0.092016 0.099415 0.106612 0.113597 0.120357 0.126881 0.133158 0.139177 0.144926 0.150394 0.155570 0.160442 0.165002 0.169238 0.173140 0.176701 0.179911 0.182763 0.185249 0.187364 0.189102 0.190458 0.191429 0.192013 0.192208 0.192013 0.191429 0.190458 0.189102 0.187364 0.185249 0.182763 0.179911 0.176701 0.173140 0.169238 0.165002 0.160442 0.155570 0.150394 0.144926 0.139177 0.133158 0.126881 0.120357 0.113597 0.106612 0.099415 0.092016 0.084426 0.076656 0.068717 0.060618 0.052370 0.043982 0.035464 0.026825 0.018074 0.009218 0.000266 -0.008775 -0.017897 -0.027093 -0.036357 -0.045681 -0.055062 -0.064491 -0.073965 -0.083478 -0.093025 -0.102602 -0.112205 -0.121828 -0.131469 
-0.122630 -0.112818 -0.103019 -0.093238 -0.083478 -0.073744 -0.064041 -0.054373 -0.044745 -0.035163 -0.025633 -0.016161 -0.006752 0.002585 0.011844 0.021018 0.030098 0.039076 0.047944 0.056693 0.065313 0.073794 0.082127 0.090301 0.098305 0.106129 0.113760 0.121188 0.128400 0.135385 0.142130 0.148623 0.154852 0.160805 0.166471 0.171836 0.176889 0.181620 0.186017 0.190070 0.193769 0.197105 0.200069 0.202655 0.204854 0.206662 0.208073 0.209084 0.209691 0.209894 0.209691 0.209084 0.208073 0.206662 0.204854 0.202655 0.200069 0.197105 0.193769 0.190070 0.186017 0.181620 0.176889 0.171836 0.166471 0.160805 0.154852 0.148623 0.142130 0.135385 0.128400 0.121188 0.113760 0.106129 0.098305 0.090301 0.082127 0.073794 0.065313 0.056693 0.047944 0.039076 0.030098 0.021018 0.011844 0.002585 -0.006752 -0.016161 -0.025633 -0.035163 -0.044745 -0.054373 -0.064041 -0.073744 -0.083478 -0.093238 -0.103019 -0.112818 -0.122630 
-0.113838 -0.103852 -0.093875 -0.083911 -0.073965 -0.064041 -0.054143 -0.044276 -0.034446 -0.024658 -0.014917 -0.005230 0.004397 0.013956 0.023440 0.032842 0.042154 0.051367 0.060472 0.069460 0.078321 0.087045 0.095622 0.104040 0.112289 0.120357 0.128231 0.135900 0.143351 0.150571 0.157548 0.164269 0.170720 0.176889 0.182763 0.188328 0.193573 0.198486 0.203054 0.207266 0.211112 0.214582 0.217666 0.220357 0.222647 0.224529 0.225999 0.227052 0.227684 0.227896 0.227684 0.227052 0.225999 0.224529 0.222647 0.220357 0.217666 0.214582 0.211112 0.207266 0.203054 0.198486 0.193573 0.188328 0.182763 0.176889 0.170720 0.164269 0.157548 0.150571 0.143351 0.135900 0.128231 0.120357 0.112289 0.104040 0.095622 0.087045 0.078321 0.069460 0.060472 0.051367 0.042154 0.032842 0.023440 0.013956 0.004397 -0.005230 -0.014917 -0.024658 -0.034446 -0.044276 -0.054143 -0.064041 -0.073965 -0.083911 -0.093875 -0.103852 -0.113838 
-0.105098 -0.094934 -0.084776 -0.074627 -0.064491 -0.054373 -0.044276 -0.034207 -0.024169 -0.014169 -0.004212 0.005695 0.015545 0.025333 0.035049 0.044687 0.054238 0.063694 0.073044 0.082280 0.091392 0.100368 0.109199 0.117872 0.126376 0.134698 0.142827 0.150749 0.158451 0.165919 0.173140 0.180101 0.186786 0.193183 0.199277 0.205055 0.210502 0.215608 0.220357 0.224739 0.228741 0.232354 0.235566 0.238369 0.240755 0.242717 0.244249 0.245347 0.246007 0.246227 0.246007 0.245347 0.244249 0.242717 0.240755 0.238369 0.235566 0.232354 0.228741 0.224739 0.220357 0.215608 0.210502 0.205055 0.199277 0.193183 0.186786 0.180101 0.173140 0.165919 0.158451 0.150749 0.142827 0.134698 0.126376 0.117872 0.109199 0.100368 0.091392 0.082280 0.073044 0.063694 0.054238 0.044687 0.035049 0.025333 0.015545 0.005695 -0.004212 -0.014169 -0.024169 -0.034207 -0.044276 -0.054373 -0.064491 -0.074627 -0.084776 -0.094934 -0.105098 
-0.096414 -0.086071 -0.075729 -0.065391 -0.055062 -0.044745 -0.034446 -0.024169 -0.013919 -0.003703 0.006475 0.016608 0.026689 0.036712 0.046667 0.056548 0.066346 0.076052 0.085657 0.095150 0.104521 0.113760 0.122855 0.131794 0.140564 0.149153 0.157548 0.165736 0.173701 0.181430 0.188908 0.196121 0.203054 0.209691 0.216019 0.222021 0.227684 0.232994 0.237937 0.242499 0.246668 0.250432 0.253781 0.256705 0.259194 0.261241 0.262840 0.263986 0.264675 0.264905 0.264675 0.263986 0.262840 0.261241 0.259194 0.256705 0.253781 0.250432 0.246668 0.242499 0.237937 0.232994 0.227684 0.222021 0.216019 0.209691 0.203054 0.196121 0.188908 0.181430 0.173701 0.165736 0.157548 0.149153 0.140564 0.131794 0.122855 0.113760 0.104521 0.095150 0.085657 0.076052 0.066346 0.056548 0.046667 0.036712 0.026689 0.016608 0.006475 -0.003703 -0.013919 -0.024169 -0.034446 -0.044745 -0.055062 -0.065391 -0.075729 -0.086071 -0.096414 
-0.087792 -0.077266 -0.066737 -0.056207 -0.045681 -0.035163 -0.024658 -0.014169 -0.003703 0.006736 0.017141 0.027505 0.037823 0.048086 0.058288 0.068420 0.078473 0.088438 0.098305 0.108065 0.117707 0.127218 0.136588 0.145804 0.154852 0.163720 0.172394 0.180860 0.189102 0.197105 0.204854 0.212334 0.219527 0.226420 0.232994 0.239235 0.245127 0.250655 0.255803 0.260558 0.264905 0.268831 0.272326 0.275378 0.277977 0.280116 0.281786 0.282984 0.283704 0.283944 0.283704 0.282984 0.281786 0.280116 0.277977 0.275378 0.272326 0.268831 0.264905 0.260558 0.255803 0.250655 0.245127 0.239235 0.232994 0.226420 0.219527 0.212334 0.204854 0.197105 0.189102 0.180860 0.172394 0.163720 0.154852 0.145804 0.136588 0.127218 0.117707 0.108065 0.098305 0.088438 0.078473 0.068420 0.058288 0.048086 0.037823 0.027505 0.017141 0.006736 -0.003703 -0.014169 -0.024658 -0.035163 -0.045681 -0.056207 -0.066737 -0.077266 -0.087792 
-0.079236 -0.068526 -0.057807 -0.047083 -0.036357 -0.025633 -0.014917 -0.004212 0.006475 0.017141 0.027777 0.038379 0.048940 0.059451 0.069906 0.080296 0.090612 0.100845 0.110985 0.121021 0.130943 0.140738 0.150394 0.159898 0.169238 0.178398 0.187364 0.196121 0.204654 0.212946 0.220980 0.228741 0.236211 0.243373 0.250210 0.256705 0.262840 0.268599 0.273967 0.278926 0.283464 0.287564 0.291215 0.294405 0.297122 0.299358 0.301106 0.302358 0.303112 0.303363 0.303112 0.302358 0.301106 0.299358 0.297122 0.294405 0.291215 0.287564 0.283464 0.278926 0.273967 0.268599 0.262840 0.256705 0.250210 0.243373 0.236211 0.228741 0.220980 0.212946 0.204654 0.196121 0.187364 0.178398 0.169238 0.159898 0.150394 0.140738 0.130943 0.121021 0.110985 0.100845 0.090612 0.080296 0.069906 0.059451 0.048940 0.038379 0.027777 0.017141 0.006475 -0.004212 -0.014917 -0.025633 -0.036357 -0.047083 -0.057807 -0.068526 -0.079236 
-0.070753 -0.059856 -0.048944 -0.038022 -0.027093 -0.016161 -0.005230 0.005695 0.016608 0.027505 0.038379 0.049225 0.060034 0.070801 0.081516 0.092172 0.102760 0.113269 0.123691 0.134013 0.144225 0.154315 0.164269 0.174075 0.183718 0.193183 0.202455 0.211519 0.220357 0.228953 0.237289 0.245347 0.253109 0.260558 0.267673 0.274437 0.280831 0.286838 0.292439 0.297618 0.302358 0.306645 0.310463 0.313801 0.316645 0.318987 0.320817 0.322129 0.322918 0.323182 0.322918 0.322129 0.320817 0.318987 0.316645 0.313801 0.310463 0.306645 0.302358 0.297618 0.292439 0.286838 0.280831 0.274437 0.267673 0.260558 0.253109 0.245347 0.237289 0.228953 0.220357 0.211519 0.202455 0.193183 0.183718 0.174075 0.164269 0.154315 0.144225 0.134013 0.123691 0.113269 0.102760 0.092172 0.081516 0.070801 0.060034 0.049225 0.038379 0.027505 0.016608 0.005695 -0.005230 -0.016161 -0.027093 -0.038022 -0.048944 -0.059856 -0.070753 
-0.062349 -0.051262 -0.040155 -0.029032 -0.017897 -0.006752 0.004397 0.015545 0.026689 0.037823 0.048940 0.060034 0.071099 0.082127 0.093110 0.104040 0.114908 0.125703 0.136416 0.147035 0.157548 0.167944 0.178209 0.188328 0.198288 0.208073 0.217666 0.227052 0.236211 0.245127 0.253781 0.262154 0.270226 0.277977 0.285388 0.292439 0.299109 0.305380 0.311231 0.316645 0.321604 0.326090 0.330088 0.333584 0.336565 0.339020 0.340939 0.342315 0.343143 0.343420 0.343143 0.342315 0.340939 0.339020 0.336565 0.333584 0.330088 0.326090 0.321604 0.316645 0.311231 0.305380 0.299109 0.292439 0.285388 0.277977 0.270226 0.262154 0.253781 0.245127 0.236211 0.227052 0.217666 0.208073 0.198288 0.188328 0.178209 0.167944 0.157548 0.147035 0.136416 0.125703 0.114908 0.104040 0.093110 0.082127 0.071099 0.060034 0.048940 0.037823 0.026689 0.015545 0.004397 -0.006752 -0.017897 -0.029032 -0.040155 -0.051262 -0.062349 
-0.054028 -0.042750 -0.031446 -0.020120 -0.008775 0.002585 0.013956 0.025333 0.036712 0.048086 0.059451 0.070801 0.082127 0.093424 0.104682 0.115894 0.127049 0.138140 0.149153 0.160080 0.170906 0.181620 0.192208 0.202655 0.212946 0.223064 0.232994 0.242717 0.252215 0.261469 0.270459 0.279164 0.287564 0.295638 0.303363 0.310719 0.317684 0.324237 0.330356 0.336022 0.341214 0.345915 0.350107 0.353774 0.356902 0.359479 0.361494 0.362940 0.363809 0.364100 0.363809 0.362940 0.361494 0.359479 0.356902 0.353774 0.350107 0.345915 0.341214 0.336022 0.330356 0.324237 0.317684 0.310719 0.303363 0.295638 0.287564 0.279164 0.270459 0.261469 0.252215 0.242717 0.232994 0.223064 0.212946 0.202655 0.192208 0.181620 0.170906 0.160080 0.149153 0.138140 0.127049 0.115894 0.104682 0.093424 0.082127 0.070801 0.059451 0.048086 0.036712 0.025333 0.013956 0.002585 -0.008775 -0.020120 -0.031446 -0.042750 -0.054028 
-0.045798 -0.034326 -0.022823 -0.011291 0.000266 0.011844 0.023440 0.035049 0.046667 0.058288 0.069906 0.081516 0.093110 0.104682 0.116223 0.127724 0.139177 0.150571 0.161896 0.173140 0.184291 0.195336 0.206259 0.217048 0.227684 0.238153 0.248435 0.258514 0.268368 0.277977 0.287322 0.296379 0.305127 0.313543 0.321604 0.329285 0.336565 0.343420 0.349826 0.355762 0.361206 0.366138 0.370538 0.374390 0.377677 0.380386 0.382505 0.384026 0.384941 0.385246 0.384941 0.384026 0.382505 0.380386 0.377677 0.374390 0.370538 0.366138 0.361206 0.355762 0.349826 0.343420 0.336565 0.329285 0.321604 0.313543 0.305127 0.296379 0.287322 0.277977 0.268368 0.258514 0.248435 0.238153 0.227684 0.217048 0.206259 0.195336 0.184291 0.173140 0.161896 0.150571 0.139177 0.127724 0.116223 0.104682 0.093110 0.081516 0.069906 0.058288 0.046667 0.035049 0.023440 0.011844 0.000266 -0.011291 -0.022823 -0.034326 -0.045798 
-0.037666 -0.025999 -0.014294 -0.002554 0.009218 0.021018 0.032842 0.044687 0.056548 0.068420 0.080296 0.092172 0.104040 0.115894 0.127724 0.139523 0.151282 0.162990 0.174636 0.186209 0.197696 0.209084 0.220357 0.231501 0.242499 0.253333 0.263986 0.274437 0.284666 0.294651 0.304370 0.313801 0.322918 0.331698 0.340116 0.348145 0.355762 0.362940 0.369654 0.375881 0.381596 0.386777 0.391402 0.395454 0.398913 0.401765 0.403997 0.405599 0.406563 0.406885 0.406563 0.405599 0.403997 0.401765 0.398913 0.395454 0.391402 0.386777 0.381596 0.375881 0.369654 0.362940 0.355762 0.348145 0.340116 0.331698 0.322918 0.313801 0.304370 0.294651 0.284666 0.274437 0.263986 0.253333 0.242499 0.231501 0.220357 0.209084 0.197696 0.186209 0.174636 0.162990 0.151282 0.139523 0.127724 0.115894 0.104040 0.092172 0.080296 0.068420 0.056548 0.044687 0.032842 0.021018 0.009218 -0.002554 -0.014294 -0.025999 -0.037666 
-0.029637 -0.017773 -0.005865 0.006085 0.018074 0.030098 0.042154 0.054238 0.066346 0.078473 0.090612 0.102760 0.114908 0.127049 0.139177 0.151282 0.163355 0.175386 0.187364 0.199277 0.211112 0.222856 0.234493 0.246007 0.257382 0.268599 0.279640 0.290482 0.301106 0.311488 0.321604 0.331429 0.340939 0.350107 0.358905 0.367307 0.375284 0.382809 0.389855 0.396394 0.402402 0.407852 0.412721 0.416989 0.420635 0.423642 0.425997 0.427687 0.428704 0.429044 0.428704 0.427687 0.425997 0.423642 0.420635 0.416989 0.412721 0.407852 0.402402 0.396394 0.389855 0.382809 0.375284 0.367307 0.358905 0.350107 0.340939 0.331429 0.321604 0.311488 0.301106 0.290482 0.279640 0.268599 0.257382 0.246007 0.234493 0.222856 0.211112 0.199277 0.187364 0.175386 0.163355 0.151282 0.139177 0.127049 0.114908 0.102760 0.090612 0.078473 0.066346 0.054238 0.042154 0.030098 0.018074 0.006085 -0.005865 -0.017773 -0.029637 
-0.021719 -0.009657 0.002456 0.014617 0.026825 0.039076 0.051367 0.063694 0.076052 0.088438 0.100845 0.113269 0.125703 0.138140 0.150571 0.162990 0.175386 0.187749 0.200069 0.212334 0.224529 0.236642 0.248657 0.260558 0.272326 0.283944 0.295391 0.306645 0.317684 0.328484 0.339020 0.349265 0.359192 0.368772 0.377977 0.386777 0.395141 0.403039 0.410442 0.417319 0.423642 0.429384 0.434518 0.439020 0.442869 0.446046 0.448534 0.450320 0.451396 0.451755 0.451396 0.450320 0.448534 0.446046 0.442869 0.439020 0.434518 0.429384 0.423642 0.417319 0.410442 0.403039 0.395141 0.386777 0.377977 0.368772 0.359192 0.349265 0.339020 0.328484 0.317684 0.306645 0.295391 0.283944 0.272326 0.260558 0.248657 0.236642 0.224529 0.212334 0.200069 0.187749 0.175386 0.162990 0.150571 0.138140 0.125703 0.113269 0.100845 0.088438 0.076052 0.063694 0.051367 0.039076 0.026825 0.014617 0.002456 -0.009657 -0.021719 
-0.013919 -0.001659 0.010660 0.023036 0.035464 0.047944 0.060472 0.073044 0.085657 0.098305 0.110985 0.123691 0.136416 0.149153 0.161896 0.174636 0.187364 0.200069 0.212741 0.225368 0.237937 0.250432 0.262840 0.275142 0.287322 0.299358 0.311231 0.322918 0.334395 0.345637 0.356617 0.367307 0.377677 0.387698 0.397337 0.406563 0.415342 0.423642 0.431430 0.438672 0.445338 0.451396 0.456817 0.461575 0.465645 0.469006 0.471640 0.473532 0.474671 0.475051 0.474671 0.473532 0.471640 0.469006 0.465645 0.461575 0.456817 0.451396 0.445338 0.438672 0.431430 0.423642 0.415342 0.406563 0.397337 0.387698 0.377677 0.367307 0.356617 0.345637 0.334395 0.322918 0.311231 0.299358 0.287322 0.275142 0.262840 0.250432 0.237937 0.225368 0.212741 0.200069 0.187364 0.174636 0.161896 0.149153 0.136416 0.123691 0.110985 0.098305 0.085657 0.073044 0.060472 0.047944 0.035464 0.023036 0.010660 -0.001659 -0.013919 
-0.006245 0.006215 0.018741 0.031331 0.043982 0.056693 0.069460 0.082280 0.095150 0.108065 0.121021 0.134013 0.147035 0.160080 0.173140 0.186209 0.199277 0.212334 0.225368 0.238369 0.251323 0.264215 0.277030 0.289751 0.302358 0.314833 0.327152 0.339294 0.351232 0.362940 0.374390 0.385552 0.396394 0.406885 0.416989 0.426672 0.435898 0.444631 0.452834 0.460472 0.467509 0.473911 0.479646 0.484682 0.488994 0.492557 0.495350 0.497357 0.498566 0.498970 0.498566 0.497357 0.495350 0.492557 0.488994 0.484682 0.479646 0.473911 0.467509 0.460472 0.452834 0.444631 0.435898 0.426672 0.416989 0.406885 0.396394 0.385552 0.374390 0.362940 0.351232 0.339294 0.327152 0.314833 0.302358 0.289751 0.277030 0.264215 0.251323 0.238369 0.225368 0.212334 0.199277 0.186209 0.173140 0.160080 0.147035 0.134013 0.121021 0.108065 0.095150 0.082280 0.069460 0.056693 0.043982 0.031331 0.018741 0.006215 -0.006245 
0.001295 0.013956 0.026689 0.039495 0.052370 0.065313 0.078321 0.091392 0.104521 0.117707 0.130943 0.144225 0.157548 0.170906 0.184291 0.197696 0.211112 0.224529 0.237937 0.251323 0.264675 0.277977 0.291215 0.304370 0.317424 0.330356 0.343143 0.355762 0.368185 0.380386 0.392334 0.403997 0.415342 0.426334 0.436936 0.447110 0.456817 0.466017 0.474671 0.482738 0.490178 0.496955 0.503031 0.508373 0.512950 0.516735 0.519703 0.521837 0.523123 0.523552 0.523123 0.521837 0.519703 0.516735 0.512950 0.508373 0.503031 0.496955 0.490178 0.482738 0.474671 0.466017 0.456817 0.447110 0.436936 0.426334 0.415342 0.403997 0.392334 0.380386 0.368185 0.355762 0.343143 0.330356 0.317424 0.304370 0.291215 0.277977 0.264675 0.251323 0.237937 0.224529 0.211112 0.197696 0.184291 0.170906 0.157548 0.144225 0.130943 0.117707 0.104521 0.091392 0.078321 0.065313 0.052370 0.039495 0.026689 0.013956 0.001295 
0.008694 0.021555 0.034497 0.047518 0.060618 0.073794 0.087045 0.100368 0.113760 0.127218 0.140738 0.154315 0.167944 0.181620 0.195336 0.209084 0.222856 0.236642 0.250432 0.264215 0.277977 0.291704 0.305380 0.318987 0.332505 0.345915 0.359192 0.372311 0.385246 0.397967 0.410442 0.422637 0.434518 0.446046 0.457181 0.467883 0.478108 0.487814 0.496955 0.505488 0.513369 0.520555 0.527006 0.532682 0.537550 0.541578 0.544740 0.547013 0.548384 0.548842 0.548384 0.547013 0.544740 0.541578 0.537550 0.532682 0.527006 0.520555 0.513369 0.505488 0.496955 0.487814 0.478108 0.467883 0.457181 0.446046 0.434518 0.422637 0.410442 0.397967 0.385246 0.372311 0.359192 0.345915 0.332505 0.318987 0.305380 0.291704 0.277977 0.264215 0.250432 0.236642 0.222856 0.209084 0.195336 0.181620 0.167944 0.154315 0.140738 0.127218 0.113760 0.100368 0.087045 0.073794 0.060618 0.047518 0.034497 0.021555 0.008694 
0.015944 0.029004 0.042154 0.055392 0.068717 0.082127 0.095622 0.109199 0.122855 0.136588 0.150394 0.164269 0.178209 0.192208 0.206259 0.220357 0.234493 0.248657 0.262840 0.277030 0.291215 0.305380 0.319509 0.333584 0.347587 0.361494 0.375284 0.388929 0.402402 0.415671 0.428704 0.441466 0.453917 0.466017 0.477725 0.488994 0.499779 0.510032 0.519703 0.528744 0.537105 0.544740 0.551601 0.557646 0.562835 0.567131 0.570506 0.572935 0.574400 0.574889 0.574400 0.572935 0.570506 0.567131 0.562835 0.557646 0.551601 0.544740 0.537105 0.528744 0.519703 0.510032 0.499779 0.488994 0.477725 0.466017 0.453917 0.441466 0.428704 0.415671 0.402402 0.388929 0.375284 0.361494 0.347587 0.333584 0.319509 0.305380 0.291215 0.277030 0.262840 0.248657 0.234493 0.220357 0.206259 0.192208 0.178209 0.164269 0.150394 0.136588 0.122855 0.109199 0.095622 0.082127 0.068717 0.055392 0.042154 0.029004 0.015944 
0.023036 0.036295 0.049652 0.063106 0.076656 0.090301 0.104040 0.117872 0.131794 0.145804 0.159898 0.174075 0.188328 0.202655 0.217048 0.231501 0.246007 0.260558 0.275142 0.289751 0.304370 0.318987 0.333584 0.348145 0.362650 0.377077 0.391402 0.405599 0.419637 0.433486 0.447110 0.460472 0.473532 0.486245 0.498566 0.510447 0.521837 0.532682 0.542930 0.552525 0.561413 0.569539 0.576853 0.583304 0.588847 0.593442 0.597054 0.599655 0.601224 0.601748 0.601224 0.599655 0.597054 0.593442 0.588847 0.583304 0.576853 0.569539 0.561413 0.552525 0.542930 0.532682 0.521837 0.510447 0.498566 0.486245 0.473532 0.460472 0.447110 0.433486 0.419637 0.405599 0.391402 0.377077 0.362650 0.348145 0.333584 0.318987 0.304370 0.289751 0.275142 0.260558 0.246007 0.231501 0.217048 0.202655 0.188328 0.174075 0.159898 0.145804 0.131794 0.117872 0.104040 0.090301 0.076656 0.063106 0.049652 0.036295 0.023036 
0.029961 0.043419 0.056982 0.070652 0.084426 0.098305 0.112289 0.126376 0.140564 0.154852 0.169238 0.183718 0.198288 0.212946 0.227684 0.242499 0.257382 0.272326 0.287322 0.302358 0.317424 0.332505 0.347587 0.362650 0.377677 0.392645 0.407529 0.422303 0.436936 0.451396 0.465645 0.479646 0.493353 0.506722 0.519703 0.532243 0.544286 0.555776 0.566652 0.576853 0.586318 0.594986 0.602799 0.609700 0.615636 0.620563 0.624439 0.627231 0.628916 0.629480 0.628916 0.627231 0.624439 0.620563 0.615636 0.609700 0.602799 0.594986 0.586318 0.576853 0.566652 0.555776 0.544286 0.532243 0.519703 0.506722 0.493353 0.479646 0.465645 0.451396 0.436936 0.422303 0.407529 0.392645 0.377677 0.362650 0.347587 0.332505 0.317424 0.302358 0.287322 0.272326 0.257382 0.242499 0.227684 0.212946 0.198288 0.183718 0.169238 0.154852 0.140564 0.126376 0.112289 0.098305 0.084426 0.070652 0.056982 0.043419 0.029961 
0.036712 0.050366 0.064135 0.078018 0.092016 0.106129 0.120357 0.134698 0.149153 0.163720 0.178398 0.193183 0.208073 0.223064 0.238153 0.253333 0.268599 0.283944 0.299358 0.314833 0.330356 0.345915 0.361494 0.377077 0.392645 0.408175 0.423642 0.439020 0.454278 0.469382 0.484293 0.498970 0.513369 0.527439 0.541129 0.554379 0.567131 0.579321 0.590883 0.601748 0.611848 0.621114 0.629480 0.636880 0.643255 0.648551 0.652722 0.655729 0.657545 0.658152 0.657545 0.655729 0.652722 0.648551 0.643255 0.636880 0.629480 0.621114 0.611848 0.601748 0.590883 0.579321 0.567131 0.554379 0.541129 0.527439 0.513369 0.498970 0.484293 0.469382 0.454278 0.439020 0.423642 0.408175 0.392645 0.377077 0.361494 0.345915 0.330356 0.314833 0.299358 0.283944 0.268599 0.253333 0.238153 0.223064 0.208073 0.193183 0.178398 0.163720 0.149153 0.134698 0.120357 0.106129 0.092016 0.078018 0.064135 0.050366 0.036712 
0.043278 0.057127 0.071099 0.085195 0.099415 0.113760 0.128231 0.142827 0.157548 0.172394 0.187364 0.202455 0.217666 0.232994 0.248435 0.263986 0.279640 0.295391 0.311231 0.327152 0.343143 0.359192 0.375284 0.391402 0.407529 0.423642 0.439718 0.455727 0.471640 0.487421 0.503031 0.518428 0.533563 0.548384 0.562835 0.576853 0.590373 0.603325 0.615636 0.627231 0.638031 0.647959 0.656939 0.664896 0.671761 0.677472 0.681974 0.685223 0.687185 0.687842 0.687185 0.685223 0.681974 0.677472 0.671761 0.664896 0.656939 0.647959 0.638031 0.627231 0.615636 0.603325 0.590373 0.576853 0.562835 0.548384 0.533563 0.518428 0.503031 0.487421 0.471640 0.455727 0.439718 0.423642 0.407529 0.391402 0.375284 0.359192 0.343143 0.327152 0.311231 0.295391 0.279640 0.263986 0.248435 0.232994 0.217666 0.202455 0.187364 0.172394 0.157548 0.142827 0.128231 0.113760 0.099415 0.085195 0.071099 0.057127 0.043278 
0.049652 0.063694 0.077866 0.092172 0.106612 0.121188 0.135900 0.150749 0.165736 0.180860 0.196121 0.211519 0.227052 0.242717 0.258514 0.274437 0.290482 0.306645 0.322918 0.339294 0.355762 0.372311 0.388929 0.405599 0.422303 0.439020 0.455727 0.472396 0.488994 0.505488 0.521837 0.537996 0.553915 0.569539 0.584808 0.599655 0.614008 0.627792 0.640925 0.653322 0.664896 0.675559 0.685223 0.693802 0.701218 0.707395 0.712271 0.715793 0.717922 0.718635 0.717922 0.715793 0.712271 0.707395 0.701218 0.693802 0.685223 0.675559 0.664896 0.653322 0.640925 0.627792 0.614008 0.599655 0.584808 0.569539 0.553915 0.537996 0.521837 0.505488 0.488994 0.472396 0.455727 0.439020 0.422303 0.405599 0.388929 0.372311 0.355762 0.339294 0.322918 0.306645 0.290482 0.274437 0.258514 0.242717 0.227052 0.211519 0.196121 0.180860 0.165736 0.150749 0.135900 0.121188 0.106612 0.092172 0.077866 0.063694 0.049652 
0.055825 0.070055 0.084426 0.098939 0.113597 0.128400 0.143351 0.158451 0.173701 0.189102 0.204654 0.220357 0.236211 0.252215 0.268368 0.284666 0.301106 0.317684 0.334395 0.351232 0.368185 0.385246 0.402402 0.419637 0.436936 0.454278 0.471640 0.488994 0.506310 0.523552 0.540679 0.557646 0.574400 0.590883 0.607031 0.622773 0.638031 0.652722 0.666756 0.680038 0.692470 0.703951 0.714380 0.723660 0.731695 0.738401 0.743701 0.747534 0.749852 0.750628 0.749852 0.747534 0.743701 0.738401 0.731695 0.723660 0.714380 0.703951 0.692470 0.680038 0.666756 0.652722 0.638031 0.622773 0.607031 0.590883 0.574400 0.557646 0.540679 0.523552 0.506310 0.488994 0.471640 0.454278 0.436936 0.419637 0.402402 0.385246 0.368185 0.351232 0.334395 0.317684 0.301106 0.284666 0.268368 0.252215 0.236211 0.220357 0.204654 0.189102 0.173701 0.158451 0.143351 0.128400 0.113597 0.098939 0.084426 0.070055 0.055825 
0.061787 0.076203 0.090768 0.105485 0.120357 0.135385 0.150571 0.165919 0.181430 0.197105 0.212946 0.228953 0.245127 0.261469 0.277977 0.294651 0.311488 0.328484 0.345637 0.362940 0.380386 0.397967 0.415671 0.433486 0.451396 0.469382 0.487421 0.505488 0.523552 0.541578 0.559525 0.577345 0.594986 0.612387 0.629480 0.646188 0.662430 0.678112 0.693136 0.707395 0.720780 0.733175 0.744464 0.754533 0.763271 0.770577 0.776361 0.780548 0.783084 0.783933 0.783084 0.780548 0.776361 0.770577 0.763271 0.754533 0.744464 0.733175 0.720780 0.707395 0.693136 0.678112 0.662430 0.646188 0.629480 0.612387 0.594986 0.577345 0.559525 0.541578 0.523552 0.505488 0.487421 0.469382 0.451396 0.433486 0.415671 0.397967 0.380386 0.362940 0.345637 0.328484 0.311488 0.294651 0.277977 0.261469 0.245127 0.228953 0.212946 0.197105 0.181430 0.165919 0.150571 0.135385 0.120357 0.105485 0.090768 0.076203 0.061787 
0.067530 0.082127 0.096883 0.111800 0.126881 0.142130 0.157548 0.173140 0.188908 0.204854 0.220980 0.237289 0.253781 0.270459 0.287322 0.304370 0.321604 0.339020 0.356617 0.374390 0.392334 0.410442 0.428704 0.447110 0.465645 0.484293 0.503031 0.521837 0.540679 0.559525 0.578332 0.597054 0.615636 0.634017 0.652123 0.669876 0.687185 0.703951 0.720064 0.735406 0.749852 0.763271 0.775529 0.786492 0.796030 0.804022 0.810361 0.814957 0.817742 0.818676 0.817742 0.814957 0.810361 0.804022 0.796030 0.786492 0.775529 0.763271 0.749852 0.735406 0.720064 0.703951 0.687185 0.669876 0.652123 0.634017 0.615636 0.597054 0.578332 0.559525 0.540679 0.521837 0.503031 0.484293 0.465645 0.447110 0.428704 0.410442 0.392334 0.374390 0.356617 0.339020 0.321604 0.304370 0.287322 0.270459 0.253781 0.237289 0.220980 0.204854 0.188908 0.173140 0.157548 0.142130 0.126881 0.111800 0.096883 0.082127 0.067530 
0.073044 0.087818 0.102760 0.117872 0.133158 0.148623 0.164269 0.180101 0.196121 0.212334 0.228741 0.245347 0.262154 0.279164 0.296379 0.313801 0.331429 0.349265 0.367307 0.385552 0.403997 0.422637 0.441466 0.460472 0.479646 0.498970 0.518428 0.537996 0.557646 0.577345 0.597054 0.616726 0.636306 0.655729 0.674923 0.693802 0.712271 0.730222 0.747534 0.764076 0.779707 0.794277 0.807631 0.819611 0.830065 0.838846 0.845826 0.850896 0.853972 0.855003 0.853972 0.850896 0.845826 0.838846 0.830065 0.819611 0.807631 0.794277 0.779707 0.764076 0.747534 0.730222 0.712271 0.693802 0.674923 0.655729 0.636306 0.616726 0.597054 0.577345 0.557646 0.537996 0.518428 0.498970 0.479646 0.460472 0.441466 0.422637 0.403997 0.385552 0.367307 0.349265 0.331429 0.313801 0.296379 0.279164 0.262154 0.245347 0.228741 0.212334 0.196121 0.180101 0.164269 0.148623 0.133158 0.117872 0.102760 0.087818 0.073044 
0.078321 0.093267 0.108389 0.123691 0.139177 0.154852 0.170720 0.186786 0.203054 0.219527 0.236211 0.253109 0.270226 0.287564 0.305127 0.322918 0.340939 0.359192 0.377677 0.396394 0.415342 0.434518 0.453917 0.473532 0.493353 0.513369 0.533563 0.553915 0.574400 0.594986 0.615636 0.636306 0.656939 0.677472 0.697829 0.717922 0.737650 0.756896 0.775529 0.793404 0.810361 0.826229 0.840827 0.853972 0.865479 0.875175 0.882900 0.888522 0.891938 0.893084 0.891938 0.888522 0.882900 0.875175 0.865479 0.853972 0.840827 0.826229 0.810361 0.793404 0.775529 0.756896 0.737650 0.717922 0.697829 0.677472 0.656939 0.636306 0.615636 0.594986 0.574400 0.553915 0.533563 0.513369 0.493353 0.473532 0.453917 0.434518 0.415342 0.396394 0.377677 0.359192 0.340939 0.322918 0.305127 0.287564 0.270226 0.253109 0.236211 0.219527 0.203054 0.186786 0.170720 0.154852 0.139177 0.123691 0.108389 0.093267 0.078321 
0.083352 0.098464 0.113760 0.129246 0.144926 0.160805 0.176889 0.193183 0.209691 0.226420 0.243373 0.260558 0.277977 0.295638 0.313543 0.331698 0.350107 0.368772 0.387698 0.406885 0.426334 0.446046 0.466017 0.486245 0.506722 0.527439 0.548384 0.569539 0.590883 0.612387 0.634017 0.655729 0.677472 0.699181 0.720780 0.742179 0.763271 0.783933 0.804022 0.823378 0.841821 0.859157 0.875175 0.889657 0.902385 0.913146 0.921746 0.928018 0.931836 0.933117 0.931836 0.928018 0.921746 0.913146 0.902385 0.889657 0.875175 0.859157 0.841821 0.823378 0.804022 0.783933 0.763271 0.742179 0.720780 0.699181 0.677472 0.655729 0.634017 0.612387 0.590883 0.569539 0.548384 0.527439 0.506722 0.486245 0.466017 0.446046 0.426334 0.406885 0.387698 0.368772 0.350107 0.331698 0.313543 0.295638 0.277977 0.260558 0.243373 0.226420 0.209691 0.193183 0.176889 0.160805 0.144926 0.129246 0.113760 0.098464 0.083352 
0.088128 0.103400 0.118864 0.134527 0.150394 0.166471 0.182763 0.199277 0.216019 0.232994 0.250210 0.267673 0.285388 0.303363 0.321604 0.340116 0.358905 0.377977 0.397337 0.416989 0.436936 0.457181 0.477725 0.498566 0.519703 0.541129 0.562835 0.584808 0.607031 0.629480 0.652123 0.674923 0.697829 0.720780 0.743701 0.766500 0.789069 0.811275 0.832968 0.853972 0.874084 0.893084 0.910726 0.926755 0.940905 0.952918 0.962551 0.969597 0.973893 0.975337 0.973893 0.969597 0.962551 0.952918 0.940905 0.926755 0.910726 0.893084 0.874084 0.853972 0.832968 0.811275 0.789069 0.766500 0.743701 0.720780 0.697829 0.674923 0.652123 0.629480 0.607031 0.584808 0.562835 0.541129 0.519703 0.498566 0.477725 0.457181 0.436936 0.416989 0.397337 0.377977 0.358905 0.340116 0.321604 0.303363 0.285388 0.267673 0.250210 0.232994 0.216019 0.199277 0.182763 0.166471 0.150394 0.134527 0.118864 0.103400 0.088128 
0.092641 0.108065 0.123691 0.139523 0.155570 0.171836 0.188328 0.205055 0.222021 0.239235 0.256705 0.274437 0.292439 0.310719 0.329285 0.348145 0.367307 0.386777 0.406563 0.426672 0.447110 0.467883 0.488994 0.510447 0.532243 0.554379 0.576853 0.599655 0.622773 0.646188 0.669876 0.693802 0.717922 0.742179 0.766500 0.790797 0.814957 0.838846 0.862304 0.885138 0.907128 0.928018 0.947529 0.965353 0.981172 0.994666 1.005534 1.013508 1.018382 1.020022 1.018382 1.013508 1.005534 0.994666 0.981172 0.965353 0.947529 0.928018 0.907128 0.885138 0.862304 0.838846 0.814957 0.790797 0.766500 0.742179 0.717922 0.693802 0.669876 0.646188 0.622773 0.599655 0.576853 0.554379 0.532243 0.510447 0.488994 0.467883 0.447110 0.426672 0.406563 0.386777 0.367307 0.348145 0.329285 0.310719 0.292439 0.274437 0.256705 0.239235 0.222021 0.205055 0.188328 0.171836 0.155570 0.139523 0.123691 0.108065 0.092641 
0.096883 0.112452 0.128231 0.144225 0.160442 0.176889 0.193573 0.210502 0.227684 0.245127 0.262840 0.280831 0.299109 0.317684 0.336565 0.355762 0.375284 0.395141 0.415342 0.435898 0.456817 0.478108 0.499779 0.521837 0.544286 0.567131 0.590373 0.614008 0.638031 0.662430 0.687185 0.712271 0.737650 0.763271 0.789069 0.814957 0.840827 0.866543 0.891938 0.916806 0.940905 0.963949 0.985613 1.005534 1.023325 1.038590 1.050945 1.060048 1.065627 1.067507 1.065627 1.060048 1.050945 1.038590 1.023325 1.005534 0.985613 0.963949 0.940905 0.916806 0.891938 0.866543 0.840827 0.814957 0.789069 0.763271 0.737650 0.712271 0.687185 0.662430 0.638031 0.614008 0.590373 0.567131 0.544286 0.521837 0.499779 0.478108 0.456817 0.435898 0.415342 0.395141 0.375284 0.355762 0.336565 0.317684 0.299109 0.280831 0.262840 0.245127 0.227684 0.210502 0.193573 0.176889 0.160442 0.144225 0.128231 0.112452 0.096883 
0.100845 0.116552 0.132475 0.148623 0.165002 0.181620 0.198486 0.215608 0.232994 0.250655 0.268599 0.286838 0.305380 0.324237 0.343420 0.362940 0.382809 0.403039 0.423642 0.444631 0.466017 0.487814 0.510032 0.532682 0.555776 0.579321 0.603325 0.627792 0.652722 0.678112 0.703951 0.730222 0.756896 0.783933 0.811275 0.838846 0.866543 0.894233 0.921746 0.948868 0.975337 1.000835 1.024988 1.047369 1.067507 1.084906 1.099076 1.109569 1.116023 1.118202 1.116023 1.109569 1.099076 1.084906 1.067507 1.047369 1.024988 1.000835 0.975337 0.948868 0.921746 0.894233 0.866543 0.838846 0.811275 0.783933 0.756896 0.730222 0.703951 0.678112 0.652722 0.627792 0.603325 0.579321 0.555776 0.532682 0.510032 0.487814 0.466017 0.444631 0.423642 0.403039 0.382809 0.362940 0.343420 0.324237 0.305380 0.286838 0.268599 0.250655 0.232994 0.215608 0.198486 0.181620 0.165002 0.148623 0.132475 0.116552 0.100845 
0.104521 0.120357 0.136416 0.152707 0.169238 0.186017 0.203054 0.220357 0.237937 0.255803 0.273967 0.292439 0.311231 0.330356 0.349826 0.369654 0.389855 0.410442 0.431430 0.452834 0.474671 0.496955 0.519703 0.542930 0.566652 0.590883 0.615636 0.640925 0.666756 0.693136 0.720064 0.747534 0.775529 0.804022 0.832968 0.862304 0.891938 0.921746 0.951563 0.981172 1.010297 1.038590 1.065627 1.090908 1.113858 1.133857 1.150268 1.162498 1.170054 1.172611 1.170054 1.162498 1.150268 1.133857 1.113858 1.090908 1.065627 1.038590 1.010297 0.981172 0.951563 0.921746 0.891938 0.862304 0.832968 0.804022 0.775529 0.747534 0.720064 0.693136 0.666756 0.640925 0.615636 0.590883 0.566652 0.542930 0.519703 0.496955 0.474671 0.452834 0.431430 0.410442 0.389855 0.369654 0.349826 0.330356 0.311231 0.292439 0.273967 0.255803 0.237937 0.220357 0.203054 0.186017 0.169238 0.152707 0.136416 0.120357 0.104521 
0.107904 0.123858 0.140043 0.156468 0.173140 0.190070 0.207266 0.224739 0.242499 0.260558 0.278926 0.297618 0.316645 0.336022 0.355762 0.375881 0.396394 0.417319 0.438672 0.460472 0.482738 0.505488 0.528744 0.552525 0.576853 0.601748 0.627231 0.653322 0.680038 0.707395 0.735406 0.764076 0.793404 0.823378 0.853972 0.885138 0.916806 0.948868 0.981172 1.013508 1.045596 1.077065 1.107445 1.136153 1.162498 1.185695 1.204914 1.219351 1.228323 1.231368 1.228323 1.219351 1.204914 1.185695 1.162498 1.136153 1.107445 1.077065 1.045596 1.013508 0.981172 0.948868 0.916806 0.885138 0.853972 0.823378 0.793404 0.764076 0.735406 0.707395 0.680038 0.653322 0.627231 0.601748 0.576853 0.552525 0.528744 0.505488 0.482738 0.460472 0.438672 0.417319 0.396394 0.375881 0.355762 0.336022 0.316645 0.297618 0.278926 0.260558 0.242499 0.224739 0.207266 0.190070 0.173140 0.156468 0.140043 0.123858 0.107904 
0.110985 0.127049 0.143351 0.159898 0.176701 0.193769 0.211112 0.228741 0.246668 0.264905 0.283464 0.302358 0.321604 0.341214 0.361206 0.381596 0.402402 0.423642 0.445338 0.467509 0.490178 0.513369 0.537105 0.561413 0.586318 0.611848 0.638031 0.664896 0.692470 0.720780 0.749852 0.779707 0.810361 0.841821 0.874084 0.907128 0.940905 0.975337 1.010297 1.045596 1.080963 1.116023 1.150268 1.183037 1.213501 1.240675 1.263463 1.280760 1.291592 1.295283 1.291592 1.280760 1.263463 1.240675 1.213501 1.183037 1.150268 1.116023 1.080963 1.045596 1.010297 0.975337 0.940905 0.907128 0.874084 0.841821 0.810361 0.779707 0.749852 0.720780 0.692470 0.664896 0.638031 0.611848 0.586318 0.561413 0.537105 0.513369 0.490178 0.467509 0.445338 0.423642 0.402402 0.381596 0.361206 0.341214 0.321604 0.302358 0.283464 0.264905 0.246668 0.228741 0.211112 0.193769 0.176701 0.159898 0.143351 0.127049 0.110985 
0.113760 0.129924 0.146331 0.162990 0.179911 0.197105 0.214582 0.232354 0.250432 0.268831 0.287564 0.306645 0.326090 0.345915 0.366138 0.386777 0.407852 0.429384 0.451396 0.473911 0.496955 0.520555 0.544740 0.569539 0.594986 0.621114 0.647959 0.675559 0.703951 0.733175 0.763271 0.794277 0.826229 0.859157 0.893084 0.928018 0.963949 1.000835 1.038590 1.077065 1.116023 1.155107 1.193797 1.231368 1.266851 1.299017 1.326417 1.347501 1.360843 1.365415 1.360843 1.347501 1.326417 1.299017 1.266851 1.231368 1.193797 1.155107 1.116023 1.077065 1.038590 1.000835 0.963949 0.928018 0.893084 0.859157 0.826229 0.794277 0.763271 0.733175 0.703951 0.675559 0.647959 0.621114 0.594986 0.569539 0.544740 0.520555 0.496955 0.473911 0.451396 0.429384 0.407852 0.386777 0.366138 0.345915 0.326090 0.306645 0.287564 0.268831 0.250432 0.232354 0.214582 0.197105 0.179911 0.162990 0.146331 0.129924 0.113760 
0.116223 0.132475 0.148977 0.165736 0.182763 0.200069 0.217666 0.235566 0.253781 0.272326 0.291215 0.310463 0.330088 0.350107 0.370538 0.391402 0.412721 0.434518 0.456817 0.479646 0.503031 0.527006 0.551601 0.576853 0.602799 0.629480 0.656939 0.685223 0.714380 0.744464 0.775529 0.807631 0.840827 0.875175 0.910726 0.947529 0.985613 1.024988 1.065627 1.107445 1.150268 1.193797 1.237543 1.280760 1.322359 1.360843 1.394299 1.420527 1.437365 1.443181 1.437365 1.420527 1.394299 1.360843 1.322359 1.280760 1.237543 1.193797 1.150268 1.107445 1.065627 1.024988 0.985613 0.947529 0.910726 0.875175 0.840827 0.807631 0.775529 0.744464 0.714380 0.685223 0.656939 0.629480 0.602799 0.576853 0.551601 0.527006 0.503031 0.479646 0.456817 0.434518 0.412721 0.391402 0.370538 0.350107 0.330088 0.310463 0.291215 0.272326 0.253781 0.235566 0.217666 0.200069 0.182763 0.165736 0.148977 0.132475 0.116223 
0.118368 0.134698 0.151282 0.168129 0.185249 0.202655 0.220357 0.238369 0.256705 0.275378 0.294405 0.313801 0.333584 0.353774 0.374390 0.395454 0.416989 0.439020 0.461575 0.484682 0.508373 0.532682 0.557646 0.583304 0.609700 0.636880 0.664896 0.693802 0.723660 0.754533 0.786492 0.819611 0.853972 0.889657 0.926755 0.965353 1.005534 1.047369 1.090908 1.136153 1.183037 1.231368 1.280760 1.330526 1.379533 1.426042 1.467575 1.500985 1.522884 1.530539 1.522884 1.500985 1.467575 1.426042 1.379533 1.330526 1.280760 1.231368 1.183037 1.136153 1.090908 1.047369 1.005534 0.965353 0.926755 0.889657 0.853972 0.819611 0.786492 0.754533 0.723660 0.693802 0.664896 0.636880 0.609700 0.583304 0.557646 0.532682 0.508373 0.484682 0.461575 0.439020 0.416989 0.395454 0.374390 0.353774 0.333584 0.313801 0.294405 0.275378 0.256705 0.238369 0.220357 0.202655 0.185249 0.168129 0.151282 0.134698 0.118368 
0.120190 0.136588 0.153242 0.170164 0.187364 0.204854 0.222647 0.240755 0.259194 0.277977 0.297122 0.316645 0.336565 0.356902 0.377677 0.398913 0.420635 0.442869 0.465645 0.488994 0.512950 0.537550 0.562835 0.588847 0.615636 0.643255 0.671761 0.701218 0.731695 0.763271 0.796030 0.830065 0.865479 0.902385 0.940905 0.981172 1.023325 1.067507 1.113858 1.162498 1.213501 1.266851 1.322359 1.379533 1.437365 1.494013 1.546438 1.590175 1.619758 1.630293 1.619758 1.590175 1.546438 1.494013 1.437365 1.379533 1.322359 1.266851 1.213501 1.162498 1.113858 1.067507 1.023325 0.981172 0.940905 0.902385 0.865479 0.830065 0.796030 0.763271 0.731695 0.701218 0.671761 0.643255 0.615636 0.588847 0.562835 0.537550 0.512950 0.488994 0.465645 0.442869 0.420635 0.398913 0.377677 0.356902 0.336565 0.316645 0.297122 0.277977 0.259194 0.240755 0.222647 0.204854 0.187364 0.170164 0.153242 0.136588 0.120190 
