123 123
1.541415e+01 0 5
-0.137935 -0.130014 -0.122114 -0.114236 -0.106382 -0.098556 -0.090758 -0.082992 -0.075260 -0.067565 -0.059909 -0.052296 -0.044728 -0.037208 -0.029740 -0.022326 -0.014971 -0.007678 -0.000450 0.006709 0.013795 0.020803 0.027730 0.034572 0.041324 0.047981 0.054540 0.060995 0.067341 0.073574 0.079690 0.085682 0.091545 0.097275 0.102867 0.108314 0.113613 0.118757 0.123741 0.128561 0.133210 0.137684 0.141978 0.146086 0.150003 0.153726 0.157249 0.160568 0.163678 0.166575 0.169256 0.171717 0.173954 0.175964 0.177745 0.179294 0.180608 0.181686 0.182526 0.183127 0.183488 0.183608 0.183488 0.183127 0.182526 0.181686 0.180608 0.179294 0.177745 0.175964 0.173954 0.171717 0.169256 0.166575 0.163678 0.160568 0.157249 0.153726 0.150003 0.146086 0.141978 0.137684 0.133210 0.128561 0.123741 0.118757 0.113613 0.108314 0.102867 0.097275 0.091545 0.085682 0.079690 0.073574 0.067341 0.060995 0.054540 0.047981 0.041324 0.034572 0.027730 0.020803 0.013795 0.006709 -0.000450 -0.007678 -0.014971 -0.022326 -0.029740 -0.037208 -0.044728 -0.052296 -0.059909 -0.067565 -0.075260 -0.082992 -0.090758 -0.098556 -0.106382 -0.114236 -0.122114 -0.130014 -0.137935 
-0.130278 -0.122248 -0.114236 -0.106245 -0.098277 -0.090333 -0.082418 -0.074532 -0.066679 -0.058860 -0.051080 -0.043340 -0.035644 -0.027995 -0.020396 -0.012851 -0.005362 0.002066 0.009430 0.016725 0.023948 0.031095 0.038162 0.045144 0.052036 0.058834 0.065533 0.072129 0.078617 0.084990 0.091245 0.097376 0.103378 0.109245 0.114972 0.120554 0.125985 0.131258 0.136370 0.141315 0.146086 0.150678 0.155087 0.159306 0.163331 0.167157 0.170778 0.174190 0.177389 0.180369 0.183127 0.185659 0.187961 0.190031 0.191864 0.193458 0.194812 0.195922 0.196787 0.197406 0.197777 0.197901 0.197777 0.197406 0.196787 0.195922 0.194812 0.193458 0.191864 0.190031 0.187961 0.185659 0.183127 0.180369 0.177389 0.174190 0.170778 0.167157 0.163331 0.159306 0.155087 0.150678 0.146086 0.141315 0.136370 0.131258 0.125985 0.120554 0.114972 0.109245 0.103378 0.097376 0.091245 0.084990 0.078617 0.072129 0.065533 0.058834 0.052036 0.045144 0.038162 0.031095 0.023948 0.016725 0.009430 0.002066 -0.005362 -0.012851 -0.020396 -0.027995 -0.035644 -0.043340 -0.051080 -0.058860 -0.066679 -0.074532 -0.082418 -0.090333 -0.098277 -0.106245 -0.114236 -0.122248 -0.130278 
-0.122649 -0.114507 -0.106382 -0.098277 -0.090192 -0.082130 -0.074095 -0.066087 -0.058110 -0.050166 -0.042259 -0.034390 -0.026564 -0.018783 -0.011050 -0.003369 0.004256 0.011822 0.019324 0.026760 0.034125 0.041414 0.048624 0.055750 0.062786 0.069730 0.076574 0.083316 0.089948 0.096467 0.102867 0.109142 0.115287 0.121296 0.127164 0.132884 0.138452 0.143861 0.149105 0.154179 0.159077 0.163793 0.168322 0.172658 0.176795 0.180728 0.184452 0.187961 0.191252 0.194319 0.197158 0.199765 0.202136 0.204267 0.206155 0.207797 0.209192 0.210335 0.211227 0.211865 0.212248 0.212375 0.212248 0.211865 0.211227 0.210335 0.209192 0.207797 0.206155 0.204267 0.202136 0.199765 0.197158 0.194319 0.191252 0.187961 0.184452 0.180728 0.176795 0.172658 0.168322 0.163793 0.159077 0.154179 0.149105 0.143861 0.138452 0.132884 0.127164 0.121296 0.115287 0.109142 0.102867 0.096467 0.089948 0.083316 0.076574 0.069730 0.062786 0.055750 0.048624 0.041414 0.034125 0.026760 0.019324 0.011822 0.004256 -0.003369 -0.011050 -0.018783 -0.026564 -0.034390 -0.042259 -0.050166 -0.058110 -0.066087 -0.074095 -0.082130 -0.090192 -0.098277 -0.106382 -0.114507 -0.122649 
-0.115049 -0.106795 -0.098556 -0.090333 -0.082130 -0.073949 -0.065791 -0.057659 -0.049556 -0.041485 -0.033447 -0.025448 -0.017488 -0.009572 -0.001703 0.006116 0.013881 0.021588 0.029233 0.036813 0.044323 0.051758 0.059115 0.066389 0.073574 0.080667 0.087662 0.094553 0.101336 0.108004 0.114554 0.120978 0.127271 0.133427 0.139441 0.145306 0.151016 0.156565 0.161948 0.167157 0.172187 0.177032 0.181686 0.186143 0.190397 0.194442 0.198274 0.201885 0.205273 0.208431 0.211354 0.214039 0.216482 0.218678 0.220624 0.222317 0.223754 0.224933 0.225852 0.226510 0.226905 0.227037 0.226905 0.226510 0.225852 0.224933 0.223754 0.222317 0.220624 0.218678 0.216482 0.214039 0.211354 0.208431 0.205273 0.201885 0.198274 0.194442 0.190397 0.186143 0.181686 0.177032 0.172187 0.167157 0.161948 0.156565 0.151016 0.145306 0.139441 0.133427 0.127271 0.120978 0.114554 0.108004 0.101336 0.094553 0.087662 0.080667 0.073574 0.066389 0.059115 0.051758 0.044323 0.036813 0.029233 0.021588 0.013881 0.006116 -0.001703 -0.009572 -0.017488 -0.025448 -0.033447 -0.041485 -0.049556 -0.057659 -0.065791 -0.073949 -0.082130 -0.090333 -0.098556 -0.106795 -0.115049 
-0.107482 -0.099113 -0.090758 -0.082418 -0.074095 -0.065791 -0.057509 -0.049251 -0.041020 -0.032818 -0.024649 -0.016515 -0.008420 -0.000366 0.007643 0.015603 0.023510 0.031362 0.039154 0.046881 0.054540 0.062126 0.069634 0.077060 0.084399 0.091645 0.098794 0.105840 0.112778 0.119602 0.126306 0.132884 0.139331 0.145640 0.151805 0.157820 0.163678 0.169373 0.174899 0.180249 0.185417 0.190397 0.195181 0.199765 0.204141 0.208304 0.212248 0.215967 0.219455 0.222708 0.225721 0.228488 0.231006 0.233270 0.235277 0.237023 0.238505 0.239721 0.240670 0.241348 0.241756 0.241891 0.241756 0.241348 0.240670 0.239721 0.238505 0.237023 0.235277 0.233270 0.231006 0.228488 0.225721 0.222708 0.219455 0.215967 0.212248 0.208304 0.204141 0.199765 0.195181 0.190397 0.185417 0.180249 0.174899 0.169373 0.163678 0.157820 0.151805 0.145640 0.139331 0.132884 0.126306 0.119602 0.112778 0.105840 0.098794 0.091645 0.084399 0.077060 0.069634 0.062126 0.054540 0.046881 0.039154 0.031362 0.023510 0.015603 0.007643 -0.000366 -0.008420 -0.016515 -0.024649 -0.032818 -0.041020 -0.049251 -0.057509 -0.065791 -0.074095 -0.082418 -0.090758 -0.099113 -0.107482 
-0.099949 -0.091465 -0.082992 -0.074532 -0.066087 -0.057659 -0.049251 -0.040865 -0.032503 -0.024169 -0.015866 -0.007595 0.000639 0.008833 0.016984 0.025089 0.033143 0.041143 0.049084 0.056962 0.064774 0.072514 0.080178 0.087761 0.095257 0.102662 0.109971 0.117177 0.124274 0.131258 0.138123 0.144861 0.151467 0.157934 0.164256 0.170427 0.176439 0.182286 0.187961 0.193458 0.198770 0.203890 0.208811 0.213527 0.218031 0.222317 0.226378 0.230209 0.233804 0.237157 0.240263 0.243117 0.245713 0.248049 0.250119 0.251921 0.253451 0.254707 0.255685 0.256386 0.256806 0.256947 0.256806 0.256386 0.255685 0.254707 0.253451 0.251921 0.250119 0.248049 0.245713 0.243117 0.240263 0.237157 0.233804 0.230209 0.226378 0.222317 0.218031 0.213527 0.208811 0.203890 0.198770 0.193458 0.187961 0.182286 0.176439 0.170427 0.164256 0.157934 0.151467 0.144861 0.138123 0.131258 0.124274 0.117177 0.109971 0.102662 0.095257 0.087761 0.080178 0.072514 0.064774 0.056962 0.049084 0.041143 0.033143 0.025089 0.016984 0.008833 0.000639 -0.007595 -0.015866 -0.024169 -0.032503 -0.040865 -0.049251 -0.057659 -0.066087 -0.074532 -0.082992 -0.091465 -0.099949 
-0.092453 -0.083852 -0.075260 -0.066679 -0.058110 -0.049556 -0.041020 -0.032503 -0.024009 -0.015540 -0.007100 0.001310 0.009685 0.018023 0.026320 0.034572 0.042776 0.050927 0.059021 0.067055 0.075024 0.082922 0.090746 0.098490 0.106149 0.113717 0.121190 0.128561 0.135824 0.142974 0.150003 0.156907 0.163678 0.170309 0.176795 0.183127 0.189299 0.195305 0.201136 0.206786 0.212248 0.217514 0.222578 0.227432 0.232070 0.236485 0.240670 0.244618 0.248324 0.251782 0.254986 0.257930 0.260610 0.263021 0.265159 0.267019 0.268599 0.269896 0.270907 0.271630 0.272065 0.272210 0.272065 0.271630 0.270907 0.269896 0.268599 0.267019 0.265159 0.263021 0.260610 0.257930 0.254986 0.251782 0.248324 0.244618 0.240670 0.236485 0.232070 0.227432 0.222578 0.217514 0.212248 0.206786 0.201136 0.195305 0.189299 0.183127 0.176795 0.170309 0.163678 0.156907 0.150003 0.142974 0.135824 0.128561 0.121190 0.113717 0.106149 0.098490 0.090746 0.082922 0.075024 0.067055 0.059021 0.050927 0.042776 0.034572 0.026320 0.018023 0.009685 0.001310 -0.007100 -0.015540 -0.024009 -0.032503 -0.041020 -0.049556 -0.058110 -0.066679 -0.075260 -0.083852 -0.092453 
-0.084998 -0.076278 -0.067565 -0.058860 -0.050166 -0.041485 -0.032818 -0.024169 -0.015540 -0.006934 0.001646 0.010197 0.018717 0.027201 0.035646 0.044049 0.052406 0.060712 0.068964 0.077157 0.085286 0.093348 0.101336 0.109245 0.117071 0.124808 0.132450 0.139991 0.147425 0.154746 0.161948 0.169023 0.175964 0.182766 0.189421 0.195922 0.202261 0.208431 0.214424 0.220234 0.225852 0.231272 0.236485 0.241484 0.246262 0.250811 0.255126 0.259198 0.263021 0.266589 0.269896 0.272936 0.275703 0.278193 0.280401 0.282324 0.283956 0.285297 0.286342 0.287090 0.287539 0.287689 0.287539 0.287090 0.286342 0.285297 0.283956 0.282324 0.280401 0.278193 0.275703 0.272936 0.269896 0.266589 0.263021 0.259198 0.255126 0.250811 0.246262 0.241484 0.236485 0.231272 0.225852 0.220234 0.214424 0.208431 0.202261 0.195922 0.189421 0.182766 0.175964 0.169023 0.161948 0.154746 0.147425 0.139991 0.132450 0.124808 0.117071 0.109245 0.101336 0.093348 0.085286 0.077157 0.068964 0.060712 0.052406 0.044049 0.035646 0.027201 0.018717 0.010197 0.001646 -0.006934 -0.015540 -0.024169 -0.032818 -0.041485 -0.050166 -0.058860 -0.067565 -0.076278 -0.084998 
-0.077584 -0.068745 -0.059909 -0.051080 -0.042259 -0.033447 -0.024649 -0.015866 -0.007100 0.001646 0.010368 0.019064 0.027730 0.036364 0.044961 0.053518 0.062031 0.070496 0.078909 0.087265 0.095559 0.103788 0.111945 0.120025 0.128023 0.135933 0.143750 0.151467 0.159077 0.166575 0.173954 0.181207 0.188326 0.195305 0.202136 0.208811 0.215323 0.221665 0.227828 0.233804 0.239586 0.245165 0.250534 0.255685 0.260610 0.265301 0.269752 0.273953 0.277899 0.281583 0.284998 0.288139 0.290998 0.293572 0.295855 0.297842 0.299531 0.300917 0.301998 0.302771 0.303236 0.303391 0.303236 0.302771 0.301998 0.300917 0.299531 0.297842 0.295855 0.293572 0.290998 0.288139 0.284998 0.281583 0.277899 0.273953 0.269752 0.265301 0.260610 0.255685 0.250534 0.245165 0.239586 0.233804 0.227828 0.221665 0.215323 0.208811 0.202136 0.195305 0.188326 0.181207 0.173954 0.166575 0.159077 0.151467 0.143750 0.135933 0.128023 0.120025 0.111945 0.103788 0.095559 0.087265 0.078909 0.070496 0.062031 0.053518 0.044961 0.036364 0.027730 0.019064 0.010368 0.001646 -0.007100 -0.015866 -0.024649 -0.033447 -0.042259 -0.051080 -0.059909 -0.068745 -0.077584 
-0.070216 -0.061255 -0.052296 -0.043340 -0.034390 -0.025448 -0.016515 -0.007595 0.001310 0.010197 0.019064 0.027907 0.036723 0.045509 0.054261 0.062975 0.071648 0.080276 0.088853 0.097376 0.105840 0.114240 0.122570 0.130826 0.139001 0.147090 0.155087 0.162985 0.170778 0.178459 0.186022 0.193458 0.200762 0.207924 0.214938 0.221795 0.228488 0.235008 0.241348 0.247498 0.253451 0.259198 0.264730 0.270040 0.275119 0.279959 0.284552 0.288890 0.292965 0.296771 0.300300 0.303546 0.306503 0.309165 0.311526 0.313583 0.315330 0.316764 0.317883 0.318684 0.319165 0.319326 0.319165 0.318684 0.317883 0.316764 0.315330 0.313583 0.311526 0.309165 0.306503 0.303546 0.300300 0.296771 0.292965 0.288890 0.284552 0.279959 0.275119 0.270040 0.264730 0.259198 0.253451 0.247498 0.241348 0.235008 0.228488 0.221795 0.214938 0.207924 0.200762 0.193458 0.186022 0.178459 0.170778 0.162985 0.155087 0.147090 0.139001 0.130826 0.122570 0.114240 0.105840 0.097376 0.088853 0.080276 0.071648 0.062975 0.054261 0.045509 0.036723 0.027907 0.019064 0.010197 0.001310 -0.007595 -0.016515 -0.025448 -0.034390 -0.043340 -0.052296 -0.061255 -0.070216 
-0.062895 -0.053812 -0.044728 -0.035644 -0.026564 -0.017488 -0.008420 0.000639 0.009685 0.018717 0.027730 0.036723 0.045692 0.054633 0.063543 0.072418 0.081254 0.090048 0.098794 0.107488 0.116126 0.124701 0.133210 0.141646 0.150003 0.158277 0.166459 0.174545 0.182526 0.190397 0.198149 0.205777 0.213271 0.220624 0.227828 0.234875 0.241756 0.248462 0.254986 0.261318 0.267449 0.273371 0.279075 0.284552 0.289792 0.294788 0.299531 0.304012 0.308224 0.312158 0.315807 0.319165 0.322225 0.324979 0.327424 0.329553 0.331362 0.332848 0.334007 0.334837 0.335335 0.335502 0.335335 0.334837 0.334007 0.332848 0.331362 0.329553 0.327424 0.324979 0.322225 0.319165 0.315807 0.312158 0.308224 0.304012 0.299531 0.294788 0.289792 0.284552 0.279075 0.273371 0.267449 0.261318 0.254986 0.248462 0.241756 0.234875 0.227828 0.220624 0.213271 0.205777 0.198149 0.190397 0.182526 0.174545 0.166459 0.158277 0.150003 0.141646 0.133210 0.124701 0.116126 0.107488 0.098794 0.090048 0.081254 0.072418 0.063543 0.054633 0.045692 0.036723 0.027730 0.018717 0.009685 0.000639 -0.008420 -0.017488 -0.026564 -0.035644 -0.044728 -0.053812 -0.062895 
-0.055626 -0.046419 -0.037208 -0.027995 -0.018783 -0.009572 -0.000366 0.008833 0.018023 0.027201 0.036364 0.045509 0.054633 0.063732 0.072803 0.081842 0.090846 0.099809 0.108728 0.117597 0.126413 0.135169 0.143861 0.152482 0.161027 0.169490 0.177864 0.186143 0.194319 0.202386 0.210335 0.218160 0.225852 0.233403 0.240805 0.248049 0.255126 0.262027 0.268743 0.275265 0.281583 0.287689 0.293572 0.299223 0.304633 0.309793 0.314694 0.319326 0.323681 0.327751 0.331527 0.335003 0.338171 0.341024 0.343556 0.345762 0.347638 0.349178 0.350379 0.351239 0.351756 0.351929 0.351756 0.351239 0.350379 0.349178 0.347638 0.345762 0.343556 0.341024 0.338171 0.335003 0.331527 0.327751 0.323681 0.319326 0.314694 0.309793 0.304633 0.299223 0.293572 0.287689 0.281583 0.275265 0.268743 0.262027 0.255126 0.248049 0.240805 0.233403 0.225852 0.218160 0.210335 0.202386 0.194319 0.186143 0.177864 0.169490 0.161027 0.152482 0.143861 0.135169 0.126413 0.117597 0.108728 0.099809 0.090846 0.081842 0.072803 0.063732 0.054633 0.045509 0.036364 0.027201 0.018023 0.008833 -0.000366 -0.009572 -0.018783 -0.027995 -0.037208 -0.046419 -0.055626 
-0.048410 -0.039078 -0.029740 -0.020396 -0.011050 -0.001703 0.007643 0.016984 0.026320 0.035646 0.044961 0.054261 0.063543 0.072803 0.082039 0.091245 0.100419 0.109556 0.118651 0.127700 0.136698 0.145640 0.154519 0.163331 0.172070 0.180728 0.189299 0.197777 0.206155 0.214424 0.222578 0.230607 0.238505 0.246262 0.253869 0.261318 0.268599 0.275703 0.282620 0.289341 0.295855 0.302152 0.308224 0.314058 0.319647 0.324979 0.330046 0.334837 0.339343 0.343556 0.347467 0.351067 0.354349 0.357307 0.359932 0.362220 0.364165 0.365762 0.367009 0.367901 0.368438 0.368617 0.368438 0.367901 0.367009 0.365762 0.364165 0.362220 0.359932 0.357307 0.354349 0.351067 0.347467 0.343556 0.339343 0.334837 0.330046 0.324979 0.319647 0.314058 0.308224 0.302152 0.295855 0.289341 0.282620 0.275703 0.268599 0.261318 0.253869 0.246262 0.238505 0.230607 0.222578 0.214424 0.206155 0.197777 0.189299 0.180728 0.172070 0.163331 0.154519 0.145640 0.136698 0.127700 0.118651 0.109556 0.100419 0.091245 0.082039 0.072803 0.063543 0.054261 0.044961 0.035646 0.026320 0.016984 0.007643 -0.001703 -0.011050 -0.020396 -0.029740 -0.039078 -0.048410 
-0.041252 -0.031794 -0.022326 -0.012851 -0.003369 0.006116 0.015603 0.025089 0.034572 0.044049 0.053518 0.062975 0.072418 0.081842 0.091245 0.100623 0.109971 0.119285 0.128561 0.137794 0.146978 0.156110 0.165182 0.174190 0.183127 0.191986 0.200762 0.209446 0.218031 0.226510 0.234875 0.243117 0.251227 0.259198 0.267019 0.274682 0.282175 0.289491 0.296618 0.303546 0.310265 0.316764 0.323033 0.329061 0.334837 0.340351 0.345592 0.350551 0.355217 0.359581 0.363633 0.367366 0.370769 0.373837 0.376561 0.378935 0.380954 0.382613 0.383907 0.384834 0.385391 0.385577 0.385391 0.384834 0.383907 0.382613 0.380954 0.378935 0.376561 0.373837 0.370769 0.367366 0.363633 0.359581 0.355217 0.350551 0.345592 0.340351 0.334837 0.329061 0.323033 0.316764 0.310265 0.303546 0.296618 0.289491 0.282175 0.274682 0.267019 0.259198 0.251227 0.243117 0.234875 0.226510 0.218031 0.209446 0.200762 0.191986 0.183127 0.174190 0.165182 0.156110 0.146978 0.137794 0.128561 0.119285 0.109971 0.100623 0.091245 0.081842 0.072418 0.062975 0.053518 0.044049 0.034572 0.025089 0.015603 0.006116 -0.003369 -0.012851 -0.022326 -0.031794 -0.041252 
-0.034155 -0.024569 -0.014971 -0.005362 0.004256 0.013881 0.023510 0.033143 0.042776 0.052406 0.062031 0.071648 0.081254 0.090846 0.100419 0.109971 0.119496 0.128991 0.138452 0.147873 0.157249 0.166575 0.175846 0.185055 0.194196 0.203263 0.212248 0.221144 0.229944 0.238640 0.247223 0.255685 0.264017 0.272210 0.280254 0.288139 0.295855 0.303391 0.310738 0.317883 0.324817 0.331527 0.338003 0.344234 0.350207 0.355913 0.361338 0.366474 0.371309 0.375833 0.380035 0.383907 0.387439 0.390623 0.393452 0.395918 0.398016 0.399739 0.401085 0.402048 0.402627 0.402820 0.402627 0.402048 0.401085 0.399739 0.398016 0.395918 0.393452 0.390623 0.387439 0.383907 0.380035 0.375833 0.371309 0.366474 0.361338 0.355913 0.350207 0.344234 0.338003 0.331527 0.324817 0.317883 0.310738 0.303391 0.295855 0.288139 0.280254 0.272210 0.264017 0.255685 0.247223 0.238640 0.229944 0.221144 0.212248 0.203263 0.194196 0.185055 0.175846 0.166575 0.157249 0.147873 0.138452 0.128991 0.119496 0.109971 0.100419 0.090846 0.081254 0.071648 0.062031 0.052406 0.042776 0.033143 0.023510 0.013881 0.004256 -0.005362 -0.014971 -0.024569 -0.034155 
-0.027121 -0.017407 -0.007678 0.002066 0.011822 0.021588 0.031362 0.041143 0.050927 0.060712 0.070496 0.080276 0.090048 0.099809 0.109556 0.119285 0.128991 0.138671 0.148321 0.157934 0.167506 0.177032 0.186506 0.195922 0.205273 0.214553 0.223754 0.232870 0.241891 0.250811 0.259621 0.268311 0.276873 0.285297 0.293572 0.301689 0.309636 0.317403 0.324979 0.332352 0.339511 0.346443 0.353137 0.359581 0.365762 0.371669 0.377290 0.382613 0.387626 0.392318 0.396680 0.400700 0.404369 0.407677 0.410617 0.413181 0.415362 0.417155 0.418554 0.419556 0.420158 0.420359 0.420158 0.419556 0.418554 0.417155 0.415362 0.413181 0.410617 0.407677 0.404369 0.400700 0.396680 0.392318 0.387626 0.382613 0.377290 0.371669 0.365762 0.359581 0.353137 0.346443 0.339511 0.332352 0.324979 0.317403 0.309636 0.301689 0.293572 0.285297 0.276873 0.268311 0.259621 0.250811 0.241891 0.232870 0.223754 0.214553 0.205273 0.195922 0.186506 0.177032 0.167506 0.157934 0.148321 0.138671 0.128991 0.119285 0.109556 0.099809 0.090048 0.080276 0.070496 0.060712 0.050927 0.041143 0.031362 0.021588 0.011822 0.002066 -0.007678 -0.017407 -0.027121 
-0.020154 -0.010312 -0.000450 0.009430 0.019324 0.029233 0.039154 0.049084 0.059021 0.068964 0.078909 0.088853 0.098794 0.108728 0.118651 0.128561 0.138452 0.148321 0.158162 0.167972 0.177745 0.187476 0.197158 0.206786 0.216353 0.225852 0.235277 0.244618 0.253869 0.263021 0.272065 0.280992 0.289792 0.298455 0.306972 0.315330 0.323519 0.331527 0.339343 0.346955 0.354349 0.361515 0.368438 0.375106 0.381506 0.387626 0.393452 0.398973 0.404175 0.409047 0.413577 0.417754 0.421567 0.425008 0.428066 0.430734 0.433004 0.434870 0.436327 0.437371 0.437998 0.438208 0.437998 0.437371 0.436327 0.434870 0.433004 0.430734 0.428066 0.425008 0.421567 0.417754 0.413577 0.409047 0.404175 0.398973 0.393452 0.387626 0.381506 0.375106 0.368438 0.361515 0.354349 0.346955 0.339343 0.331527 0.323519 0.315330 0.306972 0.298455 0.289792 0.280992 0.272065 0.263021 0.253869 0.244618 0.235277 0.225852 0.216353 0.206786 0.197158 0.187476 0.177745 0.167972 0.158162 0.148321 0.138452 0.128561 0.118651 0.108728 0.098794 0.088853 0.078909 0.068964 0.059021 0.049084 0.039154 0.029233 0.019324 0.009430 -0.000450 -0.010312 -0.020154 
-0.013259 -0.003286 0.006709 0.016725 0.026760 0.036813 0.046881 0.056962 0.067055 0.077157 0.087265 0.097376 0.107488 0.117597 0.127700 0.137794 0.147873 0.157934 0.167972 0.177983 0.187961 0.197901 0.207797 0.217643 0.227432 0.237157 0.246811 0.256386 0.265873 0.275265 0.284552 0.293724 0.302771 0.311684 0.320451 0.329061 0.337502 0.345762 0.353830 0.361691 0.369333 0.376743 0.383907 0.390811 0.397443 0.403787 0.409831 0.415561 0.420963 0.426025 0.430734 0.435078 0.439046 0.442627 0.445812 0.448590 0.450955 0.452900 0.454419 0.455507 0.456161 0.456379 0.456161 0.455507 0.454419 0.452900 0.450955 0.448590 0.445812 0.442627 0.439046 0.435078 0.430734 0.426025 0.420963 0.415561 0.409831 0.403787 0.397443 0.390811 0.383907 0.376743 0.369333 0.361691 0.353830 0.345762 0.337502 0.329061 0.320451 0.311684 0.302771 0.293724 0.284552 0.275265 0.265873 0.256386 0.246811 0.237157 0.227432 0.217643 0.207797 0.197901 0.187961 0.177983 0.167972 0.157934 0.147873 0.137794 0.127700 0.117597 0.107488 0.097376 0.087265 0.077157 0.067055 0.056962 0.046881 0.036813 0.026760 0.016725 0.006709 -0.003286 -0.013259 
-0.006438 0.003665 0.013795 0.023948 0.034125 0.044323 0.054540 0.064774 0.075024 0.085286 0.095559 0.105840 0.116126 0.126413 0.136698 0.146978 0.157249 0.167506 0.177745 0.187961 0.198149 0.208304 0.218419 0.228488 0.238505 0.248462 0.258352 0.268168 0.277899 0.287539 0.297077 0.306503 0.315807 0.324979 0.334007 0.342879 0.351584 0.360108 0.368438 0.376561 0.384463 0.392130 0.399548 0.406701 0.413577 0.420158 0.426432 0.432384 0.437998 0.443262 0.448162 0.452684 0.456816 0.460547 0.463866 0.466763 0.469229 0.471258 0.472843 0.473978 0.474661 0.474888 0.474661 0.473978 0.472843 0.471258 0.469229 0.466763 0.463866 0.460547 0.456816 0.452684 0.448162 0.443262 0.437998 0.432384 0.426432 0.420158 0.413577 0.406701 0.399548 0.392130 0.384463 0.376561 0.368438 0.360108 0.351584 0.342879 0.334007 0.324979 0.315807 0.306503 0.297077 0.287539 0.277899 0.268168 0.258352 0.248462 0.238505 0.228488 0.218419 0.208304 0.198149 0.187961 0.177745 0.167506 0.157249 0.146978 0.136698 0.126413 0.116126 0.105840 0.095559 0.085286 0.075024 0.064774 0.054540 0.044323 0.034125 0.023948 0.013795 0.003665 -0.006438 
0.000304 0.010539 0.020803 0.031095 0.041414 0.051758 0.062126 0.072514 0.082922 0.093348 0.103788 0.114240 0.124701 0.135169 0.145640 0.156110 0.166575 0.177032 0.187476 0.197901 0.208304 0.218678 0.229017 0.239316 0.249566 0.259762 0.269896 0.279959 0.289943 0.299838 0.309636 0.319326 0.328897 0.338338 0.347638 0.356783 0.365762 0.374561 0.383167 0.391564 0.399739 0.407677 0.415362 0.422779 0.429911 0.436745 0.443262 0.449449 0.455289 0.460767 0.465869 0.470581 0.474888 0.478779 0.482242 0.485266 0.487841 0.489959 0.491614 0.492800 0.493514 0.493752 0.493514 0.492800 0.491614 0.489959 0.487841 0.485266 0.482242 0.478779 0.474888 0.470581 0.465869 0.460767 0.455289 0.449449 0.443262 0.436745 0.429911 0.422779 0.415362 0.407677 0.399739 0.391564 0.383167 0.374561 0.365762 0.356783 0.347638 0.338338 0.328897 0.319326 0.309636 0.299838 0.289943 0.279959 0.269896 0.259762 0.249566 0.239316 0.229017 0.218678 0.208304 0.197901 0.187476 0.177032 0.166575 0.156110 0.145640 0.135169 0.124701 0.114240 0.103788 0.093348 0.082922 0.072514 0.062126 0.051758 0.041414 0.031095 0.020803 0.010539 0.000304 
0.006963 0.017330 0.027730 0.038162 0.048624 0.059115 0.069634 0.080178 0.090746 0.101336 0.111945 0.122570 0.133210 0.143861 0.154519 0.165182 0.175846 0.186506 0.197158 0.207797 0.218419 0.229017 0.239586 0.250119 0.260610 0.271051 0.281435 0.291754 0.301998 0.312158 0.322225 0.332187 0.342035 0.351756 0.361338 0.370769 0.380035 0.389122 0.398016 0.406701 0.415163 0.423385 0.431352 0.439046 0.446451 0.453550 0.460327 0.466763 0.472843 0.478549 0.483867 0.488781 0.493276 0.497338 0.500954 0.504113 0.506805 0.509020 0.510750 0.511991 0.512737 0.512986 0.512737 0.511991 0.510750 0.509020 0.506805 0.504113 0.500954 0.497338 0.493276 0.488781 0.483867 0.478549 0.472843 0.466763 0.460327 0.453550 0.446451 0.439046 0.431352 0.423385 0.415163 0.406701 0.398016 0.389122 0.380035 0.370769 0.361338 0.351756 0.342035 0.332187 0.322225 0.312158 0.301998 0.291754 0.281435 0.271051 0.260610 0.250119 0.239586 0.229017 0.218419 0.207797 0.197158 0.186506 0.175846 0.165182 0.154519 0.143861 0.133210 0.122570 0.111945 0.101336 0.090746 0.080178 0.069634 0.059115 0.048624 0.038162 0.027730 0.017330 0.006963 
0.013537 0.024036 0.034572 0.045144 0.055750 0.066389 0.077060 0.087761 0.098490 0.109245 0.120025 0.130826 0.141646 0.152482 0.163331 0.174190 0.185055 0.195922 0.206786 0.217643 0.228488 0.239316 0.250119 0.260893 0.271630 0.282324 0.292965 0.303546 0.314058 0.324492 0.334837 0.345082 0.355217 0.365229 0.375106 0.384834 0.394399 0.403787 0.412983 0.421971 0.430734 0.439256 0.447520 0.455507 0.463200 0.470581 0.477631 0.484333 0.490668 0.496618 0.502166 0.507296 0.511991 0.516236 0.520017 0.523322 0.526138 0.528457 0.530269 0.531568 0.532349 0.532610 0.532349 0.531568 0.530269 0.528457 0.526138 0.523322 0.520017 0.516236 0.511991 0.507296 0.502166 0.496618 0.490668 0.484333 0.477631 0.470581 0.463200 0.455507 0.447520 0.439256 0.430734 0.421971 0.412983 0.403787 0.394399 0.384834 0.375106 0.365229 0.355217 0.345082 0.334837 0.324492 0.314058 0.303546 0.292965 0.282324 0.271630 0.260893 0.250119 0.239316 0.228488 0.217643 0.206786 0.195922 0.185055 0.174190 0.163331 0.152482 0.141646 0.130826 0.120025 0.109245 0.098490 0.087761 0.077060 0.066389 0.055750 0.045144 0.034572 0.024036 0.013537 
0.020020 0.030651 0.041324 0.052036 0.062786 0.073574 0.084399 0.095257 0.106149 0.117071 0.128023 0.139001 0.150003 0.161027 0.172070 0.183127 0.194196 0.205273 0.216353 0.227432 0.238505 0.249566 0.260610 0.271630 0.282620 0.293572 0.304478 0.315330 0.326118 0.336834 0.347467 0.358005 0.368438 0.378752 0.388935 0.398973 0.408851 0.418554 0.428066 0.437371 0.446451 0.455289 0.463866 0.472163 0.480161 0.487841 0.495182 0.502166 0.508773 0.514983 0.520778 0.526138 0.531048 0.535489 0.539448 0.542908 0.545859 0.548289 0.550189 0.551551 0.552370 0.552644 0.552370 0.551551 0.550189 0.548289 0.545859 0.542908 0.539448 0.535489 0.531048 0.526138 0.520778 0.514983 0.508773 0.502166 0.495182 0.487841 0.480161 0.472163 0.463866 0.455289 0.446451 0.437371 0.428066 0.418554 0.408851 0.398973 0.388935 0.378752 0.368438 0.358005 0.347467 0.336834 0.326118 0.315330 0.304478 0.293572 0.282620 0.271630 0.260610 0.249566 0.238505 0.227432 0.216353 0.205273 0.194196 0.183127 0.172070 0.161027 0.150003 0.139001 0.128023 0.117071 0.106149 0.095257 0.084399 0.073574 0.062786 0.052036 0.041324 0.030651 0.020020 
0.026408 0.037172 0.047981 0.058834 0.069730 0.080667 0.091645 0.102662 0.113717 0.124808 0.135933 0.147090 0.158277 0.169490 0.180728 0.191986 0.203263 0.214553 0.225852 0.237157 0.248462 0.259762 0.271051 0.282324 0.293572 0.304789 0.315967 0.327097 0.338171 0.349178 0.360108 0.370949 0.381690 0.392318 0.402820 0.413181 0.423385 0.433418 0.443262 0.452900 0.462314 0.471484 0.480392 0.489016 0.497338 0.505335 0.512986 0.520271 0.527167 0.533655 0.539713 0.545321 0.550461 0.555113 0.559262 0.562891 0.565987 0.568537 0.570531 0.571961 0.572821 0.573109 0.572821 0.571961 0.570531 0.568537 0.565987 0.562891 0.559262 0.555113 0.550461 0.545321 0.539713 0.533655 0.527167 0.520271 0.512986 0.505335 0.497338 0.489016 0.480392 0.471484 0.462314 0.452900 0.443262 0.433418 0.423385 0.413181 0.402820 0.392318 0.381690 0.370949 0.360108 0.349178 0.338171 0.327097 0.315967 0.304789 0.293572 0.282324 0.271051 0.259762 0.248462 0.237157 0.225852 0.214553 0.203263 0.191986 0.180728 0.169490 0.158277 0.147090 0.135933 0.124808 0.113717 0.102662 0.091645 0.080667 0.069730 0.058834 0.047981 0.037172 0.026408 
0.032697 0.043594 0.054540 0.065533 0.076574 0.087662 0.098794 0.109971 0.121190 0.132450 0.143750 0.155087 0.166459 0.177864 0.189299 0.200762 0.212248 0.223754 0.235277 0.246811 0.258352 0.269896 0.281435 0.292965 0.304478 0.315967 0.327424 0.338840 0.350207 0.361515 0.372752 0.383907 0.394968 0.405922 0.416756 0.427453 0.437998 0.448376 0.458568 0.468555 0.478320 0.487841 0.497098 0.506069 0.514733 0.523067 0.531048 0.538653 0.545859 0.552644 0.558984 0.564858 0.570245 0.575125 0.579479 0.583289 0.586541 0.589221 0.591317 0.592821 0.593726 0.594028 0.593726 0.592821 0.591317 0.589221 0.586541 0.583289 0.579479 0.575125 0.570245 0.564858 0.558984 0.552644 0.545859 0.538653 0.531048 0.523067 0.514733 0.506069 0.497098 0.487841 0.478320 0.468555 0.458568 0.448376 0.437998 0.427453 0.416756 0.405922 0.394968 0.383907 0.372752 0.361515 0.350207 0.338840 0.327424 0.315967 0.304478 0.292965 0.281435 0.269896 0.258352 0.246811 0.235277 0.223754 0.212248 0.200762 0.189299 0.177864 0.166459 0.155087 0.143750 0.132450 0.121190 0.109971 0.098794 0.087662 0.076574 0.065533 0.054540 0.043594 0.032697 
0.038883 0.049912 0.060995 0.072129 0.083316 0.094553 0.105840 0.117177 0.128561 0.139991 0.151467 0.162985 0.174545 0.186143 0.197777 0.209446 0.221144 0.232870 0.244618 0.256386 0.268168 0.279959 0.291754 0.303546 0.315330 0.327097 0.338840 0.350551 0.362220 0.373837 0.385391 0.396871 0.408263 0.419556 0.430734 0.441782 0.452684 0.463422 0.473978 0.484333 0.494466 0.504357 0.513983 0.523322 0.532349 0.541041 0.549374 0.557321 0.564858 0.571961 0.578604 0.584764 0.590417 0.595542 0.600117 0.604123 0.607544 0.610364 0.612571 0.614155 0.615108 0.615426 0.615108 0.614155 0.612571 0.610364 0.607544 0.604123 0.600117 0.595542 0.590417 0.584764 0.578604 0.571961 0.564858 0.557321 0.549374 0.541041 0.532349 0.523322 0.513983 0.504357 0.494466 0.484333 0.473978 0.463422 0.452684 0.441782 0.430734 0.419556 0.408263 0.396871 0.385391 0.373837 0.362220 0.350551 0.338840 0.327097 0.315330 0.303546 0.291754 0.279959 0.268168 0.256386 0.244618 0.232870 0.221144 0.209446 0.197777 0.186143 0.174545 0.162985 0.151467 0.139991 0.128561 0.117177 0.105840 0.094553 0.083316 0.072129 0.060995 0.049912 0.038883 
0.044961 0.056123 0.067341 0.078617 0.089948 0.101336 0.112778 0.124274 0.135824 0.147425 0.159077 0.170778 0.182526 0.194319 0.206155 0.218031 0.229944 0.241891 0.253869 0.265873 0.277899 0.289943 0.301998 0.314058 0.326118 0.338171 0.350207 0.362220 0.374199 0.386134 0.398016 0.409831 0.421567 0.433211 0.444748 0.456161 0.467434 0.478549 0.489488 0.500228 0.510750 0.521031 0.531048 0.540775 0.550189 0.559262 0.567969 0.576281 0.584173 0.591617 0.598586 0.605053 0.610994 0.616383 0.621197 0.625416 0.629020 0.631993 0.634320 0.635990 0.636996 0.637332 0.636996 0.635990 0.634320 0.631993 0.629020 0.625416 0.621197 0.616383 0.610994 0.605053 0.598586 0.591617 0.584173 0.576281 0.567969 0.559262 0.550189 0.540775 0.531048 0.521031 0.510750 0.500228 0.489488 0.478549 0.467434 0.456161 0.444748 0.433211 0.421567 0.409831 0.398016 0.386134 0.374199 0.362220 0.350207 0.338171 0.326118 0.314058 0.301998 0.289943 0.277899 0.265873 0.253869 0.241891 0.229944 0.218031 0.206155 0.194319 0.182526 0.170778 0.159077 0.147425 0.135824 0.124274 0.112778 0.101336 0.089948 0.078617 0.067341 0.056123 0.044961 
0.050927 0.062220 0.073574 0.084990 0.096467 0.108004 0.119602 0.131258 0.142974 0.154746 0.166575 0.178459 0.190397 0.202386 0.214424 0.226510 0.238640 0.250811 0.263021 0.275265 0.287539 0.299838 0.312158 0.324492 0.336834 0.349178 0.361515 0.373837 0.386134 0.398398 0.410617 0.422779 0.434870 0.446878 0.458787 0.470581 0.482242 0.493752 0.505090 0.516236 0.527167 0.537860 0.548289 0.558429 0.568252 0.577732 0.586838 0.595542 0.603814 0.611624 0.618943 0.625742 0.631993 0.637668 0.642742 0.647191 0.650994 0.654133 0.656591 0.658356 0.659419 0.659774 0.659419 0.658356 0.656591 0.654133 0.650994 0.647191 0.642742 0.637668 0.631993 0.625742 0.618943 0.611624 0.603814 0.595542 0.586838 0.577732 0.568252 0.558429 0.548289 0.537860 0.527167 0.516236 0.505090 0.493752 0.482242 0.470581 0.458787 0.446878 0.434870 0.422779 0.410617 0.398398 0.386134 0.373837 0.361515 0.349178 0.336834 0.324492 0.312158 0.299838 0.287539 0.275265 0.263021 0.250811 0.238640 0.226510 0.214424 0.202386 0.190397 0.178459 0.166575 0.154746 0.142974 0.131258 0.119602 0.108004 0.096467 0.084990 0.073574 0.062220 0.050927 
0.056776 0.068200 0.079690 0.091245 0.102867 0.114554 0.126306 0.138123 0.150003 0.161948 0.173954 0.186022 0.198149 0.210335 0.222578 0.234875 0.247223 0.259621 0.272065 0.284552 0.297077 0.309636 0.322225 0.334837 0.347467 0.360108 0.372752 0.385391 0.398016 0.410617 0.423183 0.435702 0.448162 0.460547 0.472843 0.485032 0.497098 0.509020 0.520778 0.532349 0.543711 0.554838 0.565704 0.576281 0.586541 0.596453 0.605986 0.615108 0.623788 0.631993 0.639690 0.646847 0.653433 0.659419 0.664775 0.669475 0.673495 0.676814 0.679415 0.681283 0.682409 0.682784 0.682409 0.681283 0.679415 0.676814 0.673495 0.669475 0.664775 0.659419 0.653433 0.646847 0.639690 0.631993 0.623788 0.615108 0.605986 0.596453 0.586541 0.576281 0.565704 0.554838 0.543711 0.532349 0.520778 0.509020 0.497098 0.485032 0.472843 0.460547 0.448162 0.435702 0.423183 0.410617 0.398016 0.385391 0.372752 0.360108 0.347467 0.334837 0.322225 0.309636 0.297077 0.284552 0.272065 0.259621 0.247223 0.234875 0.222578 0.210335 0.198149 0.186022 0.173954 0.161948 0.150003 0.138123 0.126306 0.114554 0.102867 0.091245 0.079690 0.068200 0.056776 
0.062503 0.074057 0.085682 0.097376 0.109142 0.120978 0.132884 0.144861 0.156907 0.169023 0.181207 0.193458 0.205777 0.218160 0.230607 0.243117 0.255685 0.268311 0.280992 0.293724 0.306503 0.319326 0.332187 0.345082 0.358005 0.370949 0.383907 0.396871 0.409831 0.422779 0.435702 0.448590 0.461429 0.474205 0.486903 0.499504 0.511991 0.524344 0.536541 0.548560 0.560375 0.571961 0.583289 0.594330 0.605053 0.615426 0.625416 0.634987 0.644106 0.652735 0.660840 0.668385 0.675336 0.681658 0.687321 0.692294 0.696551 0.700069 0.702826 0.704807 0.706001 0.706399 0.706001 0.704807 0.702826 0.700069 0.696551 0.692294 0.687321 0.681658 0.675336 0.668385 0.660840 0.652735 0.644106 0.634987 0.625416 0.615426 0.605053 0.594330 0.583289 0.571961 0.560375 0.548560 0.536541 0.524344 0.511991 0.499504 0.486903 0.474205 0.461429 0.448590 0.435702 0.422779 0.409831 0.396871 0.383907 0.370949 0.358005 0.345082 0.332187 0.319326 0.306503 0.293724 0.280992 0.268311 0.255685 0.243117 0.230607 0.218160 0.205777 0.193458 0.181207 0.169023 0.156907 0.144861 0.132884 0.120978 0.109142 0.097376 0.085682 0.074057 0.062503 
0.068104 0.079787 0.091545 0.103378 0.115287 0.127271 0.139331 0.151467 0.163678 0.175964 0.188326 0.200762 0.213271 0.225852 0.238505 0.251227 0.264017 0.276873 0.289792 0.302771 0.315807 0.328897 0.342035 0.355217 0.368438 0.381690 0.394968 0.408263 0.421567 0.434870 0.448162 0.461429 0.474661 0.487841 0.500954 0.513983 0.526910 0.539713 0.552370 0.564858 0.577151 0.589221 0.601038 0.612571 0.623788 0.634654 0.645131 0.655185 0.664775 0.673862 0.682409 0.690374 0.697720 0.704410 0.710408 0.715680 0.720196 0.723930 0.726859 0.728965 0.730233 0.730657 0.730233 0.728965 0.726859 0.723930 0.720196 0.715680 0.710408 0.704410 0.697720 0.690374 0.682409 0.673862 0.664775 0.655185 0.645131 0.634654 0.623788 0.612571 0.601038 0.589221 0.577151 0.564858 0.552370 0.539713 0.526910 0.513983 0.500954 0.487841 0.474661 0.461429 0.448162 0.434870 0.421567 0.408263 0.394968 0.381690 0.368438 0.355217 0.342035 0.328897 0.315807 0.302771 0.289792 0.276873 0.264017 0.251227 0.238505 0.225852 0.213271 0.200762 0.188326 0.175964 0.163678 0.151467 0.139331 0.127271 0.115287 0.103378 0.091545 0.079787 0.068104 
0.073574 0.085385 0.097275 0.109245 0.121296 0.133427 0.145640 0.157934 0.170309 0.182766 0.195305 0.207924 0.220624 0.233403 0.246262 0.259198 0.272210 0.285297 0.298455 0.311684 0.324979 0.338338 0.351756 0.365229 0.378752 0.392318 0.405922 0.419556 0.433211 0.446878 0.460547 0.474205 0.487841 0.501439 0.514983 0.528457 0.541841 0.555113 0.568252 0.581233 0.594028 0.606608 0.618943 0.630999 0.642742 0.654133 0.665134 0.675705 0.685803 0.695386 0.704410 0.712832 0.720609 0.727700 0.734064 0.739664 0.744465 0.748438 0.751555 0.753798 0.755149 0.755601 0.755149 0.753798 0.751555 0.748438 0.744465 0.739664 0.734064 0.727700 0.720609 0.712832 0.704410 0.695386 0.685803 0.675705 0.665134 0.654133 0.642742 0.630999 0.618943 0.606608 0.594028 0.581233 0.568252 0.555113 0.541841 0.528457 0.514983 0.501439 0.487841 0.474205 0.460547 0.446878 0.433211 0.419556 0.405922 0.392318 0.378752 0.365229 0.351756 0.338338 0.324979 0.311684 0.298455 0.285297 0.272210 0.259198 0.246262 0.233403 0.220624 0.207924 0.195305 0.182766 0.170309 0.157934 0.145640 0.133427 0.121296 0.109245 0.097275 0.085385 0.073574 
0.078909 0.090846 0.102867 0.114972 0.127164 0.139441 0.151805 0.164256 0.176795 0.189421 0.202136 0.214938 0.227828 0.240805 0.253869 0.267019 0.280254 0.293572 0.306972 0.320451 0.334007 0.347638 0.361338 0.375106 0.388935 0.402820 0.416756 0.430734 0.444748 0.458787 0.472843 0.486903 0.500954 0.514983 0.528974 0.542908 0.556768 0.570531 0.584173 0.597670 0.610994 0.624113 0.636996 0.649607 0.661909 0.673862 0.685424 0.696551 0.707198 0.717316 0.726859 0.735778 0.744026 0.751555 0.758321 0.764281 0.769396 0.773632 0.776958 0.779352 0.780795 0.781277 0.780795 0.779352 0.776958 0.773632 0.769396 0.764281 0.758321 0.751555 0.744026 0.735778 0.726859 0.717316 0.707198 0.696551 0.685424 0.673862 0.661909 0.649607 0.636996 0.624113 0.610994 0.597670 0.584173 0.570531 0.556768 0.542908 0.528974 0.514983 0.500954 0.486903 0.472843 0.458787 0.444748 0.430734 0.416756 0.402820 0.388935 0.375106 0.361338 0.347638 0.334007 0.320451 0.306972 0.293572 0.280254 0.267019 0.253869 0.240805 0.227828 0.214938 0.202136 0.189421 0.176795 0.164256 0.151805 0.139441 0.127164 0.114972 0.102867 0.090846 0.078909 
0.084103 0.096164 0.108314 0.120554 0.132884 0.145306 0.157820 0.170427 0.183127 0.195922 0.208811 0.221795 0.234875 0.248049 0.261318 0.274682 0.288139 0.301689 0.315330 0.329061 0.342879 0.356783 0.370769 0.384834 0.398973 0.413181 0.427453 0.441782 0.456161 0.470581 0.485032 0.499504 0.513983 0.528457 0.542908 0.557321 0.571674 0.585948 0.600117 0.614155 0.628034 0.641722 0.655185 0.668385 0.681283 0.693837 0.706001 0.717726 0.728965 0.739664 0.749771 0.759232 0.767994 0.776005 0.783212 0.789569 0.795031 0.799558 0.803115 0.805677 0.807222 0.807739 0.807222 0.805677 0.803115 0.799558 0.795031 0.789569 0.783212 0.776005 0.767994 0.759232 0.749771 0.739664 0.728965 0.717726 0.706001 0.693837 0.681283 0.668385 0.655185 0.641722 0.628034 0.614155 0.600117 0.585948 0.571674 0.557321 0.542908 0.528457 0.513983 0.499504 0.485032 0.470581 0.456161 0.441782 0.427453 0.413181 0.398973 0.384834 0.370769 0.356783 0.342879 0.329061 0.315330 0.301689 0.288139 0.274682 0.261318 0.248049 0.234875 0.221795 0.208811 0.195922 0.183127 0.170427 0.157820 0.145306 0.132884 0.120554 0.108314 0.096164 0.084103 
0.089152 0.101336 0.113613 0.125985 0.138452 0.151016 0.163678 0.176439 0.189299 0.202261 0.215323 0.228488 0.241756 0.255126 0.268599 0.282175 0.295855 0.309636 0.323519 0.337502 0.351584 0.365762 0.380035 0.394399 0.408851 0.423385 0.437998 0.452684 0.467434 0.482242 0.497098 0.511991 0.526910 0.541841 0.556768 0.571674 0.586541 0.601345 0.616064 0.630669 0.645131 0.659419 0.673495 0.687321 0.700854 0.714050 0.726859 0.739230 0.751108 0.762437 0.773159 0.783212 0.792539 0.801078 0.808774 0.815569 0.821415 0.826265 0.830081 0.832829 0.834488 0.835043 0.834488 0.832829 0.830081 0.826265 0.821415 0.815569 0.808774 0.801078 0.792539 0.783212 0.773159 0.762437 0.751108 0.739230 0.726859 0.714050 0.700854 0.687321 0.673495 0.659419 0.645131 0.630669 0.616064 0.601345 0.586541 0.571674 0.556768 0.541841 0.526910 0.511991 0.497098 0.482242 0.467434 0.452684 0.437998 0.423385 0.408851 0.394399 0.380035 0.365762 0.351584 0.337502 0.323519 0.309636 0.295855 0.282175 0.268599 0.255126 0.241756 0.228488 0.215323 0.202261 0.189299 0.176439 0.163678 0.151016 0.138452 0.125985 0.113613 0.101336 0.089152 
