145 145
1.565420e+02 0 5
0.824713 0.832677 0.840640 0.848599 0.856554 0.864503 0.872446 0.880380 0.888304 0.896216 0.904116 0.912001 0.919869 0.927719 0.935548 0.943355 0.951137 0.958892 0.966617 0.974312 0.981971 0.989594 0.997177 1.004718 1.012212 1.019658 1.027052 1.034390 1.041669 1.048886 1.056036 1.063117 1.070122 1.077050 1.083895 1.090653 1.097319 1.103889 1.110359 1.116722 1.122975 1.129112 1.135129 1.141019 1.146778 1.152400 1.157880 1.163213 1.168392 1.173413 1.178271 1.182958 1.187471 1.191804 1.195952 1.199909 1.203670 1.207231 1.210587 1.213733 1.216665 1.219379 1.221870 1.224136 1.226172 1.227977 1.229546 1.230878 1.231971 1.232823 1.233432 1.233798 1.233920 1.233798 1.233432 1.232823 1.231971 1.230878 1.229546 1.227977 1.226172 1.224136 1.221870 1.219379 1.216665 1.213733 1.210587 1.207231 1.203670 1.199909 1.195952 1.191804 1.187471 1.182958 1.178271 1.173413 1.168392 1.163213 1.157880 1.152400 1.146778 1.141019 1.135129 1.129112 1.122975 1.116722 1.110359 1.103889 1.097319 1.090653 1.083895 1.077050 1.070122 1.063117 1.056036 1.048886 1.041669 1.034390 1.027052 1.019658 1.012212 1.004718 0.997177 0.989594 0.981971 0.974312 0.966617 0.958892 0.951137 0.943355 0.935548 0.927719 0.919869 0.912001 0.904116 0.896216 0.888304 0.880380 0.872446 0.864503 0.856554 0.848599 0.840640 0.832677 0.824713 
0.830886 0.838936 0.846987 0.855036 0.863082 0.871124 0.879161 0.887191 0.895213 0.903226 0.911227 0.919214 0.927187 0.935144 0.943081 0.950998 0.958892 0.966760 0.974601 0.982412 0.990191 0.997934 1.005639 1.013303 1.020923 1.028495 1.036017 1.043485 1.050895 1.058244 1.065527 1.072742 1.079883 1.086947 1.093929 1.100825 1.107629 1.114338 1.120946 1.127449 1.133840 1.140116 1.146270 1.152297 1.158192 1.163949 1.169563 1.175027 1.180336 1.185485 1.190467 1.195277 1.199909 1.204358 1.208617 1.212682 1.216547 1.220208 1.223658 1.226893 1.229909 1.232701 1.235265 1.237596 1.239693 1.241550 1.243166 1.244538 1.245664 1.246541 1.247168 1.247545 1.247671 1.247545 1.247168 1.246541 1.245664 1.244538 1.243166 1.241550 1.239693 1.237596 1.235265 1.232701 1.229909 1.226893 1.223658 1.220208 1.216547 1.212682 1.208617 1.204358 1.199909 1.195277 1.190467 1.185485 1.180336 1.175027 1.169563 1.163949 1.158192 1.152297 1.146270 1.140116 1.133840 1.127449 1.120946 1.114338 1.107629 1.100825 1.093929 1.086947 1.079883 1.072742 1.065527 1.058244 1.050895 1.043485 1.036017 1.028495 1.020923 1.013303 1.005639 0.997934 0.990191 0.982412 0.974601 0.966760 0.958892 0.950998 0.943081 0.935144 0.927187 0.919214 0.911227 0.903226 0.895213 0.887191 0.879161 0.871124 0.863082 0.855036 0.846987 0.838936 0.830886 
0.837012 0.845150 0.853289 0.861428 0.869566 0.877702 0.885835 0.893962 0.902083 0.910196 0.918299 0.926391 0.934470 0.942535 0.950582 0.958610 0.966617 0.974601 0.982560 0.990489 0.998388 1.006254 1.014083 1.021873 1.029620 1.037322 1.044975 1.052575 1.060119 1.067603 1.075023 1.082376 1.089656 1.096860 1.103982 1.111020 1.117966 1.124818 1.131569 1.138215 1.144749 1.151168 1.157464 1.163633 1.169669 1.175566 1.181318 1.186919 1.192363 1.197644 1.202756 1.207693 1.212449 1.217018 1.221395 1.225572 1.229546 1.233310 1.236859 1.240187 1.243291 1.246165 1.248804 1.251206 1.253365 1.255278 1.256943 1.258357 1.259516 1.260420 1.261067 1.261456 1.261585 1.261456 1.261067 1.260420 1.259516 1.258357 1.256943 1.255278 1.253365 1.251206 1.248804 1.246165 1.243291 1.240187 1.236859 1.233310 1.229546 1.225572 1.221395 1.217018 1.212449 1.207693 1.202756 1.197644 1.192363 1.186919 1.181318 1.175566 1.169669 1.163633 1.157464 1.151168 1.144749 1.138215 1.131569 1.124818 1.117966 1.111020 1.103982 1.096860 1.089656 1.082376 1.075023 1.067603 1.060119 1.052575 1.044975 1.037322 1.029620 1.021873 1.014083 1.006254 0.998388 0.990489 0.982560 0.974601 0.966617 0.958610 0.950582 0.942535 0.934470 0.926391 0.918299 0.910196 0.902083 0.893962 0.885835 0.877702 0.869566 0.861428 0.853289 0.845150 0.837012 
0.843090 0.851316 0.859544 0.867774 0.876005 0.884236 0.892464 0.900690 0.908910 0.917125 0.925332 0.933530 0.941716 0.949889 0.958048 0.966189 0.974312 0.982412 0.990489 0.998540 1.006562 1.014552 1.022508 1.030426 1.038303 1.046137 1.053923 1.061658 1.069339 1.076962 1.084522 1.092015 1.099438 1.106785 1.114053 1.121236 1.128329 1.135327 1.142226 1.149019 1.155701 1.162267 1.168711 1.175027 1.181209 1.187250 1.193146 1.198888 1.204472 1.209891 1.215138 1.220208 1.225093 1.229788 1.234286 1.238582 1.242669 1.246541 1.250193 1.253619 1.256815 1.259775 1.262494 1.264968 1.267193 1.269165 1.270881 1.272339 1.273534 1.274467 1.275134 1.275534 1.275668 1.275534 1.275134 1.274467 1.273534 1.272339 1.270881 1.269165 1.267193 1.264968 1.262494 1.259775 1.256815 1.253619 1.250193 1.246541 1.242669 1.238582 1.234286 1.229788 1.225093 1.220208 1.215138 1.209891 1.204472 1.198888 1.193146 1.187250 1.181209 1.175027 1.168711 1.162267 1.155701 1.149019 1.142226 1.135327 1.128329 1.121236 1.114053 1.106785 1.099438 1.092015 1.084522 1.076962 1.069339 1.061658 1.053923 1.046137 1.038303 1.030426 1.022508 1.014552 1.006562 0.998540 0.990489 0.982412 0.974312 0.966189 0.958048 0.949889 0.941716 0.933530 0.925332 0.917125 0.908910 0.900690 0.892464 0.884236 0.876005 0.867774 0.859544 0.851316 0.843090 
0.849118 0.857432 0.865750 0.874072 0.882396 0.890722 0.899047 0.907372 0.915693 0.924011 0.932322 0.940626 0.948921 0.957205 0.965476 0.973732 0.981971 0.990191 0.998388 1.006562 1.014708 1.022825 1.030910 1.038958 1.046968 1.054936 1.062859 1.070733 1.078553 1.086317 1.094020 1.101659 1.109227 1.116722 1.124138 1.131471 1.138714 1.145864 1.152914 1.159860 1.166695 1.173413 1.180009 1.186477 1.192810 1.199002 1.205046 1.210936 1.216665 1.222227 1.227615 1.232823 1.237843 1.242669 1.247294 1.251713 1.255918 1.259904 1.263664 1.267193 1.270485 1.273534 1.276337 1.278887 1.281181 1.283215 1.284986 1.286489 1.287723 1.288684 1.289373 1.289786 1.289924 1.289786 1.289373 1.288684 1.287723 1.286489 1.284986 1.283215 1.281181 1.278887 1.276337 1.273534 1.270485 1.267193 1.263664 1.259904 1.255918 1.251713 1.247294 1.242669 1.237843 1.232823 1.227615 1.222227 1.216665 1.210936 1.205046 1.199002 1.192810 1.186477 1.180009 1.173413 1.166695 1.159860 1.152914 1.145864 1.138714 1.131471 1.124138 1.116722 1.109227 1.101659 1.094020 1.086317 1.078553 1.070733 1.062859 1.054936 1.046968 1.038958 1.030910 1.022825 1.014708 1.006562 0.998388 0.990191 0.981971 0.973732 0.965476 0.957205 0.948921 0.940626 0.932322 0.924011 0.915693 0.907372 0.899047 0.890722 0.882396 0.874072 0.865750 0.857432 0.849118 
0.855094 0.863496 0.871905 0.880319 0.888737 0.897158 0.905582 0.914006 0.922429 0.930850 0.939267 0.947679 0.956084 0.964480 0.972865 0.981237 0.989594 0.997934 1.006254 1.014552 1.022825 1.031071 1.039286 1.047468 1.055613 1.063718 1.071780 1.079795 1.087758 1.095667 1.103517 1.111303 1.119022 1.126668 1.134236 1.141722 1.149121 1.156426 1.163633 1.170736 1.177728 1.184605 1.191358 1.197983 1.204472 1.210820 1.217018 1.223061 1.228942 1.234653 1.240187 1.245538 1.250699 1.255662 1.260420 1.264968 1.269297 1.273401 1.277275 1.280911 1.284304 1.287448 1.290338 1.292969 1.295336 1.297435 1.299262 1.300813 1.302087 1.303080 1.303791 1.304218 1.304360 1.304218 1.303791 1.303080 1.302087 1.300813 1.299262 1.297435 1.295336 1.292969 1.290338 1.287448 1.284304 1.280911 1.277275 1.273401 1.269297 1.264968 1.260420 1.255662 1.250699 1.245538 1.240187 1.234653 1.228942 1.223061 1.217018 1.210820 1.204472 1.197983 1.191358 1.184605 1.177728 1.170736 1.163633 1.156426 1.149121 1.141722 1.134236 1.126668 1.119022 1.111303 1.103517 1.095667 1.087758 1.079795 1.071780 1.063718 1.055613 1.047468 1.039286 1.031071 1.022825 1.014552 1.006254 0.997934 0.989594 0.981237 0.972865 0.964480 0.956084 0.947679 0.939267 0.930850 0.922429 0.914006 0.905582 0.897158 0.888737 0.880319 0.871905 0.863496 0.855094 
0.861016 0.869507 0.878006 0.886513 0.895025 0.903543 0.912065 0.920590 0.929116 0.937641 0.946165 0.954686 0.963202 0.971711 0.980211 0.988700 0.997177 1.005639 1.014083 1.022508 1.030910 1.039286 1.047635 1.055952 1.064235 1.072479 1.080683 1.088842 1.096951 1.105008 1.113008 1.120946 1.128818 1.136619 1.144345 1.151989 1.159547 1.167013 1.174381 1.181646 1.188800 1.195839 1.202756 1.209543 1.216195 1.222704 1.229063 1.235265 1.241302 1.247168 1.252856 1.258357 1.263664 1.268770 1.273667 1.278349 1.282808 1.287037 1.291029 1.294778 1.298277 1.301520 1.304502 1.307218 1.309661 1.311828 1.313715 1.315318 1.316633 1.317659 1.318393 1.318834 1.318982 1.318834 1.318393 1.317659 1.316633 1.315318 1.313715 1.311828 1.309661 1.307218 1.304502 1.301520 1.298277 1.294778 1.291029 1.287037 1.282808 1.278349 1.273667 1.268770 1.263664 1.258357 1.252856 1.247168 1.241302 1.235265 1.229063 1.222704 1.216195 1.209543 1.202756 1.195839 1.188800 1.181646 1.174381 1.167013 1.159547 1.151989 1.144345 1.136619 1.128818 1.120946 1.113008 1.105008 1.096951 1.088842 1.080683 1.072479 1.064235 1.055952 1.047635 1.039286 1.030910 1.022508 1.014083 1.005639 0.997177 0.988700 0.980211 0.971711 0.963202 0.954686 0.946165 0.937641 0.929116 0.920590 0.912065 0.903543 0.895025 0.886513 0.878006 0.869507 0.861016 
0.866880 0.875461 0.884051 0.892651 0.901259 0.909874 0.918495 0.927121 0.935750 0.944381 0.953013 0.961643 0.970271 0.978894 0.987511 0.996120 1.004718 1.013303 1.021873 1.030426 1.038958 1.047468 1.055952 1.064407 1.072830 1.081217 1.089565 1.097871 1.106130 1.114338 1.122491 1.130585 1.138614 1.146575 1.154461 1.162267 1.169989 1.177620 1.185155 1.192586 1.199909 1.207116 1.214201 1.221157 1.227977 1.234653 1.241178 1.247545 1.253747 1.259775 1.265621 1.271278 1.276738 1.281994 1.287037 1.291859 1.296454 1.300813 1.304930 1.308797 1.312408 1.315756 1.318834 1.321638 1.324162 1.326401 1.328351 1.330008 1.331367 1.332428 1.333187 1.333643 1.333795 1.333643 1.333187 1.332428 1.331367 1.330008 1.328351 1.326401 1.324162 1.321638 1.318834 1.315756 1.312408 1.308797 1.304930 1.300813 1.296454 1.291859 1.287037 1.281994 1.276738 1.271278 1.265621 1.259775 1.253747 1.247545 1.241178 1.234653 1.227977 1.221157 1.214201 1.207116 1.199909 1.192586 1.185155 1.177620 1.169989 1.162267 1.154461 1.146575 1.138614 1.130585 1.122491 1.114338 1.106130 1.097871 1.089565 1.081217 1.072830 1.064407 1.055952 1.047468 1.038958 1.030426 1.021873 1.013303 1.004718 0.996120 0.987511 0.978894 0.970271 0.961643 0.953013 0.944381 0.935750 0.927121 0.918495 0.909874 0.901259 0.892651 0.884051 0.875461 0.866880 
0.872686 0.881356 0.890039 0.898732 0.907436 0.916148 0.924869 0.933597 0.942330 0.951067 0.959807 0.968549 0.977289 0.986028 0.994763 1.003492 1.012212 1.020923 1.029620 1.038303 1.046968 1.055613 1.064235 1.072830 1.081395 1.089928 1.098423 1.106879 1.115290 1.123653 1.131963 1.140216 1.148407 1.156530 1.164581 1.172555 1.180445 1.188246 1.195952 1.203556 1.211052 1.218433 1.225692 1.232823 1.239816 1.246666 1.253365 1.259904 1.266275 1.272471 1.278484 1.284304 1.289924 1.295336 1.300531 1.305501 1.310238 1.314734 1.318982 1.322973 1.326701 1.330158 1.333339 1.336237 1.338846 1.341161 1.343177 1.344890 1.346296 1.347394 1.348179 1.348651 1.348808 1.348651 1.348179 1.347394 1.346296 1.344890 1.343177 1.341161 1.338846 1.336237 1.333339 1.330158 1.326701 1.322973 1.318982 1.314734 1.310238 1.305501 1.300531 1.295336 1.289924 1.284304 1.278484 1.272471 1.266275 1.259904 1.253365 1.246666 1.239816 1.232823 1.225692 1.218433 1.211052 1.203556 1.195952 1.188246 1.180445 1.172555 1.164581 1.156530 1.148407 1.140216 1.131963 1.123653 1.115290 1.106879 1.098423 1.089928 1.081395 1.072830 1.064235 1.055613 1.046968 1.038303 1.029620 1.020923 1.012212 1.003492 0.994763 0.986028 0.977289 0.968549 0.959807 0.951067 0.942330 0.933597 0.924869 0.916148 0.907436 0.898732 0.890039 0.881356 0.872686 
0.878431 0.887191 0.895965 0.904753 0.913552 0.922363 0.931184 0.940014 0.948852 0.957697 0.966546 0.975399 0.984254 0.993109 1.001963 1.010813 1.019658 1.028495 1.037322 1.046137 1.054936 1.063718 1.072479 1.081217 1.089928 1.098608 1.107254 1.115863 1.124429 1.132950 1.141421 1.149836 1.158192 1.166483 1.174704 1.182849 1.190912 1.198888 1.206770 1.214552 1.222227 1.229788 1.237227 1.244538 1.251713 1.258743 1.265621 1.272339 1.278887 1.285259 1.291444 1.297435 1.303222 1.308797 1.314151 1.319276 1.324162 1.328802 1.333187 1.337309 1.341161 1.344734 1.348022 1.351018 1.353717 1.356112 1.358198 1.359971 1.361427 1.362563 1.363376 1.363865 1.364028 1.363865 1.363376 1.362563 1.361427 1.359971 1.358198 1.356112 1.353717 1.351018 1.348022 1.344734 1.341161 1.337309 1.333187 1.328802 1.324162 1.319276 1.314151 1.308797 1.303222 1.297435 1.291444 1.285259 1.278887 1.272339 1.265621 1.258743 1.251713 1.244538 1.237227 1.229788 1.222227 1.214552 1.206770 1.198888 1.190912 1.182849 1.174704 1.166483 1.158192 1.149836 1.141421 1.132950 1.124429 1.115863 1.107254 1.098608 1.089928 1.081217 1.072479 1.063718 1.054936 1.046137 1.037322 1.028495 1.019658 1.010813 1.001963 0.993109 0.984254 0.975399 0.966546 0.957697 0.948852 0.940014 0.931184 0.922363 0.913552 0.904753 0.895965 0.887191 0.878431 
0.884113 0.892963 0.901829 0.910711 0.919607 0.928516 0.937438 0.946371 0.955315 0.964267 0.973226 0.982192 0.991162 1.000135 1.009109 1.018082 1.027052 1.036017 1.044975 1.053923 1.062859 1.071780 1.080683 1.089565 1.098423 1.107254 1.116053 1.124818 1.133543 1.142226 1.150860 1.159442 1.167967 1.176430 1.184824 1.193146 1.201387 1.209543 1.217607 1.225572 1.233432 1.241178 1.248804 1.256302 1.263664 1.270881 1.277946 1.284849 1.291582 1.298136 1.304502 1.310671 1.316633 1.322379 1.327900 1.333187 1.338230 1.343021 1.347551 1.351810 1.355791 1.359487 1.362888 1.365988 1.368781 1.371261 1.373421 1.375258 1.376766 1.377943 1.378786 1.379292 1.379461 1.379292 1.378786 1.377943 1.376766 1.375258 1.373421 1.371261 1.368781 1.365988 1.362888 1.359487 1.355791 1.351810 1.347551 1.343021 1.338230 1.333187 1.327900 1.322379 1.316633 1.310671 1.304502 1.298136 1.291582 1.284849 1.277946 1.270881 1.263664 1.256302 1.248804 1.241178 1.233432 1.225572 1.217607 1.209543 1.201387 1.193146 1.184824 1.176430 1.167967 1.159442 1.150860 1.142226 1.133543 1.124818 1.116053 1.107254 1.098423 1.089565 1.080683 1.071780 1.062859 1.053923 1.044975 1.036017 1.027052 1.018082 1.009109 1.000135 0.991162 0.982192 0.973226 0.964267 0.955315 0.946371 0.937438 0.928516 0.919607 0.910711 0.901829 0.892963 0.884113 
0.889728 0.898669 0.907628 0.916604 0.925597 0.934605 0.943628 0.952665 0.961714 0.970774 0.979845 0.988924 0.998010 1.007101 1.016196 1.025293 1.034390 1.043485 1.052575 1.061658 1.070733 1.079795 1.088842 1.097871 1.106879 1.115863 1.124818 1.133741 1.142629 1.151476 1.160278 1.169030 1.177728 1.186367 1.194940 1.203442 1.211866 1.220208 1.228459 1.236613 1.244663 1.252602 1.260420 1.268112 1.275668 1.283080 1.290338 1.297435 1.304360 1.311105 1.317659 1.324014 1.330158 1.336084 1.341780 1.347237 1.352445 1.357394 1.362076 1.366480 1.370598 1.374422 1.377943 1.381154 1.384047 1.386615 1.388854 1.390758 1.392322 1.393542 1.394416 1.394941 1.395116 1.394941 1.394416 1.393542 1.392322 1.390758 1.388854 1.386615 1.384047 1.381154 1.377943 1.374422 1.370598 1.366480 1.362076 1.357394 1.352445 1.347237 1.341780 1.336084 1.330158 1.324014 1.317659 1.311105 1.304360 1.297435 1.290338 1.283080 1.275668 1.268112 1.260420 1.252602 1.244663 1.236613 1.228459 1.220208 1.211866 1.203442 1.194940 1.186367 1.177728 1.169030 1.160278 1.151476 1.142629 1.133741 1.124818 1.115863 1.106879 1.097871 1.088842 1.079795 1.070733 1.061658 1.052575 1.043485 1.034390 1.025293 1.016196 1.007101 0.998010 0.988924 0.979845 0.970774 0.961714 0.952665 0.943628 0.934605 0.925597 0.916604 0.907628 0.898669 0.889728 
0.895276 0.904307 0.913358 0.922429 0.931519 0.940626 0.949751 0.958892 0.968047 0.977217 0.986398 0.995591 1.004794 1.014005 1.023222 1.032445 1.041669 1.050895 1.060119 1.069339 1.078553 1.087758 1.096951 1.106130 1.115290 1.124429 1.133543 1.142629 1.151681 1.160696 1.169669 1.178596 1.187471 1.196290 1.205046 1.213733 1.222346 1.230878 1.239322 1.247671 1.255918 1.264055 1.272073 1.279965 1.287723 1.295336 1.302796 1.310094 1.317219 1.324162 1.330914 1.337463 1.343799 1.349912 1.355791 1.361427 1.366808 1.371924 1.376766 1.381323 1.385586 1.389545 1.393193 1.396520 1.399519 1.402182 1.404504 1.406479 1.408101 1.409368 1.410274 1.410819 1.411001 1.410819 1.410274 1.409368 1.408101 1.406479 1.404504 1.402182 1.399519 1.396520 1.393193 1.389545 1.385586 1.381323 1.376766 1.371924 1.366808 1.361427 1.355791 1.349912 1.343799 1.337463 1.330914 1.324162 1.317219 1.310094 1.302796 1.295336 1.287723 1.279965 1.272073 1.264055 1.255918 1.247671 1.239322 1.230878 1.222346 1.213733 1.205046 1.196290 1.187471 1.178596 1.169669 1.160696 1.151681 1.142629 1.133543 1.124429 1.115290 1.106130 1.096951 1.087758 1.078553 1.069339 1.060119 1.050895 1.041669 1.032445 1.023222 1.014005 1.004794 0.995591 0.986398 0.977217 0.968047 0.958892 0.949751 0.940626 0.931519 0.922429 0.913358 0.904307 0.895276 
0.900753 0.909874 0.919018 0.928184 0.937371 0.946578 0.955804 0.965049 0.974312 0.983590 0.992884 1.002192 1.011512 1.020843 1.030184 1.039532 1.048886 1.058244 1.067603 1.076962 1.086317 1.095667 1.105008 1.114338 1.123653 1.132950 1.142226 1.151476 1.160696 1.169882 1.179031 1.188135 1.197192 1.206195 1.215138 1.224016 1.232823 1.241550 1.250193 1.258743 1.267193 1.275534 1.283759 1.291859 1.299825 1.307648 1.315318 1.322824 1.330158 1.337309 1.344266 1.351018 1.357555 1.363865 1.369937 1.375760 1.381323 1.386615 1.391626 1.396344 1.400760 1.404863 1.408644 1.412094 1.415205 1.417969 1.420379 1.422429 1.424114 1.425429 1.426371 1.426937 1.427126 1.426937 1.426371 1.425429 1.424114 1.422429 1.420379 1.417969 1.415205 1.412094 1.408644 1.404863 1.400760 1.396344 1.391626 1.386615 1.381323 1.375760 1.369937 1.363865 1.357555 1.351018 1.344266 1.337309 1.330158 1.322824 1.315318 1.307648 1.299825 1.291859 1.283759 1.275534 1.267193 1.258743 1.250193 1.241550 1.232823 1.224016 1.215138 1.206195 1.197192 1.188135 1.179031 1.169882 1.160696 1.151476 1.142226 1.132950 1.123653 1.114338 1.105008 1.095667 1.086317 1.076962 1.067603 1.058244 1.048886 1.039532 1.030184 1.020843 1.011512 1.002192 0.992884 0.983590 0.974312 0.965049 0.955804 0.946578 0.937371 0.928184 0.919018 0.909874 0.900753 
0.906156 0.915368 0.924605 0.933865 0.943149 0.952456 0.961785 0.971134 0.980504 0.989892 0.999299 1.008722 1.018160 1.027613 1.037077 1.046552 1.056036 1.065527 1.075023 1.084522 1.094020 1.103517 1.113008 1.122491 1.131963 1.141421 1.150860 1.160278 1.169669 1.179031 1.188357 1.197644 1.206886 1.216077 1.225213 1.234286 1.243291 1.252220 1.261067 1.269824 1.278484 1.287037 1.295475 1.303791 1.311973 1.320013 1.327900 1.335625 1.343177 1.350544 1.357715 1.364680 1.371427 1.377943 1.384217 1.390238 1.395993 1.401470 1.406659 1.411547 1.416124 1.420379 1.424302 1.427882 1.431112 1.433983 1.436487 1.438617 1.440368 1.441735 1.442714 1.443303 1.443499 1.443303 1.442714 1.441735 1.440368 1.438617 1.436487 1.433983 1.431112 1.427882 1.424302 1.420379 1.416124 1.411547 1.406659 1.401470 1.395993 1.390238 1.384217 1.377943 1.371427 1.364680 1.357715 1.350544 1.343177 1.335625 1.327900 1.320013 1.311973 1.303791 1.295475 1.287037 1.278484 1.269824 1.261067 1.252220 1.243291 1.234286 1.225213 1.216077 1.206886 1.197644 1.188357 1.179031 1.169669 1.160278 1.150860 1.141421 1.131963 1.122491 1.113008 1.103517 1.094020 1.084522 1.075023 1.065527 1.056036 1.046552 1.037077 1.027613 1.018160 1.008722 0.999299 0.989892 0.980504 0.971134 0.961785 0.952456 0.943149 0.933865 0.924605 0.915368 0.906156 
0.911484 0.920787 0.930116 0.939471 0.948852 0.958259 0.967689 0.977144 0.986621 0.996120 1.005639 1.015178 1.024735 1.034309 1.043898 1.053501 1.063117 1.072742 1.082376 1.092015 1.101659 1.111303 1.120946 1.130585 1.140216 1.149836 1.159442 1.169030 1.178596 1.188135 1.197644 1.207116 1.216547 1.225932 1.235265 1.244538 1.253747 1.262883 1.271941 1.280911 1.289786 1.298558 1.307218 1.315756 1.324162 1.332428 1.340542 1.348494 1.356272 1.363865 1.371261 1.378448 1.385415 1.392148 1.398634 1.404863 1.410819 1.416492 1.421869 1.426937 1.431685 1.436100 1.440173 1.443893 1.447249 1.450233 1.452836 1.455052 1.456874 1.458296 1.459315 1.459928 1.460132 1.459928 1.459315 1.458296 1.456874 1.455052 1.452836 1.450233 1.447249 1.443893 1.440173 1.436100 1.431685 1.426937 1.421869 1.416492 1.410819 1.404863 1.398634 1.392148 1.385415 1.378448 1.371261 1.363865 1.356272 1.348494 1.340542 1.332428 1.324162 1.315756 1.307218 1.298558 1.289786 1.280911 1.271941 1.262883 1.253747 1.244538 1.235265 1.225932 1.216547 1.207116 1.197644 1.188135 1.178596 1.169030 1.159442 1.149836 1.140216 1.130585 1.120946 1.111303 1.101659 1.092015 1.082376 1.072742 1.063117 1.053501 1.043898 1.034309 1.024735 1.015178 1.005639 0.996120 0.986621 0.977144 0.967689 0.958259 0.948852 0.939471 0.930116 0.920787 0.911484 
0.916734 0.926126 0.935548 0.944998 0.954476 0.963982 0.973515 0.983075 0.992659 1.002268 1.011901 1.021556 1.031232 1.040929 1.050643 1.060375 1.070122 1.079883 1.089656 1.099438 1.109227 1.119022 1.128818 1.138614 1.148407 1.158192 1.167967 1.177728 1.187471 1.197192 1.206886 1.216547 1.226172 1.235754 1.245288 1.254767 1.264185 1.273534 1.282808 1.291998 1.301096 1.310094 1.318982 1.327750 1.336390 1.344890 1.353239 1.361427 1.369441 1.377270 1.384901 1.392322 1.399519 1.406479 1.413189 1.419636 1.425806 1.431685 1.437260 1.442518 1.447447 1.452033 1.456265 1.460132 1.463622 1.466727 1.469436 1.471743 1.473640 1.475122 1.476183 1.476821 1.477034 1.476821 1.476183 1.475122 1.473640 1.471743 1.469436 1.466727 1.463622 1.460132 1.456265 1.452033 1.447447 1.442518 1.437260 1.431685 1.425806 1.419636 1.413189 1.406479 1.399519 1.392322 1.384901 1.377270 1.369441 1.361427 1.353239 1.344890 1.336390 1.327750 1.318982 1.310094 1.301096 1.291998 1.282808 1.273534 1.264185 1.254767 1.245288 1.235754 1.226172 1.216547 1.206886 1.197192 1.187471 1.177728 1.167967 1.158192 1.148407 1.138614 1.128818 1.119022 1.109227 1.099438 1.089656 1.079883 1.070122 1.060375 1.050643 1.040929 1.031232 1.021556 1.011901 1.002268 0.992659 0.983075 0.973515 0.963982 0.954476 0.944998 0.935548 0.926126 0.916734 
0.921903 0.931385 0.940899 0.950443 0.960019 0.969624 0.979260 0.988924 0.998616 1.008336 1.018082 1.027853 1.037649 1.047468 1.057309 1.067170 1.077050 1.086947 1.096860 1.106785 1.116722 1.126668 1.136619 1.146575 1.156530 1.166483 1.176430 1.186367 1.196290 1.206195 1.216077 1.225932 1.235754 1.245538 1.255278 1.264968 1.274600 1.284168 1.293664 1.303080 1.312408 1.321638 1.330763 1.339770 1.348651 1.357394 1.365988 1.374422 1.382683 1.390758 1.398634 1.406299 1.413738 1.420937 1.427882 1.434559 1.440953 1.447051 1.452836 1.458296 1.463416 1.468184 1.472585 1.476608 1.480242 1.483475 1.486297 1.488701 1.490678 1.492223 1.493330 1.493995 1.494217 1.493995 1.493330 1.492223 1.490678 1.488701 1.486297 1.483475 1.480242 1.476608 1.472585 1.468184 1.463416 1.458296 1.452836 1.447051 1.440953 1.434559 1.427882 1.420937 1.413738 1.406299 1.398634 1.390758 1.382683 1.374422 1.365988 1.357394 1.348651 1.339770 1.330763 1.321638 1.312408 1.303080 1.293664 1.284168 1.274600 1.264968 1.255278 1.245538 1.235754 1.225932 1.216077 1.206195 1.196290 1.186367 1.176430 1.166483 1.156530 1.146575 1.136619 1.126668 1.116722 1.106785 1.096860 1.086947 1.077050 1.067170 1.057309 1.047468 1.037649 1.027853 1.018082 1.008336 0.998616 0.988924 0.979260 0.969624 0.960019 0.950443 0.940899 0.931385 0.921903 
0.926988 0.936560 0.946165 0.955804 0.965476 0.975181 0.984919 0.994688 1.004487 1.014318 1.024177 1.034065 1.043981 1.053923 1.063890 1.073881 1.083895 1.093929 1.103982 1.114053 1.124138 1.134236 1.144345 1.154461 1.164581 1.174704 1.184824 1.194940 1.205046 1.215138 1.225213 1.235265 1.245288 1.255278 1.265229 1.275134 1.284986 1.294778 1.304502 1.314151 1.323716 1.333187 1.342555 1.351810 1.360941 1.369937 1.378786 1.387475 1.395993 1.404325 1.412459 1.420379 1.428072 1.435522 1.442714 1.449634 1.456265 1.462593 1.468601 1.474274 1.479598 1.484558 1.489140 1.493330 1.497116 1.500486 1.503429 1.505937 1.508000 1.509612 1.510767 1.511462 1.511694 1.511462 1.510767 1.509612 1.508000 1.505937 1.503429 1.500486 1.497116 1.493330 1.489140 1.484558 1.479598 1.474274 1.468601 1.462593 1.456265 1.449634 1.442714 1.435522 1.428072 1.420379 1.412459 1.404325 1.395993 1.387475 1.378786 1.369937 1.360941 1.351810 1.342555 1.333187 1.323716 1.314151 1.304502 1.294778 1.284986 1.275134 1.265229 1.255278 1.245288 1.235265 1.225213 1.215138 1.205046 1.194940 1.184824 1.174704 1.164581 1.154461 1.144345 1.134236 1.124138 1.114053 1.103982 1.093929 1.083895 1.073881 1.063890 1.053923 1.043981 1.034065 1.024177 1.014318 1.004487 0.994688 0.984919 0.975181 0.965476 0.955804 0.946165 0.936560 0.926988 
0.931987 0.941648 0.951345 0.961078 0.970846 0.980650 0.990489 1.000363 1.010270 1.020211 1.030184 1.040189 1.050224 1.060290 1.070384 1.080505 1.090653 1.100825 1.111020 1.121236 1.131471 1.141722 1.151989 1.162267 1.172555 1.182849 1.193146 1.203442 1.213733 1.224016 1.234286 1.244538 1.254767 1.264968 1.275134 1.285259 1.295336 1.305358 1.315318 1.325206 1.335014 1.344734 1.354354 1.363865 1.373255 1.382513 1.391626 1.400582 1.409368 1.417969 1.426371 1.434559 1.442518 1.450233 1.457686 1.464861 1.471743 1.478314 1.484558 1.490458 1.495999 1.501163 1.505937 1.510305 1.514253 1.517770 1.520842 1.523461 1.525616 1.527300 1.528508 1.529234 1.529476 1.529234 1.528508 1.527300 1.525616 1.523461 1.520842 1.517770 1.514253 1.510305 1.505937 1.501163 1.495999 1.490458 1.484558 1.478314 1.471743 1.464861 1.457686 1.450233 1.442518 1.434559 1.426371 1.417969 1.409368 1.400582 1.391626 1.382513 1.373255 1.363865 1.354354 1.344734 1.335014 1.325206 1.315318 1.305358 1.295336 1.285259 1.275134 1.264968 1.254767 1.244538 1.234286 1.224016 1.213733 1.203442 1.193146 1.182849 1.172555 1.162267 1.151989 1.141722 1.131471 1.121236 1.111020 1.100825 1.090653 1.080505 1.070384 1.060290 1.050224 1.040189 1.030184 1.020211 1.010270 1.000363 0.990489 0.980650 0.970846 0.961078 0.951345 0.941648 0.931987 
0.936897 0.946646 0.956434 0.966261 0.976125 0.986028 0.995969 1.005946 1.015961 1.026012 1.036098 1.046220 1.056375 1.066564 1.076785 1.087037 1.097319 1.107629 1.117966 1.128329 1.138714 1.149121 1.159547 1.169989 1.180445 1.190912 1.201387 1.211866 1.222346 1.232823 1.243291 1.253747 1.264185 1.274600 1.284986 1.295336 1.305644 1.315902 1.326102 1.336237 1.346296 1.356272 1.366152 1.375927 1.385586 1.395116 1.404504 1.413738 1.422803 1.431685 1.440368 1.448837 1.457076 1.465068 1.472796 1.480242 1.487388 1.494217 1.500711 1.506852 1.512623 1.518005 1.522984 1.527542 1.531664 1.535337 1.538549 1.541286 1.543540 1.545302 1.546565 1.547325 1.547579 1.547325 1.546565 1.545302 1.543540 1.541286 1.538549 1.535337 1.531664 1.527542 1.522984 1.518005 1.512623 1.506852 1.500711 1.494217 1.487388 1.480242 1.472796 1.465068 1.457076 1.448837 1.440368 1.431685 1.422803 1.413738 1.404504 1.395116 1.385586 1.375927 1.366152 1.356272 1.346296 1.336237 1.326102 1.315902 1.305644 1.295336 1.284986 1.274600 1.264185 1.253747 1.243291 1.232823 1.222346 1.211866 1.201387 1.190912 1.180445 1.169989 1.159547 1.149121 1.138714 1.128329 1.117966 1.107629 1.097319 1.087037 1.076785 1.066564 1.056375 1.046220 1.036098 1.026012 1.015961 1.005946 0.995969 0.986028 0.976125 0.966261 0.956434 0.946646 0.936897 
0.941716 0.951553 0.961431 0.971350 0.981310 0.991311 1.001353 1.011435 1.021556 1.031717 1.041917 1.052154 1.062430 1.072742 1.083090 1.093473 1.103889 1.114338 1.124818 1.135327 1.145864 1.156426 1.167013 1.177620 1.188246 1.198888 1.209543 1.220208 1.230878 1.241550 1.252220 1.262883 1.273534 1.284168 1.294778 1.305358 1.315902 1.326401 1.336849 1.347237 1.357555 1.367794 1.377943 1.387992 1.397928 1.407740 1.417414 1.426937 1.436293 1.445469 1.454446 1.463210 1.471743 1.480027 1.488044 1.495775 1.503202 1.510305 1.517064 1.523461 1.529476 1.535092 1.540288 1.545050 1.549359 1.553200 1.556560 1.559425 1.561785 1.563630 1.564954 1.565750 1.566016 1.565750 1.564954 1.563630 1.561785 1.559425 1.556560 1.553200 1.549359 1.545050 1.540288 1.535092 1.529476 1.523461 1.517064 1.510305 1.503202 1.495775 1.488044 1.480027 1.471743 1.463210 1.454446 1.445469 1.436293 1.426937 1.417414 1.407740 1.397928 1.387992 1.377943 1.367794 1.357555 1.347237 1.336849 1.326401 1.315902 1.305358 1.294778 1.284168 1.273534 1.262883 1.252220 1.241550 1.230878 1.220208 1.209543 1.198888 1.188246 1.177620 1.167013 1.156426 1.145864 1.135327 1.124818 1.114338 1.103889 1.093473 1.083090 1.072742 1.062430 1.052154 1.041917 1.031717 1.021556 1.011435 1.001353 0.991311 0.981310 0.971350 0.961431 0.951553 0.941716 
0.946440 0.956364 0.966332 0.976343 0.986398 0.996497 1.006639 1.016824 1.027052 1.037322 1.047635 1.057989 1.068384 1.078819 1.089294 1.099807 1.110359 1.120946 1.131569 1.142226 1.152914 1.163633 1.174381 1.185155 1.195952 1.206770 1.217607 1.228459 1.239322 1.250193 1.261067 1.271941 1.282808 1.293664 1.304502 1.315318 1.326102 1.336849 1.347551 1.358198 1.368781 1.379292 1.389718 1.400050 1.410274 1.420379 1.430350 1.440173 1.449834 1.459315 1.468601 1.477674 1.486515 1.495107 1.503429 1.511462 1.519185 1.526578 1.533619 1.540288 1.546565 1.552429 1.557860 1.562838 1.567347 1.571369 1.574888 1.577891 1.580366 1.582301 1.583689 1.584524 1.584803 1.584524 1.583689 1.582301 1.580366 1.577891 1.574888 1.571369 1.567347 1.562838 1.557860 1.552429 1.546565 1.540288 1.533619 1.526578 1.519185 1.511462 1.503429 1.495107 1.486515 1.477674 1.468601 1.459315 1.449834 1.440173 1.430350 1.420379 1.410274 1.400050 1.389718 1.379292 1.368781 1.358198 1.347551 1.336849 1.326102 1.315318 1.304502 1.293664 1.282808 1.271941 1.261067 1.250193 1.239322 1.228459 1.217607 1.206770 1.195952 1.185155 1.174381 1.163633 1.152914 1.142226 1.131569 1.120946 1.110359 1.099807 1.089294 1.078819 1.068384 1.057989 1.047635 1.037322 1.027052 1.016824 1.006639 0.996497 0.986398 0.976343 0.966332 0.956364 0.946440 
0.951067 0.961078 0.971134 0.981237 0.991386 1.001582 1.011823 1.022111 1.032445 1.042824 1.053249 1.063718 1.074232 1.084791 1.095392 1.106036 1.116722 1.127449 1.138215 1.149019 1.159860 1.170736 1.181646 1.192586 1.203556 1.214552 1.225572 1.236613 1.247671 1.258743 1.269824 1.280911 1.291998 1.303080 1.314151 1.325206 1.336237 1.347237 1.358198 1.369111 1.379968 1.390758 1.401470 1.412094 1.422616 1.433024 1.443303 1.453439 1.463416 1.473218 1.482826 1.492223 1.501389 1.510305 1.518949 1.527300 1.535337 1.543038 1.550379 1.557339 1.563895 1.570024 1.575705 1.580917 1.585641 1.589857 1.593548 1.596699 1.599297 1.601329 1.602788 1.603665 1.603958 1.603665 1.602788 1.601329 1.599297 1.596699 1.593548 1.589857 1.585641 1.580917 1.575705 1.570024 1.563895 1.557339 1.550379 1.543038 1.535337 1.527300 1.518949 1.510305 1.501389 1.492223 1.482826 1.473218 1.463416 1.453439 1.443303 1.433024 1.422616 1.412094 1.401470 1.390758 1.379968 1.369111 1.358198 1.347237 1.336237 1.325206 1.314151 1.303080 1.291998 1.280911 1.269824 1.258743 1.247671 1.236613 1.225572 1.214552 1.203556 1.192586 1.181646 1.170736 1.159860 1.149019 1.138215 1.127449 1.116722 1.106036 1.095392 1.084791 1.074232 1.063718 1.053249 1.042824 1.032445 1.022111 1.011823 1.001582 0.991386 0.981237 0.971134 0.961078 0.951067 
0.955594 0.965690 0.975835 0.986028 0.996270 1.006562 1.016902 1.027292 1.037731 1.048218 1.058755 1.069339 1.079972 1.090653 1.101381 1.112155 1.122975 1.133840 1.144749 1.155701 1.166695 1.177728 1.188800 1.199909 1.211052 1.222227 1.233432 1.244663 1.255918 1.267193 1.278484 1.289786 1.301096 1.312408 1.323716 1.335014 1.346296 1.357555 1.368781 1.379968 1.391105 1.402182 1.413189 1.424114 1.434944 1.445666 1.456265 1.466727 1.477034 1.487170 1.497116 1.506852 1.516359 1.525616 1.534600 1.543289 1.551659 1.559687 1.567347 1.574617 1.581470 1.587884 1.593834 1.599297 1.604251 1.608677 1.612553 1.615865 1.618595 1.620733 1.622267 1.623190 1.623499 1.623190 1.622267 1.620733 1.618595 1.615865 1.612553 1.608677 1.604251 1.599297 1.593834 1.587884 1.581470 1.574617 1.567347 1.559687 1.551659 1.543289 1.534600 1.525616 1.516359 1.506852 1.497116 1.487170 1.477034 1.466727 1.456265 1.445666 1.434944 1.424114 1.413189 1.402182 1.391105 1.379968 1.368781 1.357555 1.346296 1.335014 1.323716 1.312408 1.301096 1.289786 1.278484 1.267193 1.255918 1.244663 1.233432 1.222227 1.211052 1.199909 1.188800 1.177728 1.166695 1.155701 1.144749 1.133840 1.122975 1.112155 1.101381 1.090653 1.079972 1.069339 1.058755 1.048218 1.037731 1.027292 1.016902 1.006562 0.996270 0.986028 0.975835 0.965690 0.955594 
0.960019 0.970199 0.980431 0.990713 1.001048 1.011435 1.021873 1.032364 1.042906 1.053501 1.064148 1.074847 1.085598 1.096401 1.107254 1.118158 1.129112 1.140116 1.151168 1.162267 1.173413 1.184605 1.195839 1.207116 1.218433 1.229788 1.241178 1.252602 1.264055 1.275534 1.287037 1.298558 1.310094 1.321638 1.333187 1.344734 1.356272 1.367794 1.379292 1.390758 1.402182 1.413555 1.424865 1.436100 1.447249 1.458296 1.469227 1.480027 1.490678 1.501163 1.511462 1.521555 1.531420 1.541036 1.550379 1.559425 1.568148 1.576524 1.584524 1.592124 1.599297 1.606015 1.612254 1.617987 1.623190 1.627841 1.631919 1.635404 1.638279 1.640530 1.642146 1.643120 1.643445 1.643120 1.642146 1.640530 1.638279 1.635404 1.631919 1.627841 1.623190 1.617987 1.612254 1.606015 1.599297 1.592124 1.584524 1.576524 1.568148 1.559425 1.550379 1.541036 1.531420 1.521555 1.511462 1.501163 1.490678 1.480027 1.469227 1.458296 1.447249 1.436100 1.424865 1.413555 1.402182 1.390758 1.379292 1.367794 1.356272 1.344734 1.333187 1.321638 1.310094 1.298558 1.287037 1.275534 1.264055 1.252602 1.241178 1.229788 1.218433 1.207116 1.195839 1.184605 1.173413 1.162267 1.151168 1.140116 1.129112 1.118158 1.107254 1.096401 1.085598 1.074847 1.064148 1.053501 1.042906 1.032364 1.021873 1.011435 1.001048 0.990713 0.980431 0.970199 0.960019 
0.964338 0.974601 0.984919 0.995290 1.005716 1.016196 1.026732 1.037322 1.047968 1.058669 1.069426 1.080239 1.091107 1.102030 1.113008 1.124041 1.135129 1.146270 1.157464 1.168711 1.180009 1.191358 1.202756 1.214201 1.225692 1.237227 1.248804 1.260420 1.272073 1.283759 1.295475 1.307218 1.318982 1.330763 1.342555 1.354354 1.366152 1.377943 1.389718 1.401470 1.413189 1.424865 1.436487 1.448042 1.459519 1.470903 1.482179 1.493330 1.504339 1.515188 1.525856 1.536323 1.546565 1.556560 1.566282 1.575705 1.584803 1.593548 1.601912 1.609865 1.617379 1.624425 1.630974 1.636998 1.642471 1.647366 1.651661 1.655333 1.658365 1.660740 1.662446 1.663474 1.663817 1.663474 1.662446 1.660740 1.658365 1.655333 1.651661 1.647366 1.642471 1.636998 1.630974 1.624425 1.617379 1.609865 1.601912 1.593548 1.584803 1.575705 1.566282 1.556560 1.546565 1.536323 1.525856 1.515188 1.504339 1.493330 1.482179 1.470903 1.459519 1.448042 1.436487 1.424865 1.413189 1.401470 1.389718 1.377943 1.366152 1.354354 1.342555 1.330763 1.318982 1.307218 1.295475 1.283759 1.272073 1.260420 1.248804 1.237227 1.225692 1.214201 1.202756 1.191358 1.180009 1.168711 1.157464 1.146270 1.135129 1.124041 1.113008 1.102030 1.091107 1.080239 1.069426 1.058669 1.047968 1.037322 1.026732 1.016196 1.005716 0.995290 0.984919 0.974601 0.964338 
0.968549 0.978894 0.989296 0.999755 1.010270 1.020843 1.031475 1.042164 1.052912 1.063718 1.074584 1.085509 1.096492 1.107535 1.118638 1.129799 1.141019 1.152297 1.163633 1.175027 1.186477 1.197983 1.209543 1.221157 1.232823 1.244538 1.256302 1.268112 1.279965 1.291859 1.303791 1.315756 1.327750 1.339770 1.351810 1.363865 1.375927 1.387992 1.400050 1.412094 1.424114 1.436100 1.448042 1.459928 1.471743 1.483475 1.495107 1.506623 1.518005 1.529234 1.540288 1.551147 1.561785 1.572178 1.582301 1.592124 1.601621 1.610759 1.619510 1.627841 1.635722 1.643120 1.650003 1.656341 1.662105 1.667265 1.671795 1.675672 1.678875 1.681385 1.683189 1.684275 1.684638 1.684275 1.683189 1.681385 1.678875 1.675672 1.671795 1.667265 1.662105 1.656341 1.650003 1.643120 1.635722 1.627841 1.619510 1.610759 1.601621 1.592124 1.582301 1.572178 1.561785 1.551147 1.540288 1.529234 1.518005 1.506623 1.495107 1.483475 1.471743 1.459928 1.448042 1.436100 1.424114 1.412094 1.400050 1.387992 1.375927 1.363865 1.351810 1.339770 1.327750 1.315756 1.303791 1.291859 1.279965 1.268112 1.256302 1.244538 1.232823 1.221157 1.209543 1.197983 1.186477 1.175027 1.163633 1.152297 1.141019 1.129799 1.118638 1.107535 1.096492 1.085509 1.074584 1.063718 1.052912 1.042164 1.031475 1.020843 1.010270 0.999755 0.989296 0.978894 0.968549 
0.972648 0.983075 0.993560 1.004104 1.014708 1.025373 1.036098 1.046885 1.057734 1.068644 1.079617 1.090653 1.101751 1.112913 1.124138 1.135426 1.146778 1.158192 1.169669 1.181209 1.192810 1.204472 1.216195 1.227977 1.239816 1.251713 1.263664 1.275668 1.287723 1.299825 1.311973 1.324162 1.336390 1.348651 1.360941 1.373255 1.385586 1.397928 1.410274 1.422616 1.434944 1.447249 1.459519 1.471743 1.483908 1.495999 1.508000 1.519894 1.531664 1.543289 1.554747 1.566016 1.577070 1.587884 1.598429 1.608677 1.618595 1.628154 1.637318 1.646054 1.654328 1.662105 1.669349 1.676027 1.682106 1.687553 1.692341 1.696441 1.699830 1.702487 1.704398 1.705549 1.705933 1.705549 1.704398 1.702487 1.699830 1.696441 1.692341 1.687553 1.682106 1.676027 1.669349 1.662105 1.654328 1.646054 1.637318 1.628154 1.618595 1.608677 1.598429 1.587884 1.577070 1.566016 1.554747 1.543289 1.531664 1.519894 1.508000 1.495999 1.483908 1.471743 1.459519 1.447249 1.434944 1.422616 1.410274 1.397928 1.385586 1.373255 1.360941 1.348651 1.336390 1.324162 1.311973 1.299825 1.287723 1.275668 1.263664 1.251713 1.239816 1.227977 1.216195 1.204472 1.192810 1.181209 1.169669 1.158192 1.146778 1.135426 1.124138 1.112913 1.101751 1.090653 1.079617 1.068644 1.057734 1.046885 1.036098 1.025373 1.014708 1.004104 0.993560 0.983075 0.972648 
0.976634 0.987140 0.997707 1.008336 1.019027 1.029781 1.040600 1.051482 1.062430 1.073443 1.084522 1.095667 1.106879 1.118158 1.129505 1.140918 1.152400 1.163949 1.175566 1.187250 1.199002 1.210820 1.222704 1.234653 1.246666 1.258743 1.270881 1.283080 1.295336 1.307648 1.320013 1.332428 1.344890 1.357394 1.369937 1.382513 1.395116 1.407740 1.420379 1.433024 1.445666 1.458296 1.470903 1.483475 1.495999 1.508460 1.520842 1.533129 1.545302 1.557339 1.569219 1.580917 1.592409 1.603665 1.614657 1.625354 1.635722 1.645727 1.655333 1.664504 1.673200 1.681385 1.689020 1.696066 1.702487 1.708248 1.713316 1.717659 1.721252 1.724072 1.726099 1.727321 1.727729 1.727321 1.726099 1.724072 1.721252 1.717659 1.713316 1.708248 1.702487 1.696066 1.689020 1.681385 1.673200 1.664504 1.655333 1.645727 1.635722 1.625354 1.614657 1.603665 1.592409 1.580917 1.569219 1.557339 1.545302 1.533129 1.520842 1.508460 1.495999 1.483475 1.470903 1.458296 1.445666 1.433024 1.420379 1.407740 1.395116 1.382513 1.369937 1.357394 1.344890 1.332428 1.320013 1.307648 1.295336 1.283080 1.270881 1.258743 1.246666 1.234653 1.222704 1.210820 1.199002 1.187250 1.175566 1.163949 1.152400 1.140918 1.129505 1.118158 1.106879 1.095667 1.084522 1.073443 1.062430 1.051482 1.040600 1.029781 1.019027 1.008336 0.997707 0.987140 0.976634 
