145 145
2.488703e+02 0 5
1.069075 1.077671 1.086279 1.094898 1.103527 1.112165 1.120811 1.129464 1.138122 1.146784 1.155449 1.164116 1.172782 1.181446 1.190106 1.198761 1.207407 1.216044 1.224669 1.233279 1.241872 1.250445 1.258995 1.267519 1.276015 1.284479 1.292907 1.301295 1.309640 1.317938 1.326184 1.334374 1.342504 1.350567 1.358560 1.366476 1.374311 1.382058 1.389711 1.397265 1.404712 1.412046 1.419260 1.426347 1.433300 1.440110 1.446771 1.453275 1.459613 1.465778 1.471761 1.477554 1.483149 1.488537 1.493710 1.498660 1.503379 1.507859 1.512091 1.516069 1.519785 1.523232 1.526403 1.529293 1.531895 1.534203 1.536214 1.537923 1.539327 1.540421 1.541205 1.541676 1.541833 1.541676 1.541205 1.540421 1.539327 1.537923 1.536214 1.534203 1.531895 1.529293 1.526403 1.523232 1.519785 1.516069 1.512091 1.507859 1.503379 1.498660 1.493710 1.488537 1.483149 1.477554 1.471761 1.465778 1.459613 1.453275 1.446771 1.440110 1.433300 1.426347 1.419260 1.412046 1.404712 1.397265 1.389711 1.382058 1.374311 1.366476 1.358560 1.350567 1.342504 1.334374 1.326184 1.317938 1.309640 1.301295 1.292907 1.284479 1.276015 1.267519 1.258995 1.250445 1.241872 1.233279 1.224669 1.216044 1.207407 1.198761 1.190106 1.181446 1.172782 1.164116 1.155449 1.146784 1.138122 1.129464 1.120811 1.112165 1.103527 1.094898 1.086279 1.077671 1.069075 
1.074650 1.083334 1.092031 1.100741 1.109463 1.118196 1.126939 1.135692 1.144451 1.153218 1.161989 1.170764 1.179541 1.188318 1.197094 1.205866 1.214634 1.223394 1.232144 1.240882 1.249606 1.258312 1.266999 1.275662 1.284299 1.292907 1.301481 1.310019 1.318516 1.326968 1.335371 1.343720 1.352010 1.360237 1.368396 1.376480 1.384484 1.392403 1.400229 1.407957 1.415580 1.423090 1.430481 1.437746 1.444876 1.451864 1.458702 1.465382 1.471895 1.478232 1.484386 1.490348 1.496107 1.501657 1.506988 1.512091 1.516958 1.521580 1.525949 1.530056 1.533895 1.537457 1.540735 1.543722 1.546413 1.548802 1.550882 1.552651 1.554103 1.555237 1.556048 1.556535 1.556698 1.556535 1.556048 1.555237 1.554103 1.552651 1.550882 1.548802 1.546413 1.543722 1.540735 1.537457 1.533895 1.530056 1.525949 1.521580 1.516958 1.512091 1.506988 1.501657 1.496107 1.490348 1.484386 1.478232 1.471895 1.465382 1.458702 1.451864 1.444876 1.437746 1.430481 1.423090 1.415580 1.407957 1.400229 1.392403 1.384484 1.376480 1.368396 1.360237 1.352010 1.343720 1.335371 1.326968 1.318516 1.310019 1.301481 1.292907 1.284299 1.275662 1.266999 1.258312 1.249606 1.240882 1.232144 1.223394 1.214634 1.205866 1.197094 1.188318 1.179541 1.170764 1.161989 1.153218 1.144451 1.135692 1.126939 1.118196 1.109463 1.100741 1.092031 1.083334 1.074650 
1.080160 1.088931 1.097717 1.106519 1.115334 1.124163 1.133004 1.141856 1.150718 1.159589 1.168467 1.177351 1.186239 1.195131 1.204023 1.212915 1.221804 1.230689 1.239566 1.248434 1.257290 1.266132 1.274956 1.283760 1.292541 1.301295 1.310019 1.318708 1.327360 1.335969 1.344532 1.353044 1.361500 1.369894 1.378223 1.386479 1.394658 1.402752 1.410757 1.418664 1.426468 1.434161 1.441735 1.449183 1.456498 1.463670 1.470691 1.477554 1.484249 1.490766 1.497098 1.503235 1.509168 1.514887 1.520383 1.525646 1.530668 1.535440 1.539952 1.544196 1.548163 1.551846 1.555237 1.558328 1.561113 1.563585 1.565740 1.567571 1.569076 1.570250 1.571090 1.571596 1.571764 1.571596 1.571090 1.570250 1.569076 1.567571 1.565740 1.563585 1.561113 1.558328 1.555237 1.551846 1.548163 1.544196 1.539952 1.535440 1.530668 1.525646 1.520383 1.514887 1.509168 1.503235 1.497098 1.490766 1.484249 1.477554 1.470691 1.463670 1.456498 1.449183 1.441735 1.434161 1.426468 1.418664 1.410757 1.402752 1.394658 1.386479 1.378223 1.369894 1.361500 1.353044 1.344532 1.335969 1.327360 1.318708 1.310019 1.301295 1.292541 1.283760 1.274956 1.266132 1.257290 1.248434 1.239566 1.230689 1.221804 1.212915 1.204023 1.195131 1.186239 1.177351 1.168467 1.159589 1.150718 1.141856 1.133004 1.124163 1.115334 1.106519 1.097717 1.088931 1.080160 
1.085603 1.094461 1.103337 1.112230 1.121139 1.130063 1.139002 1.147955 1.156919 1.165895 1.174880 1.183874 1.192875 1.201881 1.210891 1.219903 1.228915 1.237925 1.246931 1.255931 1.264921 1.273900 1.282864 1.291811 1.300738 1.309640 1.318516 1.327360 1.336169 1.344939 1.353665 1.362343 1.370968 1.379534 1.388037 1.396470 1.404827 1.413103 1.421291 1.429383 1.437374 1.445255 1.453018 1.460657 1.468162 1.475525 1.482737 1.489790 1.496673 1.503379 1.509897 1.516217 1.522330 1.528226 1.533895 1.539327 1.544512 1.549441 1.554103 1.558491 1.562594 1.566405 1.569914 1.573115 1.575999 1.578560 1.580793 1.582691 1.584251 1.585468 1.586340 1.586864 1.587038 1.586864 1.586340 1.585468 1.584251 1.582691 1.580793 1.578560 1.575999 1.573115 1.569914 1.566405 1.562594 1.558491 1.554103 1.549441 1.544512 1.539327 1.533895 1.528226 1.522330 1.516217 1.509897 1.503379 1.496673 1.489790 1.482737 1.475525 1.468162 1.460657 1.453018 1.445255 1.437374 1.429383 1.421291 1.413103 1.404827 1.396470 1.388037 1.379534 1.370968 1.362343 1.353665 1.344939 1.336169 1.327360 1.318516 1.309640 1.300738 1.291811 1.282864 1.273900 1.264921 1.255931 1.246931 1.237925 1.228915 1.219903 1.210891 1.201881 1.192875 1.183874 1.174880 1.165895 1.156919 1.147955 1.139002 1.130063 1.121139 1.112230 1.103337 1.094461 1.085603 
1.090975 1.099920 1.108886 1.117870 1.126873 1.135894 1.144931 1.153984 1.163051 1.172132 1.181226 1.190330 1.199444 1.208566 1.217695 1.226828 1.235964 1.245101 1.254236 1.263368 1.272494 1.281612 1.290718 1.299810 1.308884 1.317938 1.326968 1.335969 1.344939 1.353872 1.362765 1.371613 1.380410 1.389152 1.397833 1.406447 1.414989 1.423451 1.431827 1.440110 1.448293 1.456368 1.464327 1.472163 1.479865 1.487426 1.494837 1.502087 1.509168 1.516069 1.522781 1.529293 1.535595 1.541676 1.547526 1.553135 1.558491 1.563585 1.568407 1.572946 1.577192 1.581137 1.584772 1.588088 1.591078 1.593733 1.596049 1.598018 1.599636 1.600899 1.601803 1.602347 1.602528 1.602347 1.601803 1.600899 1.599636 1.598018 1.596049 1.593733 1.591078 1.588088 1.584772 1.581137 1.577192 1.572946 1.568407 1.563585 1.558491 1.553135 1.547526 1.541676 1.535595 1.529293 1.522781 1.516069 1.509168 1.502087 1.494837 1.487426 1.479865 1.472163 1.464327 1.456368 1.448293 1.440110 1.431827 1.423451 1.414989 1.406447 1.397833 1.389152 1.380410 1.371613 1.362765 1.353872 1.344939 1.335969 1.326968 1.317938 1.308884 1.299810 1.290718 1.281612 1.272494 1.263368 1.254236 1.245101 1.235964 1.226828 1.217695 1.208566 1.199444 1.190330 1.181226 1.172132 1.163051 1.153984 1.144931 1.135894 1.126873 1.117870 1.108886 1.099920 1.090975 
1.096275 1.105307 1.114362 1.123438 1.132535 1.141652 1.150787 1.159941 1.169112 1.178299 1.187500 1.196716 1.205943 1.215182 1.224429 1.233685 1.242946 1.252210 1.261477 1.270743 1.280006 1.289264 1.298514 1.307753 1.316977 1.326184 1.335371 1.344532 1.353665 1.362765 1.371828 1.380849 1.389823 1.398745 1.407608 1.416408 1.425138 1.433791 1.442362 1.450841 1.459223 1.467498 1.475660 1.483698 1.491605 1.499372 1.506988 1.514444 1.521730 1.528835 1.535750 1.542462 1.548961 1.555237 1.561277 1.567071 1.572608 1.577876 1.582864 1.587563 1.591961 1.596049 1.599816 1.603255 1.606355 1.609111 1.611514 1.613558 1.615239 1.616550 1.617489 1.618054 1.618243 1.618054 1.617489 1.616550 1.615239 1.613558 1.611514 1.609111 1.606355 1.603255 1.599816 1.596049 1.591961 1.587563 1.582864 1.577876 1.572608 1.567071 1.561277 1.555237 1.548961 1.542462 1.535750 1.528835 1.521730 1.514444 1.506988 1.499372 1.491605 1.483698 1.475660 1.467498 1.459223 1.450841 1.442362 1.433791 1.425138 1.416408 1.407608 1.398745 1.389823 1.380849 1.371828 1.362765 1.353665 1.344532 1.335371 1.326184 1.316977 1.307753 1.298514 1.289264 1.280006 1.270743 1.261477 1.252210 1.242946 1.233685 1.224429 1.215182 1.205943 1.196716 1.187500 1.178299 1.169112 1.159941 1.150787 1.141652 1.132535 1.123438 1.114362 1.105307 1.096275 
1.101499 1.110619 1.119764 1.128931 1.138122 1.147335 1.156569 1.165823 1.175098 1.184391 1.193701 1.203028 1.212369 1.221725 1.231092 1.240470 1.249857 1.259251 1.268650 1.278051 1.287453 1.296853 1.306248 1.315635 1.325012 1.334374 1.343720 1.353044 1.362343 1.371613 1.380849 1.390047 1.399201 1.408306 1.417357 1.426347 1.435270 1.444120 1.452890 1.461571 1.470158 1.478640 1.487010 1.495260 1.503379 1.511359 1.519188 1.526858 1.534358 1.541676 1.548802 1.555723 1.562429 1.568909 1.575148 1.581137 1.586864 1.592315 1.597480 1.602347 1.606905 1.611143 1.615051 1.618620 1.621839 1.624700 1.627196 1.629320 1.631067 1.632430 1.633406 1.633993 1.634189 1.633993 1.633406 1.632430 1.631067 1.629320 1.627196 1.624700 1.621839 1.618620 1.615051 1.611143 1.606905 1.602347 1.597480 1.592315 1.586864 1.581137 1.575148 1.568909 1.562429 1.555723 1.548802 1.541676 1.534358 1.526858 1.519188 1.511359 1.503379 1.495260 1.487010 1.478640 1.470158 1.461571 1.452890 1.444120 1.435270 1.426347 1.417357 1.408306 1.399201 1.390047 1.380849 1.371613 1.362343 1.353044 1.343720 1.334374 1.325012 1.315635 1.306248 1.296853 1.287453 1.278051 1.268650 1.259251 1.249857 1.240470 1.231092 1.221725 1.212369 1.203028 1.193701 1.184391 1.175098 1.165823 1.156569 1.147335 1.138122 1.128931 1.119764 1.110619 1.101499 
1.106647 1.115854 1.125087 1.134346 1.143631 1.152939 1.162272 1.171628 1.181006 1.190405 1.199824 1.209263 1.218719 1.228192 1.237680 1.247181 1.256695 1.266218 1.275750 1.285288 1.294830 1.304373 1.313915 1.323452 1.332983 1.342504 1.352010 1.361500 1.370968 1.380410 1.389823 1.399201 1.408539 1.417832 1.427074 1.436259 1.445381 1.454432 1.463407 1.472297 1.481094 1.489790 1.498376 1.506843 1.515182 1.523383 1.531434 1.539327 1.547049 1.554589 1.561935 1.569076 1.575999 1.582691 1.589141 1.595335 1.601261 1.606905 1.612256 1.617301 1.622029 1.626427 1.630484 1.634189 1.637534 1.640508 1.643103 1.645312 1.647129 1.648547 1.649563 1.650174 1.650378 1.650174 1.649563 1.648547 1.647129 1.645312 1.643103 1.640508 1.637534 1.634189 1.630484 1.626427 1.622029 1.617301 1.612256 1.606905 1.601261 1.595335 1.589141 1.582691 1.575999 1.569076 1.561935 1.554589 1.547049 1.539327 1.531434 1.523383 1.515182 1.506843 1.498376 1.489790 1.481094 1.472297 1.463407 1.454432 1.445381 1.436259 1.427074 1.417832 1.408539 1.399201 1.389823 1.380410 1.370968 1.361500 1.352010 1.342504 1.332983 1.323452 1.313915 1.304373 1.294830 1.285288 1.275750 1.266218 1.256695 1.247181 1.237680 1.228192 1.218719 1.209263 1.199824 1.190405 1.181006 1.171628 1.162272 1.152939 1.143631 1.134346 1.125087 1.115854 1.106647 
1.111714 1.121008 1.130330 1.139680 1.149058 1.158463 1.167894 1.177351 1.186833 1.196338 1.205866 1.215417 1.224988 1.234579 1.244188 1.253813 1.263454 1.273109 1.282774 1.292450 1.302133 1.311820 1.321510 1.331200 1.340887 1.350567 1.360237 1.369894 1.379534 1.389152 1.398745 1.408306 1.417832 1.427316 1.436754 1.446139 1.455464 1.464723 1.473908 1.483011 1.492026 1.500942 1.509751 1.518444 1.527010 1.535440 1.543722 1.551846 1.559800 1.567571 1.575148 1.582518 1.589668 1.596585 1.603255 1.609664 1.615800 1.621649 1.627196 1.632430 1.637336 1.641903 1.646118 1.649970 1.653448 1.656542 1.659243 1.661542 1.663433 1.664911 1.665969 1.666606 1.666818 1.666606 1.665969 1.664911 1.663433 1.661542 1.659243 1.656542 1.653448 1.649970 1.646118 1.641903 1.637336 1.632430 1.627196 1.621649 1.615800 1.609664 1.603255 1.596585 1.589668 1.582518 1.575148 1.567571 1.559800 1.551846 1.543722 1.535440 1.527010 1.518444 1.509751 1.500942 1.492026 1.483011 1.473908 1.464723 1.455464 1.446139 1.436754 1.427316 1.417832 1.408306 1.398745 1.389152 1.379534 1.369894 1.360237 1.350567 1.340887 1.331200 1.321510 1.311820 1.302133 1.292450 1.282774 1.273109 1.263454 1.253813 1.244188 1.234579 1.224988 1.215417 1.205866 1.196338 1.186833 1.177351 1.167894 1.158463 1.149058 1.139680 1.130330 1.121008 1.111714 
1.116698 1.126079 1.135490 1.144931 1.154402 1.163903 1.173432 1.182990 1.192575 1.202187 1.211824 1.221487 1.231173 1.240882 1.250612 1.260363 1.270132 1.279917 1.289718 1.299532 1.309357 1.319190 1.329030 1.338874 1.348718 1.358560 1.368396 1.378223 1.388037 1.397833 1.407608 1.417357 1.427074 1.436754 1.446392 1.455980 1.465514 1.474985 1.484386 1.493710 1.502948 1.512091 1.521131 1.530056 1.538858 1.547526 1.556048 1.564412 1.572608 1.580621 1.588439 1.596049 1.603436 1.610588 1.617489 1.624126 1.630484 1.636547 1.642303 1.647736 1.652832 1.657579 1.661962 1.665969 1.669589 1.672810 1.675624 1.678020 1.679991 1.681531 1.682634 1.683298 1.683520 1.683298 1.682634 1.681531 1.679991 1.678020 1.675624 1.672810 1.669589 1.665969 1.661962 1.657579 1.652832 1.647736 1.642303 1.636547 1.630484 1.624126 1.617489 1.610588 1.603436 1.596049 1.588439 1.580621 1.572608 1.564412 1.556048 1.547526 1.538858 1.530056 1.521131 1.512091 1.502948 1.493710 1.484386 1.474985 1.465514 1.455980 1.446392 1.436754 1.427074 1.417357 1.407608 1.397833 1.388037 1.378223 1.368396 1.358560 1.348718 1.338874 1.329030 1.319190 1.309357 1.299532 1.289718 1.279917 1.270132 1.260363 1.250612 1.240882 1.231173 1.221487 1.211824 1.202187 1.192575 1.182990 1.173432 1.163903 1.154402 1.144931 1.135490 1.126079 1.116698 
1.121598 1.131064 1.140563 1.150095 1.159659 1.169255 1.178883 1.188541 1.198230 1.207948 1.217695 1.227469 1.237271 1.247098 1.256950 1.266825 1.276722 1.286640 1.296576 1.306529 1.316497 1.326478 1.336469 1.346467 1.356471 1.366476 1.376480 1.386479 1.396470 1.406447 1.416408 1.426347 1.436259 1.446139 1.455980 1.465778 1.475525 1.485213 1.494837 1.504387 1.513855 1.523232 1.532509 1.541676 1.550722 1.559636 1.568407 1.577022 1.585468 1.593733 1.601803 1.609664 1.617301 1.624700 1.631845 1.638721 1.645312 1.651603 1.657579 1.663223 1.668521 1.673458 1.678020 1.682193 1.685964 1.689322 1.692255 1.694754 1.696811 1.698418 1.699570 1.700262 1.700494 1.700262 1.699570 1.698418 1.696811 1.694754 1.692255 1.689322 1.685964 1.682193 1.678020 1.673458 1.668521 1.663223 1.657579 1.651603 1.645312 1.638721 1.631845 1.624700 1.617301 1.609664 1.601803 1.593733 1.585468 1.577022 1.568407 1.559636 1.550722 1.541676 1.532509 1.523232 1.513855 1.504387 1.494837 1.485213 1.475525 1.465778 1.455980 1.446139 1.436259 1.426347 1.416408 1.406447 1.396470 1.386479 1.376480 1.366476 1.356471 1.346467 1.336469 1.326478 1.316497 1.306529 1.296576 1.286640 1.276722 1.266825 1.256950 1.247098 1.237271 1.227469 1.217695 1.207948 1.198230 1.188541 1.178883 1.169255 1.159659 1.150095 1.140563 1.131064 1.121598 
1.126410 1.135961 1.145548 1.155170 1.164827 1.174518 1.184243 1.194002 1.203793 1.213617 1.223473 1.233360 1.243277 1.253222 1.263196 1.273196 1.283222 1.293272 1.303345 1.313438 1.323550 1.333678 1.343821 1.353976 1.364140 1.374311 1.384484 1.394658 1.404827 1.414989 1.425138 1.435270 1.445381 1.455464 1.465514 1.475525 1.485489 1.495401 1.505252 1.515034 1.524739 1.534358 1.543880 1.553296 1.562594 1.571764 1.580793 1.589668 1.598377 1.606905 1.615239 1.623362 1.631261 1.638919 1.646320 1.653448 1.660286 1.666818 1.673026 1.678895 1.684407 1.689546 1.694298 1.698648 1.702581 1.706084 1.709146 1.711755 1.713903 1.715582 1.716786 1.717510 1.717752 1.717510 1.716786 1.715582 1.713903 1.711755 1.709146 1.706084 1.702581 1.698648 1.694298 1.689546 1.684407 1.678895 1.673026 1.666818 1.660286 1.653448 1.646320 1.638919 1.631261 1.623362 1.615239 1.606905 1.598377 1.589668 1.580793 1.571764 1.562594 1.553296 1.543880 1.534358 1.524739 1.515034 1.505252 1.495401 1.485489 1.475525 1.465514 1.455464 1.445381 1.435270 1.425138 1.414989 1.404827 1.394658 1.384484 1.374311 1.364140 1.353976 1.343821 1.333678 1.323550 1.313438 1.303345 1.293272 1.283222 1.273196 1.263196 1.253222 1.243277 1.233360 1.223473 1.213617 1.203793 1.194002 1.184243 1.174518 1.164827 1.155170 1.145548 1.135961 1.126410 
1.131131 1.140767 1.150441 1.160153 1.169901 1.179687 1.189509 1.199368 1.209263 1.219192 1.229157 1.239155 1.249187 1.259251 1.269347 1.279472 1.289627 1.299810 1.310019 1.320252 1.330509 1.340786 1.351082 1.361394 1.371721 1.382058 1.392403 1.402752 1.413103 1.423451 1.433791 1.444120 1.454432 1.464723 1.474985 1.485213 1.495401 1.505541 1.515625 1.525646 1.535595 1.545461 1.555237 1.564910 1.574469 1.583904 1.593201 1.602347 1.611329 1.620131 1.628740 1.637139 1.645312 1.653243 1.660914 1.668308 1.675407 1.682193 1.688648 1.694754 1.700494 1.705849 1.710804 1.715342 1.719448 1.723107 1.726306 1.729034 1.731280 1.733037 1.734296 1.735054 1.735307 1.735054 1.734296 1.733037 1.731280 1.729034 1.726306 1.723107 1.719448 1.715342 1.710804 1.705849 1.700494 1.694754 1.688648 1.682193 1.675407 1.668308 1.660914 1.653243 1.645312 1.637139 1.628740 1.620131 1.611329 1.602347 1.593201 1.583904 1.574469 1.564910 1.555237 1.545461 1.535595 1.525646 1.515625 1.505541 1.495401 1.485213 1.474985 1.464723 1.454432 1.444120 1.433791 1.423451 1.413103 1.402752 1.392403 1.382058 1.371721 1.361394 1.351082 1.340786 1.330509 1.320252 1.310019 1.299810 1.289627 1.279472 1.269347 1.259251 1.249187 1.239155 1.229157 1.219192 1.209263 1.199368 1.189509 1.179687 1.169901 1.160153 1.150441 1.140767 1.131131 
1.135759 1.145479 1.155240 1.165040 1.174880 1.184760 1.194679 1.204637 1.214634 1.224669 1.234742 1.244851 1.254998 1.265180 1.275397 1.285648 1.295932 1.306248 1.316593 1.326968 1.337369 1.347796 1.358246 1.368717 1.379206 1.389711 1.400229 1.410757 1.421291 1.431827 1.442362 1.452890 1.463407 1.473908 1.484386 1.494837 1.505252 1.515625 1.525949 1.536214 1.546413 1.556535 1.566571 1.576510 1.586340 1.596049 1.605624 1.615051 1.624317 1.633406 1.642303 1.650990 1.659451 1.667669 1.675624 1.683298 1.690673 1.697728 1.704445 1.710804 1.716786 1.722372 1.727544 1.732283 1.736574 1.740399 1.743746 1.746602 1.748953 1.750793 1.752112 1.752906 1.753171 1.752906 1.752112 1.750793 1.748953 1.746602 1.743746 1.740399 1.736574 1.732283 1.727544 1.722372 1.716786 1.710804 1.704445 1.697728 1.690673 1.683298 1.675624 1.667669 1.659451 1.650990 1.642303 1.633406 1.624317 1.615051 1.605624 1.596049 1.586340 1.576510 1.566571 1.556535 1.546413 1.536214 1.525949 1.515625 1.505252 1.494837 1.484386 1.473908 1.463407 1.452890 1.442362 1.431827 1.421291 1.410757 1.400229 1.389711 1.379206 1.368717 1.358246 1.347796 1.337369 1.326968 1.316593 1.306248 1.295932 1.285648 1.275397 1.265180 1.254998 1.244851 1.234742 1.224669 1.214634 1.204637 1.194679 1.184760 1.174880 1.165040 1.155240 1.145479 1.135759 
1.140291 1.150095 1.159941 1.169830 1.179760 1.189733 1.199748 1.209805 1.219903 1.230043 1.240224 1.250445 1.260705 1.271005 1.281344 1.291720 1.302133 1.312581 1.323063 1.333579 1.344126 1.354702 1.365307 1.375937 1.386590 1.397265 1.407957 1.418664 1.429383 1.440110 1.450841 1.461571 1.472297 1.483011 1.493710 1.504387 1.515034 1.525646 1.536214 1.546731 1.557186 1.567571 1.577876 1.588088 1.598197 1.608190 1.618054 1.627774 1.637336 1.646724 1.655921 1.664911 1.673674 1.682193 1.690447 1.698418 1.706084 1.713425 1.720420 1.727048 1.733288 1.739120 1.744523 1.749478 1.753967 1.757972 1.761478 1.764470 1.766935 1.768864 1.770248 1.771081 1.771359 1.771081 1.770248 1.768864 1.766935 1.764470 1.761478 1.757972 1.753967 1.749478 1.744523 1.739120 1.733288 1.727048 1.720420 1.713425 1.706084 1.698418 1.690447 1.682193 1.673674 1.664911 1.655921 1.646724 1.637336 1.627774 1.618054 1.608190 1.598197 1.588088 1.577876 1.567571 1.557186 1.546731 1.536214 1.525646 1.515034 1.504387 1.493710 1.483011 1.472297 1.461571 1.450841 1.440110 1.429383 1.418664 1.407957 1.397265 1.386590 1.375937 1.365307 1.354702 1.344126 1.333579 1.323063 1.312581 1.302133 1.291720 1.281344 1.271005 1.260705 1.250445 1.240224 1.230043 1.219903 1.209805 1.199748 1.189733 1.179760 1.169830 1.159941 1.150095 1.140291 
1.144725 1.154611 1.164542 1.174518 1.184538 1.194604 1.204714 1.214869 1.225068 1.235312 1.245599 1.255931 1.266305 1.276722 1.287182 1.297683 1.308224 1.318805 1.329424 1.340080 1.350773 1.361500 1.372259 1.383049 1.393867 1.404712 1.415580 1.426468 1.437374 1.448293 1.459223 1.470158 1.481094 1.492026 1.502948 1.513855 1.524739 1.535595 1.546413 1.557186 1.567905 1.578560 1.589141 1.599636 1.610034 1.620321 1.630484 1.640508 1.650378 1.660077 1.669589 1.678895 1.687975 1.696811 1.705381 1.713664 1.721639 1.729283 1.736574 1.743488 1.750003 1.756098 1.761749 1.766935 1.771637 1.775835 1.779511 1.782651 1.785239 1.787265 1.788718 1.789593 1.789885 1.789593 1.788718 1.787265 1.785239 1.782651 1.779511 1.775835 1.771637 1.766935 1.761749 1.756098 1.750003 1.743488 1.736574 1.729283 1.721639 1.713664 1.705381 1.696811 1.687975 1.678895 1.669589 1.660077 1.650378 1.640508 1.630484 1.620321 1.610034 1.599636 1.589141 1.578560 1.567905 1.557186 1.546413 1.535595 1.524739 1.513855 1.502948 1.492026 1.481094 1.470158 1.459223 1.448293 1.437374 1.426468 1.415580 1.404712 1.393867 1.383049 1.372259 1.361500 1.350773 1.340080 1.329424 1.318805 1.308224 1.297683 1.287182 1.276722 1.266305 1.255931 1.245599 1.235312 1.225068 1.214869 1.204714 1.194604 1.184538 1.174518 1.164542 1.154611 1.144725 
1.149058 1.159026 1.169040 1.179102 1.189211 1.199368 1.209572 1.219824 1.230124 1.240470 1.250864 1.261305 1.271793 1.282327 1.292907 1.303532 1.314201 1.324914 1.335670 1.346467 1.357305 1.368182 1.379097 1.390047 1.401031 1.412046 1.423090 1.434161 1.445255 1.456368 1.467498 1.478640 1.489790 1.500942 1.512091 1.523232 1.534358 1.545461 1.556535 1.567571 1.578560 1.589492 1.600357 1.611143 1.621839 1.632430 1.642903 1.653243 1.663433 1.673458 1.683298 1.692935 1.702348 1.711517 1.720420 1.729034 1.737336 1.745301 1.752906 1.760126 1.766935 1.773311 1.779227 1.784662 1.789593 1.793999 1.797860 1.801158 1.803879 1.806009 1.807539 1.808459 1.808766 1.808459 1.807539 1.806009 1.803879 1.801158 1.797860 1.793999 1.789593 1.784662 1.779227 1.773311 1.766935 1.760126 1.752906 1.745301 1.737336 1.729034 1.720420 1.711517 1.702348 1.692935 1.683298 1.673458 1.663433 1.653243 1.642903 1.632430 1.621839 1.611143 1.600357 1.589492 1.578560 1.567571 1.556535 1.545461 1.534358 1.523232 1.512091 1.500942 1.489790 1.478640 1.467498 1.456368 1.445255 1.434161 1.423090 1.412046 1.401031 1.390047 1.379097 1.368182 1.357305 1.346467 1.335670 1.324914 1.314201 1.303532 1.292907 1.282327 1.271793 1.261305 1.250864 1.240470 1.230124 1.219824 1.209572 1.199368 1.189211 1.179102 1.169040 1.159026 1.149058 
1.153287 1.163335 1.173432 1.183579 1.193776 1.204023 1.214321 1.224669 1.235067 1.245516 1.256015 1.266565 1.277165 1.287815 1.298514 1.309262 1.320059 1.330904 1.341796 1.352734 1.363717 1.374744 1.385813 1.396924 1.408073 1.419260 1.430481 1.441735 1.453018 1.464327 1.475660 1.487010 1.498376 1.509751 1.521131 1.532509 1.543880 1.555237 1.566571 1.577876 1.589141 1.600357 1.611514 1.622600 1.633602 1.644507 1.655302 1.665969 1.676493 1.686856 1.697040 1.707023 1.716786 1.726306 1.735560 1.744523 1.753171 1.761478 1.769417 1.776962 1.784087 1.790763 1.796965 1.802667 1.807845 1.812475 1.816535 1.820006 1.822871 1.825114 1.826726 1.827696 1.828020 1.827696 1.826726 1.825114 1.822871 1.820006 1.816535 1.812475 1.807845 1.802667 1.796965 1.790763 1.784087 1.776962 1.769417 1.761478 1.753171 1.744523 1.735560 1.726306 1.716786 1.707023 1.697040 1.686856 1.676493 1.665969 1.655302 1.644507 1.633602 1.622600 1.611514 1.600357 1.589141 1.577876 1.566571 1.555237 1.543880 1.532509 1.521131 1.509751 1.498376 1.487010 1.475660 1.464327 1.453018 1.441735 1.430481 1.419260 1.408073 1.396924 1.385813 1.374744 1.363717 1.352734 1.341796 1.330904 1.320059 1.309262 1.298514 1.287815 1.277165 1.266565 1.256015 1.245516 1.235067 1.224669 1.214321 1.204023 1.193776 1.183579 1.173432 1.163335 1.153287 
1.157410 1.167537 1.177715 1.187946 1.198230 1.208566 1.218956 1.229398 1.239895 1.250445 1.261048 1.271705 1.282416 1.293181 1.303999 1.314870 1.325793 1.336769 1.347796 1.358874 1.370002 1.381178 1.392403 1.403673 1.414989 1.426347 1.437746 1.449183 1.460657 1.472163 1.483698 1.495260 1.506843 1.518444 1.530056 1.541676 1.553296 1.564910 1.576510 1.588088 1.599636 1.611143 1.622600 1.633993 1.645312 1.656542 1.667669 1.678676 1.689546 1.700262 1.710804 1.721151 1.731280 1.741169 1.750793 1.760126 1.769141 1.777810 1.786106 1.793999 1.801460 1.808459 1.814968 1.820959 1.826403 1.831275 1.835551 1.839209 1.842230 1.844597 1.846297 1.847321 1.847663 1.847321 1.846297 1.844597 1.842230 1.839209 1.835551 1.831275 1.826403 1.820959 1.814968 1.808459 1.801460 1.793999 1.786106 1.777810 1.769141 1.760126 1.750793 1.741169 1.731280 1.721151 1.710804 1.700262 1.689546 1.678676 1.667669 1.656542 1.645312 1.633993 1.622600 1.611143 1.599636 1.588088 1.576510 1.564910 1.553296 1.541676 1.530056 1.518444 1.506843 1.495260 1.483698 1.472163 1.460657 1.449183 1.437746 1.426347 1.414989 1.403673 1.392403 1.381178 1.370002 1.358874 1.347796 1.336769 1.325793 1.314870 1.303999 1.293181 1.282416 1.271705 1.261048 1.250445 1.239895 1.229398 1.218956 1.208566 1.198230 1.187946 1.177715 1.167537 1.157410 
1.161423 1.171628 1.181887 1.192200 1.202569 1.212993 1.223473 1.234010 1.244602 1.255252 1.265959 1.276722 1.287543 1.298421 1.309357 1.320349 1.331398 1.342504 1.353665 1.364882 1.376154 1.387480 1.398859 1.410289 1.421770 1.433300 1.444876 1.456498 1.468162 1.479865 1.491605 1.503379 1.515182 1.527010 1.538858 1.550722 1.562594 1.574469 1.586340 1.598197 1.610034 1.621839 1.633602 1.645312 1.656956 1.668521 1.679991 1.691350 1.702581 1.713664 1.724580 1.735307 1.745821 1.756098 1.766112 1.775835 1.785239 1.794294 1.802970 1.811235 1.819056 1.826403 1.833242 1.839544 1.845276 1.850411 1.854922 1.858783 1.861974 1.864475 1.866273 1.867356 1.867718 1.867356 1.866273 1.864475 1.861974 1.858783 1.854922 1.850411 1.845276 1.839544 1.833242 1.826403 1.819056 1.811235 1.802970 1.794294 1.785239 1.775835 1.766112 1.756098 1.745821 1.735307 1.724580 1.713664 1.702581 1.691350 1.679991 1.668521 1.656956 1.645312 1.633602 1.621839 1.610034 1.598197 1.586340 1.574469 1.562594 1.550722 1.538858 1.527010 1.515182 1.503379 1.491605 1.479865 1.468162 1.456498 1.444876 1.433300 1.421770 1.410289 1.398859 1.387480 1.376154 1.364882 1.353665 1.342504 1.331398 1.320349 1.309357 1.298421 1.287543 1.276722 1.265959 1.255252 1.244602 1.234010 1.223473 1.212993 1.202569 1.192200 1.181887 1.171628 1.161423 
1.165325 1.175606 1.185943 1.196338 1.206790 1.217301 1.227870 1.238499 1.249187 1.259935 1.270743 1.281612 1.292541 1.303532 1.314583 1.325695 1.336869 1.348103 1.359398 1.370753 1.382168 1.393642 1.405174 1.416764 1.428410 1.440110 1.451864 1.463670 1.475525 1.487426 1.499372 1.511359 1.523383 1.535440 1.547526 1.559636 1.571764 1.583904 1.596049 1.608190 1.620321 1.632430 1.644507 1.656542 1.668521 1.680430 1.692255 1.703978 1.715582 1.727048 1.738354 1.749478 1.760396 1.771081 1.781506 1.791643 1.801460 1.810925 1.820006 1.828668 1.836877 1.844597 1.851793 1.858430 1.864475 1.869896 1.874661 1.878744 1.882120 1.884769 1.886673 1.887820 1.888204 1.887820 1.886673 1.884769 1.882120 1.878744 1.874661 1.869896 1.864475 1.858430 1.851793 1.844597 1.836877 1.828668 1.820006 1.810925 1.801460 1.791643 1.781506 1.771081 1.760396 1.749478 1.738354 1.727048 1.715582 1.703978 1.692255 1.680430 1.668521 1.656542 1.644507 1.632430 1.620321 1.608190 1.596049 1.583904 1.571764 1.559636 1.547526 1.535440 1.523383 1.511359 1.499372 1.487426 1.475525 1.463670 1.451864 1.440110 1.428410 1.416764 1.405174 1.393642 1.382168 1.370753 1.359398 1.348103 1.336869 1.325695 1.314583 1.303532 1.292541 1.281612 1.270743 1.259935 1.249187 1.238499 1.227870 1.217301 1.206790 1.196338 1.185943 1.175606 1.165325 
1.169112 1.179468 1.189882 1.200357 1.210891 1.221487 1.232144 1.242863 1.253644 1.264489 1.275397 1.286369 1.297406 1.308507 1.319673 1.330904 1.342200 1.353562 1.364988 1.376480 1.388037 1.399658 1.411342 1.423090 1.434900 1.446771 1.458702 1.470691 1.482737 1.494837 1.506988 1.519188 1.531434 1.543722 1.556048 1.568407 1.580793 1.593201 1.605624 1.618054 1.630484 1.642903 1.655302 1.667669 1.679991 1.692255 1.704445 1.716545 1.728537 1.740399 1.752112 1.763651 1.774992 1.786106 1.796965 1.807539 1.817794 1.827696 1.837209 1.846297 1.854922 1.863044 1.870625 1.877626 1.884010 1.889741 1.894785 1.899110 1.902689 1.905499 1.907520 1.908738 1.909145 1.908738 1.907520 1.905499 1.902689 1.899110 1.894785 1.889741 1.884010 1.877626 1.870625 1.863044 1.854922 1.846297 1.837209 1.827696 1.817794 1.807539 1.796965 1.786106 1.774992 1.763651 1.752112 1.740399 1.728537 1.716545 1.704445 1.692255 1.679991 1.667669 1.655302 1.642903 1.630484 1.618054 1.605624 1.593201 1.580793 1.568407 1.556048 1.543722 1.531434 1.519188 1.506988 1.494837 1.482737 1.470691 1.458702 1.446771 1.434900 1.423090 1.411342 1.399658 1.388037 1.376480 1.364988 1.353562 1.342200 1.330904 1.319673 1.308507 1.297406 1.286369 1.275397 1.264489 1.253644 1.242863 1.232144 1.221487 1.210891 1.200357 1.189882 1.179468 1.169112 
1.172782 1.183211 1.193701 1.204253 1.214869 1.225547 1.236290 1.247098 1.257971 1.268911 1.279917 1.290991 1.302133 1.313343 1.324621 1.335969 1.347387 1.358874 1.370431 1.382058 1.393754 1.405521 1.417357 1.429262 1.441235 1.453275 1.465382 1.477554 1.489790 1.502087 1.514444 1.526858 1.539327 1.551846 1.564412 1.577022 1.589668 1.602347 1.615051 1.627774 1.640508 1.653243 1.665969 1.678676 1.691350 1.703978 1.716545 1.729034 1.741426 1.753701 1.765837 1.777810 1.789593 1.801158 1.812475 1.823510 1.834230 1.844597 1.854573 1.864117 1.873188 1.881744 1.889741 1.897137 1.903891 1.909961 1.915309 1.919899 1.923702 1.926688 1.928838 1.930134 1.930567 1.930134 1.928838 1.926688 1.923702 1.919899 1.915309 1.909961 1.903891 1.897137 1.889741 1.881744 1.873188 1.864117 1.854573 1.844597 1.834230 1.823510 1.812475 1.801158 1.789593 1.777810 1.765837 1.753701 1.741426 1.729034 1.716545 1.703978 1.691350 1.678676 1.665969 1.653243 1.640508 1.627774 1.615051 1.602347 1.589668 1.577022 1.564412 1.551846 1.539327 1.526858 1.514444 1.502087 1.489790 1.477554 1.465382 1.453275 1.441235 1.429262 1.417357 1.405521 1.393754 1.382058 1.370431 1.358874 1.347387 1.335969 1.324621 1.313343 1.302133 1.290991 1.279917 1.268911 1.257971 1.247098 1.236290 1.225547 1.214869 1.204253 1.193701 1.183211 1.172782 
1.176332 1.186833 1.197397 1.208025 1.218719 1.229479 1.240306 1.251201 1.262164 1.273196 1.284299 1.295473 1.306717 1.318034 1.329424 1.340887 1.352423 1.364034 1.375720 1.387480 1.399315 1.411225 1.423210 1.435270 1.447405 1.459613 1.471895 1.484249 1.496673 1.509168 1.521730 1.534358 1.547049 1.559800 1.572608 1.585468 1.598377 1.611329 1.624317 1.637336 1.650378 1.663433 1.676493 1.689546 1.702581 1.715582 1.728537 1.741426 1.754233 1.766935 1.779511 1.791936 1.804183 1.816221 1.828020 1.839544 1.850756 1.861618 1.872087 1.882120 1.891672 1.900696 1.909145 1.916971 1.924127 1.930567 1.936249 1.941131 1.945179 1.948361 1.950652 1.952035 1.952497 1.952035 1.950652 1.948361 1.945179 1.941131 1.936249 1.930567 1.924127 1.916971 1.909145 1.900696 1.891672 1.882120 1.872087 1.861618 1.850756 1.839544 1.828020 1.816221 1.804183 1.791936 1.779511 1.766935 1.754233 1.741426 1.728537 1.715582 1.702581 1.689546 1.676493 1.663433 1.650378 1.637336 1.624317 1.611329 1.598377 1.585468 1.572608 1.559800 1.547049 1.534358 1.521730 1.509168 1.496673 1.484249 1.471895 1.459613 1.447405 1.435270 1.423210 1.411225 1.399315 1.387480 1.375720 1.364034 1.352423 1.340887 1.329424 1.318034 1.306717 1.295473 1.284299 1.273196 1.262164 1.251201 1.240306 1.229479 1.218719 1.208025 1.197397 1.186833 1.176332 
1.179760 1.190330 1.200966 1.211669 1.222439 1.233279 1.244188 1.255167 1.266218 1.277342 1.288539 1.299810 1.311156 1.322578 1.334076 1.345652 1.357305 1.369038 1.380849 1.392740 1.404712 1.416764 1.428896 1.441109 1.453403 1.465778 1.478232 1.490766 1.503379 1.516069 1.528835 1.541676 1.554589 1.567571 1.580621 1.593733 1.606905 1.620131 1.633406 1.646724 1.660077 1.673458 1.686856 1.700262 1.713664 1.727048 1.740399 1.753701 1.766935 1.780080 1.793113 1.806009 1.818740 1.831275 1.843581 1.855621 1.867356 1.878744 1.889741 1.900299 1.910369 1.919899 1.928838 1.937131 1.944727 1.951573 1.957622 1.962826 1.967145 1.970543 1.972992 1.974470 1.974964 1.974470 1.972992 1.970543 1.967145 1.962826 1.957622 1.951573 1.944727 1.937131 1.928838 1.919899 1.910369 1.900299 1.889741 1.878744 1.867356 1.855621 1.843581 1.831275 1.818740 1.806009 1.793113 1.780080 1.766935 1.753701 1.740399 1.727048 1.713664 1.700262 1.686856 1.673458 1.660077 1.646724 1.633406 1.620131 1.606905 1.593733 1.580621 1.567571 1.554589 1.541676 1.528835 1.516069 1.503379 1.490766 1.478232 1.465778 1.453403 1.441109 1.428896 1.416764 1.404712 1.392740 1.380849 1.369038 1.357305 1.345652 1.334076 1.322578 1.311156 1.299810 1.288539 1.277342 1.266218 1.255167 1.244188 1.233279 1.222439 1.211669 1.200966 1.190330 1.179760 
1.183063 1.193701 1.204407 1.215182 1.226027 1.236944 1.247933 1.258995 1.270132 1.281344 1.292633 1.303999 1.315443 1.326968 1.338572 1.350258 1.362027 1.373878 1.385813 1.397833 1.409938 1.422130 1.434407 1.446771 1.459223 1.471761 1.484386 1.497098 1.509897 1.522781 1.535750 1.548802 1.561935 1.575148 1.588439 1.601803 1.615239 1.628740 1.642303 1.655921 1.669589 1.683298 1.697040 1.710804 1.724580 1.738354 1.752112 1.765837 1.779511 1.793113 1.806620 1.820006 1.833242 1.846297 1.859136 1.871721 1.884010 1.895959 1.907520 1.918641 1.929269 1.939348 1.948818 1.957622 1.965699 1.972992 1.979445 1.985005 1.989625 1.993263 1.995887 1.997472 1.998002 1.997472 1.995887 1.993263 1.989625 1.985005 1.979445 1.972992 1.965699 1.957622 1.948818 1.939348 1.929269 1.918641 1.907520 1.895959 1.884010 1.871721 1.859136 1.846297 1.833242 1.820006 1.806620 1.793113 1.779511 1.765837 1.752112 1.738354 1.724580 1.710804 1.697040 1.683298 1.669589 1.655921 1.642303 1.628740 1.615239 1.601803 1.588439 1.575148 1.561935 1.548802 1.535750 1.522781 1.509897 1.497098 1.484386 1.471761 1.459223 1.446771 1.434407 1.422130 1.409938 1.397833 1.385813 1.373878 1.362027 1.350258 1.338572 1.326968 1.315443 1.303999 1.292633 1.281344 1.270132 1.258995 1.247933 1.236944 1.226027 1.215182 1.204407 1.193701 1.183063 
1.186239 1.196943 1.207716 1.218561 1.229479 1.240470 1.251537 1.262680 1.273900 1.285198 1.296576 1.308035 1.319576 1.331200 1.342909 1.354702 1.366583 1.378550 1.390607 1.402752 1.414989 1.427316 1.439736 1.452249 1.464854 1.477554 1.490348 1.503235 1.516217 1.529293 1.542462 1.555723 1.569076 1.582518 1.596049 1.609664 1.623362 1.637139 1.650990 1.664911 1.678895 1.692935 1.707023 1.721151 1.735307 1.749478 1.763651 1.777810 1.791936 1.806009 1.820006 1.833901 1.847663 1.861262 1.874661 1.887820 1.900696 1.913242 1.925405 1.937131 1.948361 1.959033 1.969083 1.978444 1.987050 1.994835 2.001735 2.007690 2.012644 2.016551 2.019371 2.021074 2.021644 2.021074 2.019371 2.016551 2.012644 2.007690 2.001735 1.994835 1.987050 1.978444 1.969083 1.959033 1.948361 1.937131 1.925405 1.913242 1.900696 1.887820 1.874661 1.861262 1.847663 1.833901 1.820006 1.806009 1.791936 1.777810 1.763651 1.749478 1.735307 1.721151 1.707023 1.692935 1.678895 1.664911 1.650990 1.637139 1.623362 1.609664 1.596049 1.582518 1.569076 1.555723 1.542462 1.529293 1.516217 1.503235 1.490348 1.477554 1.464854 1.452249 1.439736 1.427316 1.414989 1.402752 1.390607 1.378550 1.366583 1.354702 1.342909 1.331200 1.319576 1.308035 1.296576 1.285198 1.273900 1.262680 1.251537 1.240470 1.229479 1.218561 1.207716 1.196943 1.186239 
1.189286 1.200052 1.210891 1.221804 1.232792 1.243856 1.254998 1.266218 1.277519 1.288901 1.300366 1.311915 1.323550 1.335271 1.347080 1.358979 1.370968 1.383049 1.395223 1.407492 1.419856 1.432317 1.444876 1.457534 1.470291 1.483149 1.496107 1.509168 1.522330 1.535595 1.548961 1.562429 1.575999 1.589668 1.603436 1.617301 1.631261 1.645312 1.659451 1.673674 1.687975 1.702348 1.716786 1.731280 1.745821 1.760396 1.774992 1.789593 1.804183 1.818740 1.833242 1.847663 1.861974 1.876140 1.890127 1.903891 1.917388 1.930567 1.943374 1.955749 1.967628 1.978944 1.989625 1.999596 2.008784 2.017113 2.024509 2.030904 2.036232 2.040439 2.043479 2.045316 2.045931 2.045316 2.043479 2.040439 2.036232 2.030904 2.024509 2.017113 2.008784 1.999596 1.989625 1.978944 1.967628 1.955749 1.943374 1.930567 1.917388 1.903891 1.890127 1.876140 1.861974 1.847663 1.833242 1.818740 1.804183 1.789593 1.774992 1.760396 1.745821 1.731280 1.716786 1.702348 1.687975 1.673674 1.659451 1.645312 1.631261 1.617301 1.603436 1.589668 1.575999 1.562429 1.548961 1.535595 1.522330 1.509168 1.496107 1.483149 1.470291 1.457534 1.444876 1.432317 1.419856 1.407492 1.395223 1.383049 1.370968 1.358979 1.347080 1.335271 1.323550 1.311915 1.300366 1.288901 1.277519 1.266218 1.254998 1.243856 1.232792 1.221804 1.210891 1.200052 1.189286 
1.192200 1.203028 1.213930 1.224908 1.235964 1.247098 1.258312 1.269608 1.280987 1.292450 1.303999 1.315635 1.327360 1.339175 1.351082 1.363082 1.375177 1.387369 1.399658 1.412046 1.424535 1.437126 1.449820 1.462619 1.475525 1.488537 1.501657 1.514887 1.528226 1.541676 1.555237 1.568909 1.582691 1.596585 1.610588 1.624700 1.638919 1.653243 1.667669 1.682193 1.696811 1.711517 1.726306 1.741169 1.756098 1.771081 1.786106 1.801158 1.816221 1.831275 1.846297 1.861262 1.876140 1.890899 1.905499 1.919899 1.934052 1.947905 1.961399 1.974470 1.987050 1.999064 2.010433 2.021074 2.030904 2.039835 2.047784 2.054669 2.060418 2.064963 2.068250 2.070240 2.070905 2.070240 2.068250 2.064963 2.060418 2.054669 2.047784 2.039835 2.030904 2.021074 2.010433 1.999064 1.987050 1.974470 1.961399 1.947905 1.934052 1.919899 1.905499 1.890899 1.876140 1.861262 1.846297 1.831275 1.816221 1.801158 1.786106 1.771081 1.756098 1.741169 1.726306 1.711517 1.696811 1.682193 1.667669 1.653243 1.638919 1.624700 1.610588 1.596585 1.582691 1.568909 1.555237 1.541676 1.528226 1.514887 1.501657 1.488537 1.475525 1.462619 1.449820 1.437126 1.424535 1.412046 1.399658 1.387369 1.375177 1.363082 1.351082 1.339175 1.327360 1.315635 1.303999 1.292450 1.280987 1.269608 1.258312 1.247098 1.235964 1.224908 1.213930 1.203028 1.192200 
1.194980 1.205866 1.216829 1.227870 1.238991 1.250193 1.261477 1.272845 1.284299 1.295840 1.307470 1.319190 1.331003 1.342909 1.354910 1.367009 1.379206 1.391504 1.403904 1.416408 1.429018 1.441735 1.454561 1.467498 1.480547 1.493710 1.506988 1.520383 1.533895 1.547526 1.561277 1.575148 1.589141 1.603255 1.617489 1.631845 1.646320 1.660914 1.675624 1.690447 1.705381 1.720420 1.735560 1.750793 1.766112 1.781506 1.796965 1.812475 1.828020 1.843581 1.859136 1.874661 1.890127 1.905499 1.920741 1.935808 1.950652 1.965218 1.979445 1.993263 2.006599 2.019371 2.031491 2.042868 2.053406 2.063007 2.071573 2.079010 2.085232 2.090159 2.093728 2.095890 2.096614 2.095890 2.093728 2.090159 2.085232 2.079010 2.071573 2.063007 2.053406 2.042868 2.031491 2.019371 2.006599 1.993263 1.979445 1.965218 1.950652 1.935808 1.920741 1.905499 1.890127 1.874661 1.859136 1.843581 1.828020 1.812475 1.796965 1.781506 1.766112 1.750793 1.735560 1.720420 1.705381 1.690447 1.675624 1.660914 1.646320 1.631845 1.617489 1.603255 1.589141 1.575148 1.561277 1.547526 1.533895 1.520383 1.506988 1.493710 1.480547 1.467498 1.454561 1.441735 1.429018 1.416408 1.403904 1.391504 1.379206 1.367009 1.354910 1.342909 1.331003 1.319190 1.307470 1.295840 1.284299 1.272845 1.261477 1.250193 1.238991 1.227870 1.216829 1.205866 1.194980 
