67 67
5.225415e+00 0 5
0.165729 0.177652 0.189485 0.201219 0.212842 0.224341 0.235703 0.246914 0.257958 0.268821 0.279484 0.289930 0.300140 0.310095 0.319773 0.329154 0.338214 0.346932 0.355283 0.363244 0.370791 0.377901 0.384548 0.390710 0.396364 0.401489 0.406064 0.410070 0.413491 0.416311 0.418518 0.420101 0.421054 0.421372 0.421054 0.420101 0.418518 0.416311 0.413491 0.410070 0.406064 0.401489 0.396364 0.390710 0.384548 0.377901 0.370791 0.363244 0.355283 0.346932 0.338214 0.329154 0.319773 0.310095 0.300140 0.289930 0.279484 0.268821 0.257958 0.246914 0.235703 0.224341 0.212842 0.201219 0.189485 0.177652 0.165729 
0.177281 0.189485 0.201609 0.213640 0.225567 0.237378 0.249059 0.260595 0.271971 0.283171 0.294176 0.304969 0.315529 0.325835 0.335866 0.345600 0.355011 0.364076 0.372770 0.381067 0.388940 0.396364 0.403313 0.409761 0.415683 0.421054 0.425853 0.430058 0.433651 0.436615 0.438935 0.440600 0.441602 0.441937 0.441602 0.440600 0.438935 0.436615 0.433651 0.430058 0.425853 0.421054 0.415683 0.409761 0.403313 0.396364 0.388940 0.381067 0.372770 0.364076 0.355011 0.345600 0.335866 0.325835 0.315529 0.304969 0.294176 0.283171 0.271971 0.260595 0.249059 0.237378 0.225567 0.213640 0.201609 0.189485 0.177281 
0.188726 0.201219 0.213640 0.225977 0.238218 0.250351 0.262362 0.274235 0.285956 0.297507 0.308869 0.320024 0.330951 0.341628 0.352031 0.362137 0.371921 0.381356 0.390415 0.399070 0.407293 0.415055 0.422328 0.429084 0.435295 0.440934 0.445976 0.450398 0.454178 0.457298 0.459741 0.461496 0.462552 0.462905 0.462552 0.461496 0.459741 0.457298 0.454178 0.450398 0.445976 0.440934 0.435295 0.429084 0.422328 0.415055 0.407293 0.399070 0.390415 0.381356 0.371921 0.362137 0.352031 0.341628 0.330951 0.320024 0.308869 0.297507 0.285956 0.274235 0.262362 0.250351 0.238218 0.225977 0.213640 0.201219 0.188726 
0.200053 0.212842 0.225567 0.238218 0.250782 0.263247 0.275599 0.287822 0.299900 0.311817 0.323552 0.335087 0.346398 0.357464 0.368261 0.378762 0.388940 0.398768 0.408217 0.417255 0.425853 0.433979 0.441602 0.448691 0.455215 0.461144 0.466451 0.471109 0.475093 0.478384 0.480963 0.482816 0.483932 0.484304 0.483932 0.482816 0.480963 0.478384 0.475093 0.471109 0.466451 0.461144 0.455215 0.448691 0.441602 0.433979 0.425853 0.417255 0.408217 0.398768 0.388940 0.378762 0.368261 0.357464 0.346398 0.335087 0.323552 0.311817 0.299900 0.287822 0.275599 0.263247 0.250782 0.238218 0.225567 0.212842 0.200053 
0.211250 0.224341 0.237378 0.250351 0.263247 0.276054 0.288758 0.301343 0.313793 0.326090 0.338214 0.350145 0.361861 0.373337 0.384548 0.395467 0.406064 0.416311 0.426175 0.435624 0.444625 0.453143 0.461144 0.468594 0.475458 0.481703 0.487298 0.492214 0.496423 0.499901 0.502629 0.504589 0.505770 0.506164 0.505770 0.504589 0.502629 0.499901 0.496423 0.492214 0.487298 0.481703 0.475458 0.468594 0.461144 0.453143 0.444625 0.435624 0.426175 0.416311 0.406064 0.395467 0.384548 0.373337 0.361861 0.350145 0.338214 0.326090 0.313793 0.301343 0.288758 0.276054 0.263247 0.250351 0.237378 0.224341 0.211250 
0.222304 0.235703 0.249059 0.262362 0.275599 0.288758 0.301824 0.314784 0.327619 0.340311 0.352842 0.365188 0.377327 0.389235 0.400883 0.412244 0.423287 0.433979 0.444288 0.454178 0.463612 0.472553 0.480963 0.488804 0.496038 0.502629 0.508540 0.513738 0.518193 0.521878 0.524769 0.526848 0.528101 0.528520 0.528101 0.526848 0.524769 0.521878 0.518193 0.513738 0.508540 0.502629 0.496038 0.488804 0.480963 0.472553 0.463612 0.454178 0.444288 0.433979 0.423287 0.412244 0.400883 0.389235 0.377327 0.365188 0.352842 0.340311 0.327619 0.314784 0.301824 0.288758 0.275599 0.262362 0.249059 0.235703 0.222304 
0.233201 0.246914 0.260595 0.274235 0.287822 0.301343 0.314784 0.328130 0.341364 0.354468 0.367421 0.380201 0.392784 0.405145 0.417255 0.429084 0.440600 0.451768 0.462552 0.472915 0.482816 0.492214 0.501068 0.509335 0.516973 0.523941 0.530199 0.535708 0.540435 0.544348 0.547420 0.549631 0.550963 0.551408 0.550963 0.549631 0.547420 0.544348 0.540435 0.535708 0.530199 0.523941 0.516973 0.509335 0.501068 0.492214 0.482816 0.472915 0.462552 0.451768 0.440600 0.429084 0.417255 0.405145 0.392784 0.380201 0.367421 0.354468 0.341364 0.328130 0.314784 0.301343 0.287822 0.274235 0.260595 0.246914 0.233201 
0.243927 0.257958 0.271971 0.285956 0.299900 0.313793 0.327619 0.341364 0.355011 0.368541 0.381934 0.395168 0.408217 0.421054 0.433651 0.445976 0.457994 0.469670 0.480963 0.491834 0.502238 0.512131 0.521467 0.530199 0.538279 0.545661 0.552301 0.558154 0.563181 0.567347 0.570620 0.572977 0.574398 0.574873 0.574398 0.572977 0.570620 0.567347 0.563181 0.558154 0.552301 0.545661 0.538279 0.530199 0.521467 0.512131 0.502238 0.491834 0.480963 0.469670 0.457994 0.445976 0.433651 0.421054 0.408217 0.395168 0.381934 0.368541 0.355011 0.341364 0.327619 0.313793 0.299900 0.285956 0.271971 0.257958 0.243927 
0.254465 0.268821 0.283171 0.297507 0.311817 0.326090 0.340311 0.354468 0.368541 0.382514 0.396364 0.410070 0.423607 0.436945 0.450056 0.462905 0.475458 0.487674 0.499513 0.510930 0.521878 0.532308 0.542169 0.551408 0.559974 0.567813 0.574873 0.581107 0.586468 0.590915 0.594413 0.596933 0.598454 0.598962 0.598454 0.596933 0.594413 0.590915 0.586468 0.581107 0.574873 0.567813 0.559974 0.551408 0.542169 0.532308 0.521878 0.510930 0.499513 0.487674 0.475458 0.462905 0.450056 0.436945 0.423607 0.410070 0.396364 0.382514 0.368541 0.354468 0.340311 0.326090 0.311817 0.297507 0.283171 0.268821 0.254465 
0.264801 0.279484 0.294176 0.308869 0.323552 0.338214 0.352842 0.367421 0.381934 0.396364 0.410690 0.424889 0.438935 0.452799 0.466451 0.479856 0.492976 0.505770 0.518193 0.530199 0.541735 0.552748 0.563181 0.572977 0.582076 0.590418 0.597946 0.604603 0.610337 0.615099 0.618849 0.621552 0.623184 0.623730 0.623184 0.621552 0.618849 0.615099 0.610337 0.604603 0.597946 0.590418 0.582076 0.572977 0.563181 0.552748 0.541735 0.530199 0.518193 0.505770 0.492976 0.479856 0.466451 0.452799 0.438935 0.424889 0.410690 0.396364 0.381934 0.367421 0.352842 0.338214 0.323552 0.308869 0.294176 0.279484 0.264801 
0.274916 0.289930 0.304969 0.320024 0.335087 0.350145 0.365188 0.380201 0.395168 0.410070 0.424889 0.439600 0.454178 0.468594 0.482816 0.496808 0.510531 0.523941 0.536991 0.549631 0.561803 0.573450 0.584509 0.594916 0.604603 0.613504 0.621552 0.628682 0.634833 0.639949 0.643982 0.646893 0.648651 0.649239 0.648651 0.646893 0.643982 0.639949 0.634833 0.628682 0.621552 0.613504 0.604603 0.594916 0.584509 0.573450 0.561803 0.549631 0.536991 0.523941 0.510531 0.496808 0.482816 0.468594 0.454178 0.439600 0.424889 0.410070 0.395168 0.380201 0.365188 0.350145 0.335087 0.320024 0.304969 0.289930 0.274916 
0.284793 0.300140 0.315529 0.330951 0.346398 0.361861 0.377327 0.392784 0.408217 0.423607 0.438935 0.454178 0.469311 0.484304 0.499126 0.513738 0.528101 0.542169 0.555891 0.569214 0.582076 0.594413 0.606158 0.617237 0.627575 0.637097 0.645726 0.653386 0.660007 0.665523 0.669877 0.673023 0.674925 0.675561 0.674925 0.673023 0.669877 0.665523 0.660007 0.653386 0.645726 0.637097 0.627575 0.617237 0.606158 0.594413 0.582076 0.569214 0.555891 0.542169 0.528101 0.513738 0.499126 0.484304 0.469311 0.454178 0.438935 0.423607 0.408217 0.392784 0.377327 0.361861 0.346398 0.330951 0.315529 0.300140 0.284793 
0.294413 0.310095 0.325835 0.341628 0.357464 0.373337 0.389235 0.405145 0.421054 0.436945 0.452799 0.468594 0.484304 0.499901 0.515352 0.530620 0.545661 0.560430 0.574873 0.588932 0.602542 0.615632 0.628128 0.639949 0.651010 0.661224 0.670504 0.678762 0.685914 0.691885 0.696605 0.700020 0.702086 0.702777 0.702086 0.700020 0.696605 0.691885 0.685914 0.678762 0.670504 0.661224 0.651010 0.639949 0.628128 0.615632 0.602542 0.588932 0.574873 0.560430 0.545661 0.530620 0.515352 0.499901 0.484304 0.468594 0.452799 0.436945 0.421054 0.405145 0.389235 0.373337 0.357464 0.341628 0.325835 0.310095 0.294413 
0.303757 0.319773 0.335866 0.352031 0.368261 0.384548 0.400883 0.417255 0.433651 0.450056 0.466451 0.482816 0.499126 0.515352 0.531463 0.547420 0.563181 0.578697 0.593911 0.608764 0.623184 0.637097 0.650419 0.663060 0.674925 0.685914 0.695927 0.704861 0.712619 0.719109 0.724249 0.727973 0.730228 0.730983 0.730228 0.727973 0.724249 0.719109 0.712619 0.704861 0.695927 0.685914 0.674925 0.663060 0.650419 0.637097 0.623184 0.608764 0.593911 0.578697 0.563181 0.547420 0.531463 0.515352 0.499126 0.482816 0.466451 0.450056 0.433651 0.417255 0.400883 0.384548 0.368261 0.352031 0.335866 0.319773 0.303757 
0.312804 0.329154 0.345600 0.362137 0.378762 0.395467 0.412244 0.429084 0.445976 0.462905 0.479856 0.496808 0.513738 0.530620 0.547420 0.564103 0.580624 0.596933 0.612974 0.628682 0.643982 0.658793 0.673023 0.686572 0.699334 0.711194 0.722036 0.731741 0.740191 0.747279 0.752904 0.756986 0.759461 0.760290 0.759461 0.756986 0.752904 0.747279 0.740191 0.731741 0.722036 0.711194 0.699334 0.686572 0.673023 0.658793 0.643982 0.628682 0.612974 0.596933 0.580624 0.564103 0.547420 0.530620 0.513738 0.496808 0.479856 0.462905 0.445976 0.429084 0.412244 0.395467 0.378762 0.362137 0.345600 0.329154 0.312804 
0.321533 0.338214 0.355011 0.371921 0.388940 0.406064 0.423287 0.440600 0.457994 0.475458 0.492976 0.510531 0.528101 0.545661 0.563181 0.580624 0.597946 0.615099 0.632023 0.648651 0.664905 0.680697 0.695927 0.710485 0.724249 0.737092 0.748876 0.759461 0.768709 0.776489 0.782679 0.787180 0.789912 0.790828 0.789912 0.787180 0.782679 0.776489 0.768709 0.759461 0.748876 0.737092 0.724249 0.710485 0.695927 0.680697 0.664905 0.648651 0.632023 0.615099 0.597946 0.580624 0.563181 0.545661 0.528101 0.510531 0.492976 0.475458 0.457994 0.440600 0.423287 0.406064 0.388940 0.371921 0.355011 0.338214 0.321533 
0.329923 0.346932 0.364076 0.381356 0.398768 0.416311 0.433979 0.451768 0.469670 0.487674 0.505770 0.523941 0.542169 0.560430 0.578697 0.596933 0.615099 0.633144 0.651010 0.668627 0.685914 0.702777 0.719109 0.734787 0.749677 0.763630 0.776489 0.788088 0.798261 0.806848 0.813702 0.818696 0.821733 0.822752 0.821733 0.818696 0.813702 0.806848 0.798261 0.788088 0.776489 0.763630 0.749677 0.734787 0.719109 0.702777 0.685914 0.668627 0.651010 0.633144 0.615099 0.596933 0.578697 0.560430 0.542169 0.523941 0.505770 0.487674 0.469670 0.451768 0.433979 0.416311 0.398768 0.381356 0.364076 0.346932 0.329923 
0.337953 0.355283 0.372770 0.390415 0.408217 0.426175 0.444288 0.462552 0.480963 0.499513 0.518193 0.536991 0.555891 0.574873 0.593911 0.612974 0.632023 0.651010 0.669877 0.688554 0.706958 0.724991 0.742536 0.759461 0.775615 0.790828 0.804919 0.817690 0.828943 0.838481 0.846120 0.851702 0.855104 0.856246 0.855104 0.851702 0.846120 0.838481 0.828943 0.817690 0.804919 0.790828 0.775615 0.759461 0.742536 0.724991 0.706958 0.688554 0.669877 0.651010 0.632023 0.612974 0.593911 0.574873 0.555891 0.536991 0.518193 0.499513 0.480963 0.462552 0.444288 0.426175 0.408217 0.390415 0.372770 0.355283 0.337953 
0.345600 0.363244 0.381067 0.399070 0.417255 0.435624 0.454178 0.472915 0.491834 0.510930 0.530199 0.549631 0.569214 0.588932 0.608764 0.628682 0.648651 0.668627 0.688554 0.708364 0.727973 0.747279 0.766159 0.784471 0.802047 0.818696 0.834204 0.848340 0.860863 0.871529 0.880108 0.886398 0.890240 0.891533 0.890240 0.886398 0.880108 0.871529 0.860863 0.848340 0.834204 0.818696 0.802047 0.784471 0.766159 0.747279 0.727973 0.708364 0.688554 0.668627 0.648651 0.628682 0.608764 0.588932 0.569214 0.549631 0.530199 0.510930 0.491834 0.472915 0.454178 0.435624 0.417255 0.399070 0.381067 0.363244 0.345600 
0.352842 0.370791 0.388940 0.407293 0.425853 0.444625 0.463612 0.482816 0.502238 0.521878 0.541735 0.561803 0.582076 0.602542 0.623184 0.643982 0.664905 0.685914 0.706958 0.727973 0.748876 0.769564 0.789912 0.809766 0.828943 0.847228 0.864375 0.880108 0.894135 0.906153 0.915870 0.923023 0.927405 0.928882 0.927405 0.923023 0.915870 0.906153 0.894135 0.880108 0.864375 0.847228 0.828943 0.809766 0.789912 0.769564 0.748876 0.727973 0.706958 0.685914 0.664905 0.643982 0.623184 0.602542 0.582076 0.561803 0.541735 0.521878 0.502238 0.482816 0.463612 0.444625 0.425853 0.407293 0.388940 0.370791 0.352842 
0.359657 0.377901 0.396364 0.415055 0.433979 0.453143 0.472553 0.492214 0.512131 0.532308 0.552748 0.573450 0.594413 0.615632 0.637097 0.658793 0.680697 0.702777 0.724991 0.747279 0.769564 0.791748 0.813702 0.835267 0.856246 0.876400 0.895445 0.913059 0.928882 0.942535 0.953644 0.961865 0.966919 0.968625 0.966919 0.961865 0.953644 0.942535 0.928882 0.913059 0.895445 0.876400 0.856246 0.835267 0.813702 0.791748 0.769564 0.747279 0.724991 0.702777 0.680697 0.658793 0.637097 0.615632 0.594413 0.573450 0.552748 0.532308 0.512131 0.492214 0.472553 0.453143 0.433979 0.415055 0.396364 0.377901 0.359657 
0.366024 0.384548 0.403313 0.422328 0.441602 0.461144 0.480963 0.501068 0.521467 0.542169 0.563181 0.584509 0.606158 0.628128 0.650419 0.673023 0.695927 0.719109 0.742536 0.766159 0.789912 0.813702 0.837406 0.860863 0.883866 0.906153 0.927405 0.947241 0.965224 0.980877 0.993713 1.003274 1.009179 1.011176 1.009179 1.003274 0.993713 0.980877 0.965224 0.947241 0.927405 0.906153 0.883866 0.860863 0.837406 0.813702 0.789912 0.766159 0.742536 0.719109 0.695927 0.673023 0.650419 0.628128 0.606158 0.584509 0.563181 0.542169 0.521467 0.501068 0.480963 0.461144 0.441602 0.422328 0.403313 0.384548 0.366024 
0.371921 0.390710 0.409761 0.429084 0.448691 0.468594 0.488804 0.509335 0.530199 0.551408 0.572977 0.594916 0.617237 0.639949 0.663060 0.686572 0.710485 0.734787 0.759461 0.784471 0.809766 0.835267 0.860863 0.886398 0.911664 0.936383 0.960201 0.982674 1.003274 1.021397 1.036405 1.047675 1.054677 1.057053 1.054677 1.047675 1.036405 1.021397 1.003274 0.982674 0.960201 0.936383 0.911664 0.886398 0.860863 0.835267 0.809766 0.784471 0.759461 0.734787 0.710485 0.686572 0.663060 0.639949 0.617237 0.594916 0.572977 0.551408 0.530199 0.509335 0.488804 0.468594 0.448691 0.429084 0.409761 0.390710 0.371921 
0.377327 0.396364 0.415683 0.435295 0.455215 0.475458 0.496038 0.516973 0.538279 0.559974 0.582076 0.604603 0.627575 0.651010 0.674925 0.699334 0.724249 0.749677 0.775615 0.802047 0.828943 0.856246 0.883866 0.911664 0.939442 0.966919 0.993713 1.019321 1.043109 1.064316 1.082095 1.095587 1.104036 1.106915 1.104036 1.095587 1.082095 1.064316 1.043109 1.019321 0.993713 0.966919 0.939442 0.911664 0.883866 0.856246 0.828943 0.802047 0.775615 0.749677 0.724249 0.699334 0.674925 0.651010 0.627575 0.604603 0.582076 0.559974 0.538279 0.516973 0.496038 0.475458 0.455215 0.435295 0.415683 0.396364 0.377327 
0.382224 0.401489 0.421054 0.440934 0.461144 0.481703 0.502629 0.523941 0.545661 0.567813 0.590418 0.613504 0.637097 0.661224 0.685914 0.711194 0.737092 0.763630 0.790828 0.818696 0.847228 0.876400 0.906153 0.936383 0.966919 0.997497 1.027725 1.057053 1.084737 1.109827 1.131196 1.147638 1.158041 1.161606 1.158041 1.147638 1.131196 1.109827 1.084737 1.057053 1.027725 0.997497 0.966919 0.936383 0.906153 0.876400 0.847228 0.818696 0.790828 0.763630 0.737092 0.711194 0.685914 0.661224 0.637097 0.613504 0.590418 0.567813 0.545661 0.523941 0.502629 0.481703 0.461144 0.440934 0.421054 0.401489 0.382224 
0.386592 0.406064 0.425853 0.445976 0.466451 0.487298 0.508540 0.530199 0.552301 0.574873 0.597946 0.621552 0.645726 0.670504 0.695927 0.722036 0.748876 0.776489 0.804919 0.834204 0.864375 0.895445 0.927405 0.960201 0.993713 1.027725 1.061872 1.095587 1.128031 1.158041 1.184124 1.204566 1.217683 1.222213 1.217683 1.204566 1.184124 1.158041 1.128031 1.095587 1.061872 1.027725 0.993713 0.960201 0.927405 0.895445 0.864375 0.834204 0.804919 0.776489 0.748876 0.722036 0.695927 0.670504 0.645726 0.621552 0.597946 0.574873 0.552301 0.530199 0.508540 0.487298 0.466451 0.445976 0.425853 0.406064 0.386592 
0.390415 0.410070 0.430058 0.450398 0.471109 0.492214 0.513738 0.535708 0.558154 0.581107 0.604603 0.628682 0.653386 0.678762 0.704861 0.731741 0.759461 0.788088 0.817690 0.848340 0.880108 0.913059 0.947241 0.982674 1.019321 1.057053 1.095587 1.134400 1.172613 1.208862 1.241204 1.267185 1.284188 1.290125 1.284188 1.267185 1.241204 1.208862 1.172613 1.134400 1.095587 1.057053 1.019321 0.982674 0.947241 0.913059 0.880108 0.848340 0.817690 0.788088 0.759461 0.731741 0.704861 0.678762 0.653386 0.628682 0.604603 0.581107 0.558154 0.535708 0.513738 0.492214 0.471109 0.450398 0.430058 0.410070 0.390415 
0.393677 0.413491 0.433651 0.454178 0.475093 0.496423 0.518193 0.540435 0.563181 0.586468 0.610337 0.634833 0.660007 0.685914 0.712619 0.740191 0.768709 0.798261 0.828943 0.860863 0.894135 0.928882 0.965224 1.003274 1.043109 1.084737 1.128031 1.172613 1.217683 1.261767 1.302446 1.336235 1.358978 1.367049 1.358978 1.336235 1.302446 1.261767 1.217683 1.172613 1.128031 1.084737 1.043109 1.003274 0.965224 0.928882 0.894135 0.860863 0.828943 0.798261 0.768709 0.740191 0.712619 0.685914 0.660007 0.634833 0.610337 0.586468 0.563181 0.540435 0.518193 0.496423 0.475093 0.454178 0.433651 0.413491 0.393677 
0.396364 0.416311 0.436615 0.457298 0.478384 0.499901 0.521878 0.544348 0.567347 0.590915 0.615099 0.639949 0.665523 0.691885 0.719109 0.747279 0.776489 0.806848 0.838481 0.871529 0.906153 0.942535 0.980877 1.021397 1.064316 1.109827 1.158041 1.208862 1.261767 1.315412 1.367049 1.411920 1.443364 1.454802 1.443364 1.411920 1.367049 1.315412 1.261767 1.208862 1.158041 1.109827 1.064316 1.021397 0.980877 0.942535 0.906153 0.871529 0.838481 0.806848 0.776489 0.747279 0.719109 0.691885 0.665523 0.639949 0.615099 0.590915 0.567347 0.544348 0.521878 0.499901 0.478384 0.457298 0.436615 0.416311 0.396364 
0.398467 0.418518 0.438935 0.459741 0.480963 0.502629 0.524769 0.547420 0.570620 0.594413 0.618849 0.643982 0.669877 0.696605 0.724249 0.752904 0.782679 0.813702 0.846120 0.880108 0.915870 0.953644 0.993713 1.036405 1.082095 1.131196 1.184124 1.241204 1.302446 1.367049 1.432432 1.492675 1.537386 1.554272 1.537386 1.492675 1.432432 1.367049 1.302446 1.241204 1.184124 1.131196 1.082095 1.036405 0.993713 0.953644 0.915870 0.880108 0.846120 0.813702 0.782679 0.752904 0.724249 0.696605 0.669877 0.643982 0.618849 0.594413 0.570620 0.547420 0.524769 0.502629 0.480963 0.459741 0.438935 0.418518 0.398467 
0.399975 0.420101 0.440600 0.461496 0.482816 0.504589 0.526848 0.549631 0.572977 0.596933 0.621552 0.646893 0.673023 0.700020 0.727973 0.756986 0.787180 0.818696 0.851702 0.886398 0.923023 0.961865 1.003274 1.047675 1.095587 1.147638 1.204566 1.267185 1.336235 1.411920 1.492675 1.572381 1.636187 1.661631 1.636187 1.572381 1.492675 1.411920 1.336235 1.267185 1.204566 1.147638 1.095587 1.047675 1.003274 0.961865 0.923023 0.886398 0.851702 0.818696 0.787180 0.756986 0.727973 0.700020 0.673023 0.646893 0.621552 0.596933 0.572977 0.549631 0.526848 0.504589 0.482816 0.461496 0.440600 0.420101 0.399975 
0.400883 0.421054 0.441602 0.462552 0.483932 0.505770 0.528101 0.550963 0.574398 0.598454 0.623184 0.648651 0.674925 0.702086 0.730228 0.759461 0.789912 0.821733 0.855104 0.890240 0.927405 0.966919 1.009179 1.054677 1.104036 1.158041 1.217683 1.284188 1.358978 1.443364 1.537386 1.636187 1.721733 1.758071 1.721733 1.636187 1.537386 1.443364 1.358978 1.284188 1.217683 1.158041 1.104036 1.054677 1.009179 0.966919 0.927405 0.890240 0.855104 0.821733 0.789912 0.759461 0.730228 0.702086 0.674925 0.648651 0.623184 0.598454 0.574398 0.550963 0.528101 0.505770 0.483932 0.462552 0.441602 0.421054 0.400883 
0.401186 0.421372 0.441937 0.462905 0.484304 0.506164 0.528520 0.551408 0.574873 0.598962 0.623730 0.649239 0.675561 0.702777 0.730983 0.760290 0.790828 0.822752 0.856246 0.891533 0.928882 0.968625 1.011176 1.057053 1.106915 1.161606 1.222213 1.290125 1.367049 1.454802 1.554272 1.661631 1.758071 1.800386 1.758071 1.661631 1.554272 1.454802 1.367049 1.290125 1.222213 1.161606 1.106915 1.057053 1.011176 0.968625 0.928882 0.891533 0.856246 0.822752 0.790828 0.760290 0.730983 0.702777 0.675561 0.649239 0.623730 0.598962 0.574873 0.551408 0.528520 0.506164 0.484304 0.462905 0.441937 0.421372 0.401186 
0.401186 0.421372 0.441937 0.462905 0.484304 0.506164 0.528520 0.551408 0.574873 0.598962 0.623730 0.649239 0.675561 0.702777 0.730983 0.760290 0.790828 0.822752 0.856246 0.891533 0.928881 0.968625 1.011176 1.057053 1.106915 1.161605 1.222212 1.290125 1.367048 1.454800 1.554270 1.661628 1.758067 1.800381 1.758067 1.661628 1.554270 1.454800 1.367048 1.290125 1.222212 1.161605 1.106915 1.057053 1.011176 0.968625 0.928881 0.891533 0.856246 0.822752 0.790828 0.760290 0.730983 0.702777 0.675561 0.649239 0.623730 0.598962 0.574873 0.551408 0.528520 0.506164 0.484304 0.462905 0.441937 0.421372 0.401186 
0.401186 0.421372 0.441937 0.462905 0.484304 0.506164 0.528520 0.551408 0.574873 0.598962 0.623730 0.649239 0.675561 0.702777 0.730983 0.760290 0.790828 0.822752 0.856246 0.891532 0.928881 0.968624 1.011175 1.057052 1.106914 1.161604 1.222211 1.290123 1.367046 1.454796 1.554263 1.661618 1.758053 1.800365 1.758053 1.661618 1.554263 1.454796 1.367046 1.290123 1.222211 1.161604 1.106914 1.057052 1.011175 0.968624 0.928881 0.891532 0.856246 0.822752 0.790828 0.760290 0.730983 0.702777 0.675561 0.649239 0.623730 0.598962 0.574873 0.551408 0.528520 0.506164 0.484304 0.462905 0.441937 0.421372 0.401186 
0.400870 0.421040 0.441588 0.462537 0.483915 0.505753 0.528083 0.550944 0.574378 0.598432 0.623161 0.648626 0.674897 0.702056 0.730195 0.759425 0.789872 0.821689 0.855054 0.890184 0.927341 0.966845 1.009092 1.054574 1.103912 1.157887 1.217488 1.283933 1.358633 1.442879 1.536678 1.635138 1.720265 1.756381 1.720265 1.635138 1.536678 1.442879 1.358633 1.283933 1.217488 1.157887 1.103912 1.054574 1.009092 0.966845 0.927341 0.890184 0.855054 0.821689 0.789872 0.759425 0.730195 0.702056 0.674897 0.648626 0.623161 0.598432 0.574378 0.550944 0.528083 0.505753 0.483915 0.462537 0.441588 0.421040 0.400870 
0.399949 0.420074 0.440571 0.461465 0.482784 0.504555 0.526812 0.549592 0.572936 0.596890 0.621505 0.646842 0.672968 0.699960 0.727908 0.756915 0.787101 0.818609 0.851605 0.886288 0.922898 0.961721 1.003105 1.047476 1.095348 1.147344 1.204198 1.266712 1.335610 1.411070 1.491499 1.570763 1.634104 1.659328 1.634104 1.570763 1.491499 1.411070 1.335610 1.266712 1.204198 1.147344 1.095348 1.047476 1.003105 0.961721 0.922898 0.886288 0.851605 0.818609 0.787101 0.756915 0.727908 0.699960 0.672968 0.646842 0.621505 0.596890 0.572936 0.549592 0.526812 0.504555 0.482784 0.461465 0.440571 0.420074 0.399949 
0.398428 0.418477 0.438892 0.459696 0.480915 0.502578 0.524716 0.547363 0.570559 0.594348 0.618779 0.643907 0.669796 0.696517 0.724154 0.752799 0.782564 0.813574 0.845977 0.879947 0.915687 0.953435 0.993470 1.036120 1.081755 1.130784 1.183617 1.240567 1.301630 1.365990 1.431051 1.490916 1.535282 1.552021 1.535282 1.490916 1.431051 1.365990 1.301630 1.240567 1.183617 1.130784 1.081755 1.036120 0.993470 0.953435 0.915687 0.879947 0.845977 0.813574 0.782564 0.752799 0.724154 0.696517 0.669796 0.643907 0.618779 0.594348 0.570559 0.547363 0.524716 0.502578 0.480915 0.459696 0.438892 0.418477 0.398428 
0.396313 0.416257 0.436558 0.457238 0.478321 0.499834 0.521807 0.544273 0.567266 0.590830 0.615007 0.639850 0.665416 0.691769 0.718983 0.747141 0.776338 0.806681 0.838295 0.871321 0.905918 0.942267 0.980569 1.021038 1.063893 1.109323 1.157431 1.208116 1.260844 1.314267 1.365639 1.410229 1.441444 1.452792 1.441444 1.410229 1.365639 1.314267 1.260844 1.208116 1.157431 1.109323 1.063893 1.021038 0.980569 0.942267 0.905918 0.871321 0.838295 0.806681 0.776338 0.747141 0.718983 0.691769 0.665416 0.639850 0.615007 0.590830 0.567266 0.544273 0.521807 0.499834 0.478321 0.457238 0.436558 0.416257 0.396313 
0.393612 0.413424 0.433581 0.454103 0.475015 0.496340 0.518106 0.540342 0.563082 0.586362 0.610224 0.634711 0.659876 0.685773 0.712465 0.740023 0.768526 0.798058 0.828719 0.860612 0.893854 0.928563 0.964860 1.002855 1.042622 1.084166 1.127355 1.171807 1.216718 1.260615 1.301089 1.334680 1.357273 1.365288 1.357273 1.334680 1.301089 1.260615 1.216718 1.171807 1.127355 1.084166 1.042622 1.002855 0.964860 0.928563 0.893854 0.860612 0.828719 0.798058 0.768526 0.740023 0.712465 0.685773 0.659876 0.634711 0.610224 0.586362 0.563082 0.540342 0.518106 0.496340 0.475015 0.454103 0.433581 0.413424 0.393612 
0.390338 0.409990 0.429974 0.450309 0.471016 0.492116 0.513634 0.535598 0.558037 0.580982 0.604470 0.628539 0.653232 0.678595 0.704681 0.731545 0.759247 0.787853 0.817431 0.848053 0.879787 0.912698 0.946833 0.982209 1.018788 1.056437 1.094872 1.133568 1.171646 1.207745 1.239933 1.265773 1.282677 1.288578 1.282677 1.265773 1.239933 1.207745 1.171646 1.133568 1.094872 1.056437 1.018788 0.982209 0.946833 0.912698 0.879787 0.848053 0.817431 0.787853 0.759247 0.731545 0.704681 0.678595 0.653232 0.628539 0.604470 0.580982 0.558037 0.535598 0.513634 0.492116 0.471016 0.450309 0.429974 0.409990 0.390338 
0.386504 0.405972 0.425756 0.445874 0.466344 0.487185 0.508420 0.530072 0.552166 0.574730 0.597794 0.621389 0.645550 0.670315 0.695723 0.721815 0.748634 0.776225 0.804629 0.833884 0.864020 0.895050 0.926962 0.959701 0.993148 1.027082 1.061140 1.094754 1.127085 1.156976 1.182944 1.203285 1.216334 1.220839 1.216334 1.203285 1.182944 1.156976 1.127085 1.094754 1.061140 1.027082 0.993148 0.959701 0.926962 0.895050 0.864020 0.833884 0.804629 0.776225 0.748634 0.721815 0.695723 0.670315 0.645550 0.621389 0.597794 0.574730 0.552166 0.530072 0.508420 0.487185 0.466344 0.445874 0.425756 0.405972 0.386504 
0.382124 0.401385 0.420945 0.440819 0.461023 0.481576 0.502494 0.523799 0.545510 0.567652 0.590247 0.613322 0.636902 0.661014 0.685688 0.710950 0.736826 0.763341 0.790513 0.818349 0.846846 0.875977 0.905684 0.935860 0.966334 0.996841 1.026991 1.056233 1.083824 1.108821 1.130102 1.146471 1.156825 1.160373 1.156825 1.146471 1.130102 1.108821 1.083824 1.056233 1.026991 0.996841 0.966334 0.935860 0.905684 0.875977 0.846846 0.818349 0.790513 0.763341 0.736826 0.710950 0.685688 0.661014 0.636902 0.613322 0.590247 0.567652 0.545510 0.523799 0.502494 0.481576 0.461023 0.440819 0.420945 0.401385 0.382124 
0.377217 0.396248 0.415561 0.435167 0.455081 0.475317 0.495890 0.516816 0.538113 0.559797 0.581888 0.604403 0.627362 0.650781 0.674679 0.699069 0.723963 0.749366 0.775277 0.801679 0.828540 0.855803 0.883378 0.911126 0.938847 0.966261 0.992987 1.018522 1.042233 1.063366 1.081078 1.094516 1.102929 1.105796 1.102929 1.094516 1.081078 1.063366 1.042233 1.018522 0.992987 0.966261 0.938847 0.911126 0.883378 0.855803 0.828540 0.801679 0.775277 0.749366 0.723963 0.699069 0.674679 0.650781 0.627362 0.604403 0.581888 0.559797 0.538113 0.516816 0.495890 0.475317 0.455081 0.435167 0.415561 0.396248 0.377217 
0.371799 0.390583 0.409628 0.428945 0.448545 0.468440 0.488642 0.509164 0.530018 0.551217 0.572773 0.594700 0.617006 0.639703 0.662796 0.686289 0.710180 0.734458 0.759105 0.784085 0.809346 0.834809 0.860363 0.885852 0.911066 0.935730 0.959488 0.981900 1.002437 1.020502 1.035457 1.046686 1.053661 1.056028 1.053661 1.046686 1.035457 1.020502 1.002437 0.981900 0.959488 0.935730 0.911066 0.885852 0.860363 0.834809 0.809346 0.784085 0.759105 0.734458 0.710180 0.686289 0.662796 0.639703 0.617006 0.594700 0.572773 0.551217 0.530018 0.509164 0.488642 0.468440 0.448545 0.428945 0.409628 0.390583 0.371799 
0.365892 0.384410 0.403169 0.422177 0.441444 0.460978 0.480788 0.500884 0.521273 0.541963 0.562963 0.584278 0.605912 0.627867 0.650139 0.672724 0.695606 0.718764 0.742165 0.765759 0.789479 0.813234 0.836898 0.860313 0.883270 0.905508 0.926709 0.946493 0.964425 0.980031 0.992826 1.002354 1.008238 1.010229 1.008238 1.002354 0.992826 0.980031 0.964425 0.946493 0.926709 0.905508 0.883270 0.860313 0.836898 0.813234 0.789479 0.765759 0.742165 0.718764 0.695606 0.672724 0.650139 0.627867 0.605912 0.584278 0.562963 0.541963 0.521273 0.500884 0.480788 0.460978 0.441444 0.422177 0.403169 0.384410 0.365892 
0.359515 0.377753 0.396210 0.414893 0.433810 0.452966 0.472366 0.492018 0.511924 0.532090 0.552517 0.573206 0.594154 0.615357 0.636804 0.658480 0.680363 0.702420 0.724608 0.746868 0.769122 0.791273 0.813191 0.834718 0.855656 0.875767 0.894768 0.912338 0.928118 0.941733 0.952809 0.961005 0.966043 0.967743 0.966043 0.961005 0.952809 0.941733 0.928118 0.912338 0.894768 0.875767 0.855656 0.834718 0.813191 0.791273 0.769122 0.746868 0.724608 0.702420 0.680363 0.658480 0.636804 0.615357 0.594154 0.573206 0.552517 0.532090 0.511924 0.492018 0.472366 0.452966 0.433810 0.414893 0.396210 0.377753 0.359515 
0.352690 0.370634 0.388776 0.407121 0.425673 0.444437 0.463414 0.482608 0.502019 0.521648 0.541492 0.561547 0.581805 0.602254 0.622880 0.643658 0.664560 0.685547 0.706566 0.727554 0.748428 0.769086 0.789401 0.809220 0.828361 0.846608 0.863717 0.879413 0.893405 0.905391 0.915081 0.922214 0.926583 0.928055 0.926583 0.922214 0.915081 0.905391 0.893405 0.879413 0.863717 0.846608 0.828361 0.809220 0.789401 0.769086 0.748428 0.727554 0.706566 0.685547 0.664560 0.643658 0.622880 0.602254 0.581805 0.561547 0.541492 0.521648 0.502019 0.482608 0.463414 0.444437 0.425673 0.407121 0.388776 0.370634 0.352690 
0.345439 0.363077 0.380893 0.398888 0.417065 0.435426 0.453970 0.472697 0.491605 0.510690 0.529945 0.549364 0.568932 0.588634 0.608449 0.628348 0.648298 0.668252 0.688155 0.707940 0.727522 0.746799 0.765650 0.783931 0.801474 0.818090 0.833565 0.847670 0.860163 0.870803 0.879360 0.885633 0.889465 0.890754 0.889465 0.885633 0.879360 0.870803 0.860163 0.847670 0.833565 0.818090 0.801474 0.783931 0.765650 0.746799 0.727522 0.707940 0.688155 0.668252 0.648298 0.628348 0.608449 0.588634 0.568932 0.549364 0.529945 0.510690 0.491605 0.472697 0.453970 0.435426 0.417065 0.398888 0.380893 0.363077 0.345439 
0.337784 0.355107 0.372587 0.390224 0.408018 0.425967 0.444071 0.462325 0.480725 0.499263 0.517931 0.536715 0.555601 0.574567 0.593588 0.612633 0.631662 0.650629 0.669473 0.688127 0.706506 0.724512 0.742030 0.758927 0.775052 0.790237 0.804299 0.817043 0.828271 0.837787 0.845408 0.850976 0.854369 0.855508 0.854369 0.850976 0.845408 0.837787 0.828271 0.817043 0.804299 0.790237 0.775052 0.758927 0.742030 0.724512 0.706506 0.688127 0.669473 0.650629 0.631662 0.612633 0.593588 0.574567 0.555601 0.536715 0.517931 0.499263 0.480725 0.462325 0.444071 0.425967 0.408018 0.390224 0.372587 0.355107 0.337784 
0.329746 0.346748 0.363885 0.381157 0.398561 0.416095 0.433753 0.451532 0.469423 0.487416 0.505499 0.523656 0.541870 0.560116 0.578366 0.596585 0.614733 0.632758 0.650603 0.668198 0.685462 0.702301 0.718608 0.734261 0.749125 0.763053 0.775887 0.787462 0.797614 0.806183 0.813021 0.818003 0.821033 0.822050 0.821033 0.818003 0.813021 0.806183 0.797614 0.787462 0.775887 0.763053 0.749125 0.734261 0.718608 0.702301 0.685462 0.668198 0.650603 0.632758 0.614733 0.596585 0.578366 0.560116 0.541870 0.523656 0.505499 0.487416 0.469423 0.451532 0.433753 0.416095 0.398561 0.381157 0.363885 0.346748 0.329746 
0.321349 0.338023 0.354812 0.371714 0.388725 0.405840 0.423053 0.440356 0.457739 0.475191 0.492697 0.510239 0.527795 0.545341 0.562845 0.580271 0.597576 0.614710 0.631614 0.648222 0.664455 0.680224 0.695432 0.709966 0.723709 0.736529 0.748291 0.758856 0.768086 0.775849 0.782027 0.786517 0.789244 0.790158 0.789244 0.786517 0.782027 0.775849 0.768086 0.758856 0.748291 0.736529 0.723709 0.709966 0.695432 0.680224 0.664455 0.648222 0.631614 0.614710 0.597576 0.580271 0.562845 0.545341 0.527795 0.510239 0.492697 0.475191 0.457739 0.440356 0.423053 0.405840 0.388725 0.371714 0.354812 0.338023 0.321349 
0.312612 0.328955 0.345394 0.361923 0.378539 0.395235 0.412003 0.428833 0.445714 0.462632 0.479571 0.496510 0.513427 0.530294 0.547079 0.563746 0.580250 0.596542 0.612565 0.628253 0.643534 0.658324 0.672534 0.686063 0.698804 0.710645 0.721468 0.731154 0.739589 0.746662 0.752277 0.756350 0.758820 0.759648 0.758820 0.756350 0.752277 0.746662 0.739589 0.731154 0.721468 0.710645 0.698804 0.686063 0.672534 0.658324 0.643534 0.628253 0.612565 0.596542 0.580250 0.563746 0.547079 0.530294 0.513427 0.496510 0.479571 0.462632 0.445714 0.428833 0.412003 0.395235 0.378539 0.361923 0.345394 0.328955 0.312612 
0.303559 0.319568 0.335654 0.351810 0.368032 0.384310 0.400636 0.416998 0.433383 0.449777 0.466160 0.482512 0.498809 0.515022 0.531118 0.547060 0.562805 0.578304 0.593502 0.608337 0.622739 0.636633 0.649936 0.662559 0.674406 0.685377 0.695373 0.704292 0.712036 0.718514 0.723645 0.727361 0.729612 0.730366 0.729612 0.727361 0.723645 0.718514 0.712036 0.704292 0.695373 0.685377 0.674406 0.662559 0.649936 0.636633 0.622739 0.608337 0.593502 0.578304 0.562805 0.547060 0.531118 0.515022 0.498809 0.482512 0.466160 0.449777 0.433383 0.416998 0.400636 0.384310 0.368032 0.351810 0.335654 0.319568 0.303559 
0.294209 0.309884 0.325616 0.341401 0.357229 0.373093 0.388981 0.404882 0.420781 0.436661 0.452503 0.468286 0.483984 0.499567 0.515005 0.530258 0.545284 0.560038 0.574465 0.588507 0.602100 0.615174 0.627653 0.639457 0.650502 0.660700 0.669965 0.678209 0.685349 0.691309 0.696022 0.699430 0.701492 0.702182 0.701492 0.699430 0.696022 0.691309 0.685349 0.678209 0.669965 0.660700 0.650502 0.639457 0.627653 0.615174 0.602100 0.588507 0.574465 0.560038 0.545284 0.530258 0.515005 0.499567 0.483984 0.468286 0.452503 0.436661 0.420781 0.404882 0.388981 0.373093 0.357229 0.341401 0.325616 0.309884 0.294209 
0.284584 0.299924 0.315304 0.330719 0.346158 0.361612 0.377069 0.392516 0.407938 0.423318 0.438634 0.453866 0.468987 0.483968 0.498776 0.513375 0.527724 0.541777 0.555484 0.568791 0.581638 0.593960 0.605689 0.616753 0.627077 0.636585 0.645200 0.652848 0.659458 0.664965 0.669312 0.672452 0.674351 0.674986 0.674351 0.672452 0.669312 0.664965 0.659458 0.652848 0.645200 0.636585 0.627077 0.616753 0.605689 0.593960 0.581638 0.568791 0.555484 0.541777 0.527724 0.513375 0.498776 0.483968 0.468987 0.453866 0.438634 0.423318 0.407938 0.392516 0.377069 0.361612 0.346158 0.330719 0.315304 0.299924 0.284584 
0.274701 0.289708 0.304739 0.319787 0.334841 0.349891 0.364925 0.379928 0.394885 0.409778 0.424585 0.439285 0.453851 0.468255 0.482464 0.496444 0.510153 0.523550 0.536586 0.549211 0.561370 0.573002 0.584047 0.594440 0.604115 0.613003 0.621039 0.628158 0.634299 0.639408 0.643434 0.646340 0.648096 0.648683 0.648096 0.646340 0.643434 0.639408 0.634299 0.628158 0.621039 0.613003 0.604115 0.594440 0.584047 0.573002 0.561370 0.549211 0.536586 0.523550 0.510153 0.496444 0.482464 0.468255 0.453851 0.439285 0.424585 0.409778 0.394885 0.379928 0.364925 0.349891 0.334841 0.319787 0.304739 0.289708 0.274701 
0.264581 0.279257 0.293942 0.308627 0.323302 0.337955 0.352574 0.367144 0.381648 0.396068 0.410384 0.424571 0.438606 0.452459 0.466099 0.479491 0.492599 0.505380 0.517791 0.529783 0.541306 0.552306 0.562726 0.572509 0.581596 0.589928 0.597445 0.604092 0.609817 0.614573 0.618316 0.621016 0.622645 0.623190 0.622645 0.621016 0.618316 0.614573 0.609817 0.604092 0.597445 0.589928 0.581596 0.572509 0.562726 0.552306 0.541306 0.529783 0.517791 0.505380 0.492599 0.479491 0.466099 0.452459 0.438606 0.424571 0.410384 0.396068 0.381648 0.367144 0.352574 0.337955 0.323302 0.308627 0.293942 0.279257 0.264581 
0.254241 0.268589 0.282932 0.297260 0.311562 0.325827 0.340040 0.354188 0.368252 0.382215 0.396055 0.409751 0.423276 0.436604 0.449703 0.462541 0.475082 0.487286 0.499113 0.510518 0.521454 0.531872 0.541721 0.550949 0.559503 0.567332 0.574383 0.580608 0.585962 0.590402 0.593895 0.596412 0.597930 0.598438 0.597930 0.596412 0.593895 0.590402 0.585962 0.580608 0.574383 0.567332 0.559503 0.550949 0.541721 0.531872 0.521454 0.510518 0.499113 0.487286 0.475082 0.462541 0.449703 0.436604 0.423276 0.409751 0.396055 0.382215 0.368252 0.354188 0.340040 0.325827 0.311562 0.297260 0.282932 0.268589 0.254241 
0.243698 0.257723 0.271729 0.285706 0.299642 0.313527 0.327344 0.341081 0.354719 0.368240 0.381623 0.394847 0.407885 0.420712 0.433299 0.445612 0.457620 0.469284 0.480566 0.491425 0.501818 0.511700 0.521025 0.529747 0.537817 0.545190 0.551821 0.557666 0.562687 0.566847 0.570116 0.572469 0.573888 0.574363 0.573888 0.572469 0.570116 0.566847 0.562687 0.557666 0.551821 0.545190 0.537817 0.529747 0.521025 0.511700 0.501818 0.491425 0.480566 0.469284 0.457620 0.445612 0.433299 0.420712 0.407885 0.394847 0.381623 0.368240 0.354719 0.341081 0.327344 0.313527 0.299642 0.285706 0.271729 0.257723 0.243698 
0.232968 0.246675 0.260349 0.273981 0.287561 0.301074 0.314507 0.327844 0.341070 0.354164 0.367108 0.379879 0.392452 0.404803 0.416903 0.428722 0.440227 0.451385 0.462158 0.472510 0.482401 0.491789 0.500633 0.508890 0.516519 0.523479 0.529729 0.535231 0.539952 0.543860 0.546928 0.549135 0.550466 0.550911 0.550466 0.549135 0.546928 0.543860 0.539952 0.535231 0.529729 0.523479 0.516519 0.508890 0.500633 0.491789 0.482401 0.472510 0.462158 0.451385 0.440227 0.428722 0.416903 0.404803 0.392452 0.379879 0.367108 0.354164 0.341070 0.327844 0.314507 0.301074 0.287561 0.273981 0.260349 0.246675 0.232968 
0.222068 0.235460 0.248810 0.262105 0.275334 0.288486 0.301545 0.314496 0.327323 0.340006 0.352528 0.364865 0.376995 0.388893 0.400532 0.411883 0.422916 0.433598 0.443897 0.453777 0.463202 0.472133 0.480534 0.488366 0.495592 0.502175 0.508079 0.513271 0.517721 0.521401 0.524288 0.526365 0.527616 0.528034 0.527616 0.526365 0.524288 0.521401 0.517721 0.513271 0.508079 0.502175 0.495592 0.488366 0.480534 0.472133 0.463202 0.453777 0.443897 0.433598 0.422916 0.411883 0.400532 0.388893 0.376995 0.364865 0.352528 0.340006 0.327323 0.314496 0.301545 0.288486 0.275334 0.262105 0.248810 0.235460 0.222068 
0.211011 0.224095 0.237126 0.250091 0.262980 0.275780 0.288476 0.301053 0.313495 0.325783 0.337899 0.349822 0.361529 0.372996 0.384197 0.395107 0.405695 0.415932 0.425787 0.435228 0.444219 0.452729 0.460721 0.468163 0.475019 0.481257 0.486846 0.491756 0.495960 0.499434 0.502158 0.504116 0.505295 0.505689 0.505295 0.504116 0.502158 0.499434 0.495960 0.491756 0.486846 0.481257 0.475019 0.468163 0.460721 0.452729 0.444219 0.435228 0.425787 0.415932 0.405695 0.395107 0.384197 0.372996 0.361529 0.349822 0.337899 0.325783 0.313495 0.301053 0.288476 0.275780 0.262980 0.250091 0.237126 0.224095 0.211011 
0.199811 0.212594 0.225312 0.237956 0.250513 0.262971 0.275315 0.287530 0.299601 0.311509 0.323237 0.334763 0.346066 0.357124 0.367911 0.378404 0.388573 0.398393 0.407832 0.416862 0.425452 0.433570 0.441185 0.448267 0.454784 0.460706 0.466007 0.470659 0.474640 0.477927 0.480502 0.482353 0.483467 0.483840 0.483467 0.482353 0.480502 0.477927 0.474640 0.470659 0.466007 0.460706 0.454784 0.448267 0.441185 0.433570 0.425452 0.416862 0.407832 0.398393 0.388573 0.378404 0.367911 0.357124 0.346066 0.334763 0.323237 0.311509 0.299601 0.287530 0.275315 0.262971 0.250513 0.237956 0.225312 0.212594 0.199811 
0.188481 0.200968 0.213383 0.225713 0.237947 0.250073 0.262076 0.273942 0.285656 0.297199 0.308553 0.319700 0.330619 0.341288 0.351683 0.361781 0.371556 0.380983 0.390034 0.398681 0.406896 0.414651 0.421917 0.428666 0.434870 0.440503 0.445540 0.449957 0.453733 0.456849 0.459290 0.461042 0.462098 0.462450 0.462098 0.461042 0.459290 0.456849 0.453733 0.449957 0.445540 0.440503 0.434870 0.428666 0.421917 0.414651 0.406896 0.398681 0.390034 0.380983 0.371556 0.361781 0.351683 0.341288 0.330619 0.319700 0.308553 0.297199 0.285656 0.273942 0.262076 0.250073 0.237947 0.225713 0.213383 0.200968 0.188481 
0.177033 0.189232 0.201349 0.213374 0.225295 0.237099 0.248773 0.260302 0.271671 0.282863 0.293861 0.304645 0.315198 0.325496 0.335520 0.345245 0.354649 0.363706 0.372393 0.380682 0.388548 0.395965 0.402907 0.409349 0.415264 0.420630 0.425424 0.429625 0.433214 0.436174 0.438492 0.440155 0.441157 0.441491 0.441157 0.440155 0.438492 0.436174 0.433214 0.429625 0.425424 0.420630 0.415264 0.409349 0.402907 0.395965 0.388548 0.380682 0.372393 0.363706 0.354649 0.345245 0.335520 0.325496 0.315198 0.304645 0.293861 0.282863 0.271671 0.260302 0.248773 0.237099 0.225295 0.213374 0.201349 0.189232 0.177033 
