75 75
1.541415e+01 0 5
0.416285 0.427077 0.437807 0.448466 0.459046 0.469540 0.479936 0.490226 0.500398 0.510442 0.520346 0.530096 0.539680 0.549085 0.558295 0.567295 0.576071 0.584604 0.592880 0.600880 0.608587 0.615983 0.623050 0.629770 0.636124 0.642094 0.647664 0.652815 0.657532 0.661798 0.665600 0.668923 0.671757 0.674090 0.675914 0.677222 0.678009 0.678271 0.678009 0.677222 0.675914 0.674090 0.671757 0.668923 0.665600 0.661798 0.657532 0.652815 0.647664 0.642094 0.636124 0.629770 0.623050 0.615983 0.608587 0.600880 0.592880 0.584604 0.576071 0.567295 0.558295 0.549085 0.539680 0.530096 0.520346 0.510442 0.500398 0.490226 0.479936 0.469540 0.459046 0.448466 0.437807 0.427077 0.416285 
0.426480 0.437501 0.448466 0.459366 0.470193 0.480938 0.491592 0.502145 0.512585 0.522901 0.533081 0.543112 0.552981 0.562672 0.572171 0.581463 0.590530 0.599355 0.607921 0.616209 0.624201 0.631877 0.639218 0.646204 0.652815 0.659032 0.664837 0.670209 0.675131 0.679587 0.683559 0.687034 0.689998 0.692439 0.694348 0.695717 0.696541 0.696816 0.696541 0.695717 0.694348 0.692439 0.689998 0.687034 0.683559 0.679587 0.675131 0.670209 0.664837 0.659032 0.652815 0.646204 0.639218 0.631877 0.624201 0.616209 0.607921 0.599355 0.590530 0.581463 0.572171 0.562672 0.552981 0.543112 0.533081 0.522901 0.512585 0.502145 0.491592 0.480938 0.470193 0.459366 0.448466 0.437501 0.426480 
0.436586 0.447841 0.459046 0.470193 0.481273 0.492277 0.503196 0.514019 0.524735 0.535333 0.545800 0.556122 0.566286 0.576277 0.586078 0.595674 0.605047 0.614178 0.623050 0.631642 0.639935 0.647908 0.655539 0.662808 0.669694 0.676175 0.682231 0.687840 0.692983 0.697642 0.701798 0.705436 0.708540 0.711098 0.713099 0.714535 0.715399 0.715687 0.715399 0.714535 0.713099 0.711098 0.708540 0.705436 0.701798 0.697642 0.692983 0.687840 0.682231 0.676175 0.669694 0.662808 0.655539 0.647908 0.639935 0.631642 0.623050 0.614178 0.605047 0.595674 0.586078 0.576277 0.566286 0.556122 0.545800 0.535333 0.524735 0.514019 0.503196 0.492277 0.481273 0.470193 0.459046 0.447841 0.436586 
0.446595 0.458089 0.469540 0.480938 0.492277 0.503547 0.514737 0.525839 0.536840 0.547729 0.558493 0.569118 0.579589 0.589891 0.600008 0.609922 0.619616 0.629069 0.638263 0.647176 0.655788 0.664075 0.672016 0.679587 0.686766 0.693529 0.699853 0.705717 0.711098 0.715976 0.720330 0.724144 0.727400 0.730085 0.732186 0.733693 0.734601 0.734904 0.734601 0.733693 0.732186 0.730085 0.727400 0.724144 0.720330 0.715976 0.711098 0.705717 0.699853 0.693529 0.686766 0.679587 0.672016 0.664075 0.655788 0.647176 0.638263 0.629069 0.619616 0.609922 0.600008 0.589891 0.579589 0.569118 0.558493 0.547729 0.536840 0.525839 0.514737 0.503547 0.492277 0.480938 0.469540 0.458089 0.446595 
0.456498 0.468236 0.479936 0.491592 0.503196 0.514737 0.526208 0.537596 0.548891 0.560080 0.571151 0.582089 0.592880 0.603507 0.613953 0.624201 0.634231 0.644023 0.653556 0.662808 0.671757 0.680378 0.688648 0.696541 0.704033 0.711098 0.717712 0.723849 0.729487 0.734601 0.739170 0.743174 0.746595 0.749417 0.751626 0.753212 0.754167 0.754486 0.754167 0.753212 0.751626 0.749417 0.746595 0.743174 0.739170 0.734601 0.729487 0.723849 0.717712 0.711098 0.704033 0.696541 0.688648 0.680378 0.671757 0.662808 0.653556 0.644023 0.634231 0.624201 0.613953 0.603507 0.592880 0.582089 0.571151 0.560080 0.548891 0.537596 0.526208 0.514737 0.503196 0.491592 0.479936 0.468236 0.456498 
0.466286 0.478271 0.490226 0.502145 0.514019 0.525839 0.537596 0.549279 0.560876 0.572376 0.583764 0.595028 0.606150 0.617115 0.627905 0.638502 0.648884 0.659032 0.668923 0.678534 0.687840 0.696816 0.705436 0.713673 0.721500 0.728889 0.735814 0.742246 0.748160 0.753530 0.758332 0.762543 0.766144 0.769115 0.771442 0.773114 0.774120 0.774456 0.774120 0.773114 0.771442 0.769115 0.766144 0.762543 0.758332 0.753530 0.748160 0.742246 0.735814 0.728889 0.721500 0.713673 0.705436 0.696816 0.687840 0.678534 0.668923 0.659032 0.648884 0.638502 0.627905 0.617115 0.606150 0.595028 0.583764 0.572376 0.560876 0.549279 0.537596 0.525839 0.514019 0.502145 0.490226 0.478271 0.466286 
0.475949 0.488184 0.500398 0.512585 0.524735 0.536840 0.548891 0.560876 0.572785 0.584604 0.596321 0.607921 0.619388 0.630705 0.641854 0.652815 0.663568 0.674090 0.684358 0.694348 0.704033 0.713386 0.722379 0.730984 0.739170 0.746908 0.754167 0.760918 0.767131 0.772779 0.777833 0.782270 0.786066 0.789201 0.791657 0.793422 0.794485 0.794840 0.794485 0.793422 0.791657 0.789201 0.786066 0.782270 0.777833 0.772779 0.767131 0.760918 0.754167 0.746908 0.739170 0.730984 0.722379 0.713386 0.704033 0.694348 0.684358 0.674090 0.663568 0.652815 0.641854 0.630705 0.619388 0.607921 0.596321 0.584604 0.572785 0.560876 0.548891 0.536840 0.524735 0.512585 0.500398 0.488184 0.475949 
0.485475 0.497964 0.510442 0.522901 0.535333 0.547729 0.560080 0.572376 0.584604 0.596753 0.608809 0.620758 0.632582 0.644265 0.655788 0.667130 0.678271 0.689187 0.699853 0.710244 0.720330 0.730085 0.739476 0.748474 0.757046 0.765158 0.772779 0.779875 0.786413 0.792362 0.797692 0.802375 0.806384 0.809698 0.812296 0.814163 0.815288 0.815664 0.815288 0.814163 0.812296 0.809698 0.806384 0.802375 0.797692 0.792362 0.786413 0.779875 0.772779 0.765158 0.757046 0.748474 0.739476 0.730085 0.720330 0.710244 0.699853 0.689187 0.678271 0.667130 0.655788 0.644265 0.632582 0.620758 0.608809 0.596753 0.584604 0.572376 0.560080 0.547729 0.535333 0.522901 0.510442 0.497964 0.485475 
0.494853 0.507601 0.520346 0.533081 0.545800 0.558493 0.571151 0.583764 0.596321 0.608809 0.621215 0.633523 0.645718 0.657781 0.669694 0.681436 0.692983 0.704313 0.715399 0.726213 0.736726 0.746908 0.756725 0.766144 0.775129 0.783646 0.791657 0.799126 0.806018 0.812296 0.817927 0.822879 0.827123 0.830633 0.833387 0.835367 0.836560 0.836959 0.836560 0.835367 0.833387 0.830633 0.827123 0.822879 0.817927 0.812296 0.806018 0.799126 0.791657 0.783646 0.775129 0.766144 0.756725 0.746908 0.736726 0.726213 0.715399 0.704313 0.692983 0.681436 0.669694 0.657781 0.645718 0.633523 0.621215 0.608809 0.596321 0.583764 0.571151 0.558493 0.545800 0.533081 0.520346 0.507601 0.494853 
0.504073 0.517081 0.530096 0.543112 0.556122 0.569118 0.582089 0.595028 0.607921 0.620758 0.633523 0.646204 0.658782 0.671240 0.683559 0.695717 0.707691 0.719456 0.730984 0.742246 0.753212 0.763848 0.774120 0.783991 0.793422 0.802375 0.810809 0.818684 0.825960 0.832598 0.838558 0.843806 0.848308 0.852035 0.854961 0.857066 0.858335 0.858759 0.858335 0.857066 0.854961 0.852035 0.848308 0.843806 0.838558 0.832598 0.825960 0.818684 0.810809 0.802375 0.793422 0.783991 0.774120 0.763848 0.753212 0.742246 0.730984 0.719456 0.707691 0.695717 0.683559 0.671240 0.658782 0.646204 0.633523 0.620758 0.607921 0.595028 0.582089 0.569118 0.556122 0.543112 0.530096 0.517081 0.504073 
0.513122 0.526392 0.539680 0.552981 0.566286 0.579589 0.592880 0.606150 0.619388 0.632582 0.645718 0.658782 0.671757 0.684625 0.697367 0.709959 0.722379 0.734601 0.746595 0.758332 0.769778 0.780899 0.791657 0.802012 0.811924 0.821348 0.830241 0.838558 0.846255 0.853286 0.859609 0.865183 0.869970 0.873936 0.877053 0.879297 0.880650 0.881102 0.880650 0.879297 0.877053 0.873936 0.869970 0.865183 0.859609 0.853286 0.846255 0.838558 0.830241 0.821348 0.811924 0.802012 0.791657 0.780899 0.769778 0.758332 0.746595 0.734601 0.722379 0.709959 0.697367 0.684625 0.671757 0.658782 0.645718 0.632582 0.619388 0.606150 0.592880 0.579589 0.566286 0.552981 0.539680 0.526392 0.513122 
0.521987 0.535521 0.549085 0.562672 0.576277 0.589891 0.603507 0.617115 0.630705 0.644265 0.657781 0.671240 0.684625 0.697918 0.711098 0.724144 0.737031 0.749732 0.762218 0.774456 0.786413 0.798050 0.809328 0.820204 0.830633 0.840568 0.849960 0.858759 0.866916 0.874380 0.881102 0.887037 0.892140 0.896373 0.899702 0.902100 0.903547 0.904031 0.903547 0.902100 0.899702 0.896373 0.892140 0.887037 0.881102 0.874380 0.866916 0.858759 0.849960 0.840568 0.830633 0.820204 0.809328 0.798050 0.786413 0.774456 0.762218 0.749732 0.737031 0.724144 0.711098 0.697918 0.684625 0.671240 0.657781 0.644265 0.630705 0.617115 0.603507 0.589891 0.576277 0.562672 0.549085 0.535521 0.521987 
0.530654 0.544454 0.558295 0.572171 0.586078 0.600008 0.613953 0.627905 0.641854 0.655788 0.669694 0.683559 0.697367 0.711098 0.724734 0.738252 0.751626 0.764830 0.777833 0.790602 0.803100 0.815288 0.827123 0.838558 0.849546 0.860035 0.869970 0.879297 0.887959 0.895900 0.903064 0.909399 0.914853 0.919384 0.922950 0.925522 0.927074 0.927593 0.927074 0.925522 0.922950 0.919384 0.914853 0.909399 0.903064 0.895900 0.887959 0.879297 0.869970 0.860035 0.849546 0.838558 0.827123 0.815288 0.803100 0.790602 0.777833 0.764830 0.751626 0.738252 0.724734 0.711098 0.697367 0.683559 0.669694 0.655788 0.641854 0.627905 0.613953 0.600008 0.586078 0.572171 0.558295 0.544454 0.530654 
0.539111 0.553176 0.567295 0.581463 0.595674 0.609922 0.624201 0.638502 0.652815 0.667130 0.681436 0.695717 0.709959 0.724144 0.738252 0.752260 0.766144 0.779875 0.793422 0.806751 0.819823 0.832598 0.845028 0.857066 0.868658 0.879747 0.890275 0.900180 0.909399 0.917867 0.925522 0.932302 0.938150 0.943013 0.946847 0.949613 0.951284 0.951843 0.951284 0.949613 0.946847 0.943013 0.938150 0.932302 0.925522 0.917867 0.909399 0.900180 0.890275 0.879747 0.868658 0.857066 0.845028 0.832598 0.819823 0.806751 0.793422 0.779875 0.766144 0.752260 0.738252 0.724144 0.709959 0.695717 0.681436 0.667130 0.652815 0.638502 0.624201 0.609922 0.595674 0.581463 0.567295 0.553176 0.539111 
0.547343 0.561673 0.576071 0.590530 0.605047 0.619616 0.634231 0.648884 0.663568 0.678271 0.692983 0.707691 0.722379 0.737031 0.751626 0.766144 0.780557 0.794840 0.808959 0.822879 0.836560 0.849960 0.863029 0.875714 0.887959 0.899702 0.910878 0.921417 0.931250 0.940302 0.948504 0.955783 0.962072 0.967311 0.971446 0.974433 0.976238 0.976843 0.976238 0.974433 0.971446 0.967311 0.962072 0.955783 0.948504 0.940302 0.931250 0.921417 0.910878 0.899702 0.887959 0.875714 0.863029 0.849960 0.836560 0.822879 0.808959 0.794840 0.780557 0.766144 0.751626 0.737031 0.722379 0.707691 0.692983 0.678271 0.663568 0.648884 0.634231 0.619616 0.605047 0.590530 0.576071 0.561673 0.547343 
0.555335 0.569930 0.584604 0.599355 0.614178 0.629069 0.644023 0.659032 0.674090 0.689187 0.704313 0.719456 0.734601 0.749732 0.764830 0.779875 0.794840 0.809698 0.824416 0.838959 0.853286 0.867351 0.881102 0.894485 0.907437 0.919891 0.931775 0.943013 0.953525 0.963229 0.972041 0.979881 0.986668 0.992333 0.996810 1.000048 1.002007 1.002663 1.002007 1.000048 0.996810 0.992333 0.986668 0.979881 0.972041 0.963229 0.953525 0.943013 0.931775 0.919891 0.907437 0.894485 0.881102 0.867351 0.853286 0.838959 0.824416 0.809698 0.794840 0.779875 0.764830 0.749732 0.734601 0.719456 0.704313 0.689187 0.674090 0.659032 0.644023 0.629069 0.614178 0.599355 0.584604 0.569930 0.555335 
0.563072 0.577930 0.592880 0.607921 0.623050 0.638263 0.653556 0.668923 0.684358 0.699853 0.715399 0.730984 0.746595 0.762218 0.777833 0.793422 0.808959 0.824416 0.839763 0.854961 0.869970 0.884742 0.899224 0.913357 0.927074 0.940302 0.952964 0.964972 0.976238 0.986668 0.996167 1.004639 1.011992 1.018141 1.023010 1.026536 1.028671 1.029386 1.028671 1.026536 1.023010 1.018141 1.011992 1.004639 0.996167 0.986668 0.976238 0.964972 0.952964 0.940302 0.927074 0.913357 0.899224 0.884742 0.869970 0.854961 0.839763 0.824416 0.808959 0.793422 0.777833 0.762218 0.746595 0.730984 0.715399 0.699853 0.684358 0.668923 0.653556 0.638263 0.623050 0.607921 0.592880 0.577930 0.563072 
0.570540 0.585657 0.600880 0.616209 0.631642 0.647176 0.662808 0.678534 0.694348 0.710244 0.726213 0.742246 0.758332 0.774456 0.790602 0.806751 0.822879 0.838959 0.854961 0.870847 0.886577 0.902100 0.917363 0.932302 0.946847 0.960919 0.974433 0.987293 0.999398 1.010642 1.020914 1.030103 1.038101 1.044805 1.050125 1.053983 1.056322 1.057106 1.056322 1.053983 1.050125 1.044805 1.038101 1.030103 1.020914 1.010642 0.999398 0.987293 0.974433 0.960919 0.946847 0.932302 0.917363 0.902100 0.886577 0.870847 0.854961 0.838959 0.822879 0.806751 0.790602 0.774456 0.758332 0.742246 0.726213 0.710244 0.694348 0.678534 0.662808 0.647176 0.631642 0.616209 0.600880 0.585657 0.570540 
0.577723 0.593094 0.608587 0.624201 0.639935 0.655788 0.671757 0.687840 0.704033 0.720330 0.736726 0.753212 0.769778 0.786413 0.803100 0.819823 0.836560 0.853286 0.869970 0.886577 0.903064 0.919384 0.935479 0.951284 0.966725 0.981717 0.996167 1.009969 1.023010 1.035168 1.046315 1.056322 1.065060 1.072405 1.078248 1.082493 1.085070 1.085934 1.085070 1.082493 1.078248 1.072405 1.065060 1.056322 1.046315 1.035168 1.023010 1.009969 0.996167 0.981717 0.966725 0.951284 0.935479 0.919384 0.903064 0.886577 0.869970 0.853286 0.836560 0.819823 0.803100 0.786413 0.769778 0.753212 0.736726 0.720330 0.704033 0.687840 0.671757 0.655788 0.639935 0.624201 0.608587 0.593094 0.577723 
0.584604 0.600226 0.615983 0.631877 0.647908 0.664075 0.680378 0.696816 0.713386 0.730085 0.746908 0.763848 0.780899 0.798050 0.815288 0.832598 0.849960 0.867351 0.884742 0.902100 0.919384 0.936545 0.953525 0.970259 0.986668 1.002663 1.018141 1.032987 1.047073 1.060262 1.072405 1.083350 1.092941 1.101032 1.107485 1.112185 1.115042 1.116001 1.115042 1.112185 1.107485 1.101032 1.092941 1.083350 1.072405 1.060262 1.047073 1.032987 1.018141 1.002663 0.986668 0.970259 0.953525 0.936545 0.919384 0.902100 0.884742 0.867351 0.849960 0.832598 0.815288 0.798050 0.780899 0.763848 0.746908 0.730085 0.713386 0.696816 0.680378 0.664075 0.647908 0.631877 0.615983 0.600226 0.584604 
0.591170 0.607035 0.623050 0.639218 0.655539 0.672016 0.688648 0.705436 0.722379 0.739476 0.756725 0.774120 0.791657 0.809328 0.827123 0.845028 0.863029 0.881102 0.899224 0.917363 0.935479 0.953525 0.971446 0.989173 1.006627 1.023712 1.040319 1.056322 1.071580 1.085934 1.099214 1.111239 1.121823 1.130786 1.137959 1.143198 1.146389 1.147460 1.146389 1.143198 1.137959 1.130786 1.121823 1.111239 1.099214 1.085934 1.071580 1.056322 1.040319 1.023712 1.006627 0.989173 0.971446 0.953525 0.935479 0.917363 0.899224 0.881102 0.863029 0.845028 0.827123 0.809328 0.791657 0.774120 0.756725 0.739476 0.722379 0.705436 0.688648 0.672016 0.655539 0.639218 0.623050 0.607035 0.591170 
0.597402 0.613504 0.629770 0.646204 0.662808 0.679587 0.696541 0.713673 0.730984 0.748474 0.766144 0.783991 0.802012 0.820204 0.838558 0.857066 0.875714 0.894485 0.913357 0.932302 0.951284 0.970259 0.989173 1.007959 1.026536 1.044805 1.062651 1.079939 1.096509 1.112185 1.126767 1.140043 1.151789 1.161783 1.169814 1.175698 1.179290 1.180498 1.179290 1.175698 1.169814 1.161783 1.151789 1.140043 1.126767 1.112185 1.096509 1.079939 1.062651 1.044805 1.026536 1.007959 0.989173 0.970259 0.951284 0.932302 0.913357 0.894485 0.875714 0.857066 0.838558 0.820204 0.802012 0.783991 0.766144 0.748474 0.730984 0.713673 0.696541 0.679587 0.662808 0.646204 0.629770 0.613504 0.597402 
0.603287 0.619616 0.636124 0.652815 0.669694 0.686766 0.704033 0.721500 0.739170 0.757046 0.775129 0.793422 0.811924 0.830633 0.849546 0.868658 0.887959 0.907437 0.927074 0.946847 0.966725 0.986668 1.006627 1.026536 1.046315 1.065867 1.085070 1.103780 1.121823 1.138999 1.155081 1.169814 1.182930 1.194152 1.203215 1.209881 1.213962 1.215336 1.213962 1.209881 1.203215 1.194152 1.182930 1.169814 1.155081 1.138999 1.121823 1.103780 1.085070 1.065867 1.046315 1.026536 1.006627 0.986668 0.966725 0.946847 0.927074 0.907437 0.887959 0.868658 0.849546 0.830633 0.811924 0.793422 0.775129 0.757046 0.739170 0.721500 0.704033 0.686766 0.669694 0.652815 0.636124 0.619616 0.603287 
0.608809 0.625355 0.642094 0.659032 0.676175 0.693529 0.711098 0.728889 0.746908 0.765158 0.783646 0.802375 0.821348 0.840568 0.860035 0.879747 0.899702 0.919891 0.940302 0.960919 0.981717 1.002663 1.023712 1.044805 1.065867 1.086801 1.107485 1.127767 1.147460 1.166343 1.184154 1.200594 1.215336 1.228036 1.238354 1.245981 1.250667 1.252248 1.250667 1.245981 1.238354 1.228036 1.215336 1.200594 1.184154 1.166343 1.147460 1.127767 1.107485 1.086801 1.065867 1.044805 1.023712 1.002663 0.981717 0.960919 0.940302 0.919891 0.899702 0.879747 0.860035 0.840568 0.821348 0.802375 0.783646 0.765158 0.746908 0.728889 0.711098 0.693529 0.676175 0.659032 0.642094 0.625355 0.608809 
0.613953 0.630705 0.647664 0.664837 0.682231 0.699853 0.717712 0.735814 0.754167 0.772779 0.791657 0.810809 0.830241 0.849960 0.869970 0.890275 0.910878 0.931775 0.952964 0.974433 0.996167 1.018141 1.040319 1.062651 1.085070 1.107485 1.129776 1.151789 1.173329 1.194152 1.213962 1.232409 1.249096 1.263592 1.275458 1.284283 1.289728 1.291570 1.289728 1.284283 1.275458 1.263592 1.249096 1.232409 1.213962 1.194152 1.173329 1.151789 1.129776 1.107485 1.085070 1.062651 1.040319 1.018141 0.996167 0.974433 0.952964 0.931775 0.910878 0.890275 0.869970 0.849960 0.830241 0.810809 0.791657 0.772779 0.754167 0.735814 0.717712 0.699853 0.682231 0.664837 0.647664 0.630705 0.613953 
0.618705 0.635650 0.652815 0.670209 0.687840 0.705717 0.723849 0.742246 0.760918 0.779875 0.799126 0.818684 0.838558 0.858759 0.879297 0.900180 0.921417 0.943013 0.964972 0.987293 1.009969 1.032987 1.056322 1.079939 1.103780 1.127767 1.151789 1.175698 1.199293 1.222316 1.244438 1.265254 1.284283 1.300983 1.314782 1.325125 1.331544 1.333720 1.331544 1.325125 1.314782 1.300983 1.284283 1.265254 1.244438 1.222316 1.199293 1.175698 1.151789 1.127767 1.103780 1.079939 1.056322 1.032987 1.009969 0.987293 0.964972 0.943013 0.921417 0.900180 0.879297 0.858759 0.838558 0.818684 0.799126 0.779875 0.760918 0.742246 0.723849 0.705717 0.687840 0.670209 0.652815 0.635650 0.618705 
0.623050 0.640174 0.657532 0.675131 0.692983 0.711098 0.729487 0.748160 0.767131 0.786413 0.806018 0.825960 0.846255 0.866916 0.887959 0.909399 0.931250 0.953525 0.976238 0.999398 1.023010 1.047073 1.071580 1.096509 1.121823 1.147460 1.173329 1.199293 1.225161 1.250667 1.275458 1.299072 1.320936 1.340369 1.356616 1.368918 1.376609 1.379228 1.376609 1.368918 1.356616 1.340369 1.320936 1.299072 1.275458 1.250667 1.225161 1.199293 1.173329 1.147460 1.121823 1.096509 1.071580 1.047073 1.023010 0.999398 0.976238 0.953525 0.931250 0.909399 0.887959 0.866916 0.846255 0.825960 0.806018 0.786413 0.767131 0.748160 0.729487 0.711098 0.692983 0.675131 0.657532 0.640174 0.623050 
0.626976 0.644265 0.661798 0.679587 0.697642 0.715976 0.734601 0.753530 0.772779 0.792362 0.812296 0.832598 0.853286 0.874380 0.895900 0.917867 0.940302 0.963229 0.986668 1.010642 1.035168 1.060262 1.085934 1.112185 1.138999 1.166343 1.194152 1.222316 1.250667 1.278951 1.306804 1.333720 1.359027 1.381875 1.401269 1.416150 1.425545 1.428762 1.425545 1.416150 1.401269 1.381875 1.359027 1.333720 1.306804 1.278951 1.250667 1.222316 1.194152 1.166343 1.138999 1.112185 1.085934 1.060262 1.035168 1.010642 0.986668 0.963229 0.940302 0.917867 0.895900 0.874380 0.853286 0.832598 0.812296 0.792362 0.772779 0.753530 0.734601 0.715976 0.697642 0.679587 0.661798 0.644265 0.626976 
0.630471 0.647908 0.665600 0.683559 0.701798 0.720330 0.739170 0.758332 0.777833 0.797692 0.817927 0.838558 0.859609 0.881102 0.903064 0.925522 0.948504 0.972041 0.996167 1.020914 1.046315 1.072405 1.099214 1.126767 1.155081 1.184154 1.213962 1.244438 1.275458 1.306804 1.338133 1.368918 1.398401 1.425545 1.449039 1.467384 1.479126 1.483176 1.479126 1.467384 1.449039 1.425545 1.398401 1.368918 1.338133 1.306804 1.275458 1.244438 1.213962 1.184154 1.155081 1.126767 1.099214 1.072405 1.046315 1.020914 0.996167 0.972041 0.948504 0.925522 0.903064 0.881102 0.859609 0.838558 0.817927 0.797692 0.777833 0.758332 0.739170 0.720330 0.701798 0.683559 0.665600 0.647908 0.630471 
0.633523 0.651091 0.668923 0.687034 0.705436 0.724144 0.743174 0.762543 0.782270 0.802375 0.822879 0.843806 0.865183 0.887037 0.909399 0.932302 0.955783 0.979881 1.004639 1.030103 1.056322 1.083350 1.111239 1.140043 1.169814 1.200594 1.232409 1.265254 1.299072 1.333720 1.368918 1.404172 1.438682 1.471233 1.500122 1.523224 1.538293 1.543546 1.538293 1.523224 1.500122 1.471233 1.438682 1.404172 1.368918 1.333720 1.299072 1.265254 1.232409 1.200594 1.169814 1.140043 1.111239 1.083350 1.056322 1.030103 1.004639 0.979881 0.955783 0.932302 0.909399 0.887037 0.865183 0.843806 0.822879 0.802375 0.782270 0.762543 0.743174 0.724144 0.705436 0.687034 0.668923 0.651091 0.633523 
0.636124 0.653804 0.671757 0.689998 0.708540 0.727400 0.746595 0.766144 0.786066 0.806384 0.827123 0.848308 0.869970 0.892140 0.914853 0.938150 0.962072 0.986668 1.011992 1.038101 1.065060 1.092941 1.121823 1.151789 1.182930 1.215336 1.249096 1.284283 1.320936 1.359027 1.398401 1.438682 1.479126 1.518414 1.554429 1.584173 1.604106 1.611164 1.604106 1.584173 1.554429 1.518414 1.479126 1.438682 1.398401 1.359027 1.320936 1.284283 1.249096 1.215336 1.182930 1.151789 1.121823 1.092941 1.065060 1.038101 1.011992 0.986668 0.962072 0.938150 0.914853 0.892140 0.869970 0.848308 0.827123 0.806384 0.786066 0.766144 0.746595 0.727400 0.708540 0.689998 0.671757 0.653804 0.636124 
0.638263 0.656036 0.674090 0.692439 0.711098 0.730085 0.749417 0.769115 0.789201 0.809698 0.830633 0.852035 0.873936 0.896373 0.919384 0.943013 0.967311 0.992333 1.018141 1.044805 1.072405 1.101032 1.130786 1.161783 1.194152 1.228036 1.263592 1.300983 1.340369 1.381875 1.425545 1.471233 1.518414 1.565862 1.611164 1.650244 1.677476 1.687352 1.677476 1.650244 1.611164 1.565862 1.518414 1.471233 1.425545 1.381875 1.340369 1.300983 1.263592 1.228036 1.194152 1.161783 1.130786 1.101032 1.072405 1.044805 1.018141 0.992333 0.967311 0.943013 0.919384 0.896373 0.873936 0.852035 0.830633 0.809698 0.789201 0.769115 0.749417 0.730085 0.711098 0.692439 0.674090 0.656036 0.638263 
0.639935 0.657781 0.675914 0.694348 0.713099 0.732186 0.751626 0.771442 0.791657 0.812296 0.833387 0.854961 0.877053 0.899702 0.922950 0.946847 0.971446 0.996810 1.023010 1.050125 1.078248 1.107485 1.137959 1.169814 1.203215 1.238354 1.275458 1.314782 1.356616 1.401269 1.449039 1.500122 1.554429 1.611164 1.668023 1.719937 1.758188 1.772574 1.758188 1.719937 1.668023 1.611164 1.554429 1.500122 1.449039 1.401269 1.356616 1.314782 1.275458 1.238354 1.203215 1.169814 1.137959 1.107485 1.078248 1.050125 1.023010 0.996810 0.971446 0.946847 0.922950 0.899702 0.877053 0.854961 0.833387 0.812296 0.791657 0.771442 0.751626 0.732186 0.713099 0.694348 0.675914 0.657781 0.639935 
0.641133 0.659032 0.677222 0.695717 0.714535 0.733693 0.753212 0.773114 0.793422 0.814163 0.835367 0.857066 0.879297 0.902100 0.925522 0.949613 0.974433 1.000048 1.026536 1.053983 1.082493 1.112185 1.143198 1.175698 1.209881 1.245981 1.284283 1.325125 1.368918 1.416150 1.467384 1.523224 1.584173 1.650244 1.719937 1.787969 1.841935 1.863341 1.841935 1.787969 1.719937 1.650244 1.584173 1.523224 1.467384 1.416150 1.368918 1.325125 1.284283 1.245981 1.209881 1.175698 1.143198 1.112185 1.082493 1.053983 1.026536 1.000048 0.974433 0.949613 0.925522 0.902100 0.879297 0.857066 0.835367 0.814163 0.793422 0.773114 0.753212 0.733693 0.714535 0.695717 0.677222 0.659032 0.641133 
0.641854 0.659785 0.678009 0.696541 0.715399 0.734601 0.754167 0.774120 0.794485 0.815288 0.836560 0.858335 0.880650 0.903547 0.927074 0.951284 0.976238 1.002007 1.028671 1.056322 1.085070 1.115042 1.146389 1.179290 1.213962 1.250667 1.289728 1.331544 1.376609 1.425545 1.479126 1.538293 1.604106 1.677476 1.758188 1.841935 1.913669 1.943947 1.913669 1.841935 1.758188 1.677476 1.604106 1.538293 1.479126 1.425545 1.376609 1.331544 1.289728 1.250667 1.213962 1.179290 1.146389 1.115042 1.085070 1.056322 1.028671 1.002007 0.976238 0.951284 0.927074 0.903547 0.880650 0.858335 0.836560 0.815288 0.794485 0.774120 0.754167 0.734601 0.715399 0.696541 0.678009 0.659785 0.641854 
0.642094 0.660036 0.678271 0.696816 0.715687 0.734904 0.754486 0.774456 0.794840 0.815664 0.836959 0.858759 0.881102 0.904031 0.927593 0.951843 0.976843 1.002663 1.029386 1.057106 1.085934 1.116001 1.147460 1.180498 1.215336 1.252248 1.291570 1.333720 1.379228 1.428762 1.483176 1.543546 1.611164 1.687352 1.772574 1.863341 1.943947 1.979073 1.943947 1.863341 1.772574 1.687352 1.611164 1.543546 1.483176 1.428762 1.379228 1.333720 1.291570 1.252248 1.215336 1.180498 1.147460 1.116001 1.085934 1.057106 1.029386 1.002663 0.976843 0.951843 0.927593 0.904031 0.881102 0.858759 0.836959 0.815664 0.794840 0.774456 0.754486 0.734904 0.715687 0.696816 0.678271 0.660036 0.642094 
0.642094 0.660036 0.678271 0.696816 0.715687 0.734904 0.754486 0.774456 0.794840 0.815664 0.836959 0.858759 0.881102 0.904031 0.927593 0.951843 0.976842 1.002663 1.029386 1.057106 1.085934 1.116001 1.147460 1.180497 1.215336 1.252248 1.291569 1.333720 1.379228 1.428762 1.483176 1.543545 1.611163 1.687350 1.772572 1.863339 1.943944 1.979069 1.943944 1.863339 1.772572 1.687350 1.611163 1.543545 1.483176 1.428762 1.379228 1.333720 1.291569 1.252248 1.215336 1.180497 1.147460 1.116001 1.085934 1.057106 1.029386 1.002663 0.976842 0.951843 0.927593 0.904031 0.881102 0.858759 0.836959 0.815664 0.794840 0.774456 0.754486 0.734904 0.715687 0.696816 0.678271 0.660036 0.642094 
0.642094 0.660036 0.678271 0.696816 0.715687 0.734903 0.754486 0.774456 0.794840 0.815664 0.836959 0.858759 0.881102 0.904031 0.927593 0.951843 0.976842 1.002663 1.029386 1.057106 1.085934 1.116001 1.147460 1.180497 1.215335 1.252247 1.291569 1.333719 1.379227 1.428760 1.483174 1.543543 1.611161 1.687347 1.772567 1.863331 1.943932 1.979055 1.943932 1.863331 1.772567 1.687347 1.611161 1.543543 1.483174 1.428760 1.379227 1.333719 1.291569 1.252247 1.215335 1.180497 1.147460 1.116001 1.085934 1.057106 1.029386 1.002663 0.976842 0.951843 0.927593 0.904031 0.881102 0.858759 0.836959 0.815664 0.794840 0.774456 0.754486 0.734903 0.715687 0.696816 0.678271 0.660036 0.642094 
0.642094 0.660036 0.678271 0.696816 0.715687 0.734904 0.754486 0.774456 0.794840 0.815664 0.836959 0.858759 0.881102 0.904031 0.927593 0.951843 0.976842 1.002663 1.029386 1.057106 1.085934 1.116001 1.147460 1.180497 1.215336 1.252248 1.291569 1.333720 1.379227 1.428761 1.483175 1.543545 1.611163 1.687350 1.772572 1.863338 1.943942 1.979067 1.943942 1.863338 1.772572 1.687350 1.611163 1.543545 1.483175 1.428761 1.379227 1.333720 1.291569 1.252248 1.215336 1.180497 1.147460 1.116001 1.085934 1.057106 1.029386 1.002663 0.976842 0.951843 0.927593 0.904031 0.881102 0.858759 0.836959 0.815664 0.794840 0.774456 0.754486 0.734904 0.715687 0.696816 0.678271 0.660036 0.642094 
0.642094 0.660036 0.678271 0.696816 0.715687 0.734903 0.754485 0.774456 0.794839 0.815663 0.836958 0.858759 0.881102 0.904030 0.927592 0.951842 0.976841 1.002662 1.029385 1.057105 1.085933 1.115999 1.147458 1.180495 1.215333 1.252245 1.291566 1.333716 1.379223 1.428756 1.483169 1.543536 1.611151 1.687333 1.772547 1.863300 1.943887 1.979003 1.943887 1.863300 1.772547 1.687333 1.611151 1.543536 1.483169 1.428756 1.379223 1.333716 1.291566 1.252245 1.215333 1.180495 1.147458 1.115999 1.085933 1.057105 1.029385 1.002662 0.976841 0.951842 0.927592 0.904030 0.881102 0.858759 0.836958 0.815663 0.794839 0.774456 0.754485 0.734903 0.715687 0.696816 0.678271 0.660036 0.642094 
0.641833 0.659763 0.677986 0.696517 0.715373 0.734574 0.754139 0.774091 0.794454 0.815255 0.836525 0.858298 0.880610 0.903505 0.927028 0.951235 0.976185 1.001950 1.028608 1.056254 1.084995 1.114958 1.146295 1.179184 1.213841 1.250529 1.289567 1.331353 1.376380 1.425265 1.478774 1.537837 1.603497 1.676630 1.756968 1.840151 1.911200 1.941115 1.911200 1.840151 1.756968 1.676630 1.603497 1.537837 1.478774 1.425265 1.376380 1.331353 1.289567 1.250529 1.213841 1.179184 1.146295 1.114958 1.084995 1.056254 1.028608 1.001950 0.976185 0.951235 0.927028 0.903505 0.880610 0.858298 0.836525 0.815255 0.794454 0.774091 0.754139 0.734574 0.715373 0.696517 0.677986 0.659763 0.641833 
0.641091 0.658989 0.677176 0.695670 0.714485 0.733641 0.753157 0.773056 0.793360 0.814098 0.835298 0.856993 0.879219 0.902016 0.925432 0.949516 0.974329 0.999935 1.026412 1.053848 1.082345 1.112020 1.143014 1.175491 1.209646 1.245713 1.283971 1.324758 1.368480 1.415617 1.466722 1.522381 1.583071 1.648764 1.717912 1.785215 1.838419 1.859468 1.838419 1.785215 1.717912 1.648764 1.583071 1.522381 1.466722 1.415617 1.368480 1.324758 1.283971 1.245713 1.209646 1.175491 1.143014 1.112020 1.082345 1.053848 1.026412 0.999935 0.974329 0.949516 0.925432 0.902016 0.879219 0.856993 0.835298 0.814098 0.793360 0.773056 0.753157 0.733641 0.714485 0.695670 0.677176 0.658989 0.641091 
0.639873 0.657717 0.675846 0.694277 0.713025 0.732107 0.751544 0.771356 0.791566 0.812199 0.833284 0.854852 0.876937 0.899578 0.922817 0.946704 0.971292 0.996643 1.022828 1.049926 1.078029 1.107243 1.137690 1.169512 1.202873 1.237964 1.275007 1.314256 1.355993 1.400521 1.448124 1.498983 1.552986 1.609309 1.665631 1.716917 1.754600 1.768746 1.754600 1.716917 1.665631 1.609309 1.552986 1.498983 1.448124 1.400521 1.355993 1.314256 1.275007 1.237964 1.202873 1.169512 1.137690 1.107243 1.078029 1.049926 1.022828 0.996643 0.971292 0.946704 0.922817 0.899578 0.876937 0.854852 0.833284 0.812199 0.791566 0.771356 0.751544 0.732107 0.713025 0.694277 0.675846 0.657717 0.639873 
0.638181 0.655950 0.674000 0.692345 0.711000 0.729981 0.749308 0.769000 0.789080 0.809570 0.830497 0.851891 0.873783 0.896209 0.919209 0.942825 0.967108 0.992113 1.017902 1.044545 1.072120 1.100717 1.130436 1.161392 1.193712 1.227537 1.263020 1.300321 1.339593 1.380957 1.424444 1.469895 1.516774 1.563844 1.608699 1.647310 1.674162 1.683887 1.674162 1.647310 1.608699 1.563844 1.516774 1.469895 1.424444 1.380957 1.339593 1.300321 1.263020 1.227537 1.193712 1.161392 1.130436 1.100717 1.072120 1.044545 1.017902 0.992113 0.967108 0.942825 0.919209 0.896209 0.873783 0.851891 0.830497 0.809570 0.789080 0.769000 0.749308 0.729981 0.711000 0.692345 0.674000 0.655950 0.638181 
0.636021 0.653697 0.671645 0.689881 0.708418 0.727272 0.746460 0.766002 0.785916 0.806226 0.826955 0.848131 0.869781 0.891938 0.914638 0.937918 0.961823 0.986399 1.011700 1.037783 1.064712 1.092559 1.121400 1.151319 1.182403 1.214742 1.248420 1.283509 1.320041 1.357983 1.397173 1.437229 1.477400 1.516368 1.552036 1.581445 1.601126 1.608090 1.601126 1.581445 1.552036 1.516368 1.477400 1.437229 1.397173 1.357983 1.320041 1.283509 1.248420 1.214742 1.182403 1.151319 1.121400 1.092559 1.064712 1.037783 1.011700 0.986399 0.961823 0.937918 0.914638 0.891938 0.869781 0.848131 0.826955 0.806226 0.785916 0.766002 0.746460 0.727272 0.708418 0.689881 0.671645 0.653697 0.636021 
0.633401 0.650964 0.668791 0.686895 0.705290 0.723991 0.743014 0.762375 0.782092 0.802187 0.822680 0.843596 0.864959 0.886798 0.909144 0.932029 0.955490 0.979565 1.004297 1.029731 1.055917 1.082906 1.110750 1.139502 1.169212 1.199920 1.231649 1.264392 1.298089 1.332591 1.367615 1.402665 1.436941 1.469233 1.497858 1.520721 1.535621 1.540811 1.535621 1.520721 1.497858 1.469233 1.436941 1.402665 1.367615 1.332591 1.298089 1.264392 1.231649 1.199920 1.169212 1.139502 1.110750 1.082906 1.055917 1.029731 1.004297 0.979565 0.955490 0.932029 0.909144 0.886798 0.864959 0.843596 0.822680 0.802187 0.782092 0.762375 0.743014 0.723991 0.705290 0.686895 0.668791 0.650964 0.633401 
0.630330 0.647760 0.665446 0.683399 0.701630 0.720154 0.738985 0.758138 0.777629 0.797476 0.817698 0.838317 0.859352 0.880829 0.902773 0.925210 0.948170 0.971682 0.995779 1.020494 1.045859 1.071907 1.098668 1.126166 1.154415 1.183414 1.213135 1.243511 1.274413 1.305622 1.336793 1.367399 1.396686 1.423625 1.446918 1.465092 1.476716 1.480723 1.476716 1.465092 1.446918 1.423625 1.396686 1.367399 1.336793 1.305622 1.274413 1.243511 1.213135 1.183414 1.154415 1.126166 1.098668 1.071907 1.045859 1.020494 0.995779 0.971682 0.948170 0.925210 0.902773 0.880829 0.859352 0.838317 0.817698 0.797476 0.777629 0.758138 0.738985 0.720154 0.701630 0.683399 0.665446 0.647760 0.630330 
0.626816 0.644098 0.661624 0.679405 0.697452 0.715777 0.734392 0.753311 0.772548 0.792119 0.812039 0.832326 0.852998 0.874074 0.895574 0.917519 0.939930 0.962830 0.986239 1.010178 1.034665 1.059716 1.085338 1.111532 1.138282 1.165552 1.193275 1.221342 1.249582 1.277741 1.305454 1.332217 1.357362 1.380047 1.399288 1.414041 1.423353 1.426539 1.423353 1.414041 1.399288 1.380047 1.357362 1.332217 1.305454 1.277741 1.249582 1.221342 1.193275 1.165552 1.138282 1.111532 1.085338 1.059716 1.034665 1.010178 0.986239 0.962830 0.939930 0.917519 0.895574 0.874074 0.852998 0.832326 0.812039 0.792119 0.772548 0.753311 0.734392 0.715777 0.697452 0.679405 0.661624 0.644098 0.626816 
0.622872 0.639989 0.657338 0.674929 0.692772 0.710877 0.729255 0.747917 0.766876 0.786144 0.805734 0.825660 0.845937 0.866579 0.887601 0.909017 0.930842 0.953090 0.975771 0.998895 1.022466 1.046485 1.070942 1.095814 1.121064 1.146629 1.172416 1.198288 1.224054 1.249448 1.274116 1.297600 1.319330 1.338633 1.354762 1.366968 1.374597 1.377194 1.374597 1.366968 1.354762 1.338633 1.319330 1.297600 1.274116 1.249448 1.224054 1.198288 1.172416 1.146629 1.121064 1.095814 1.070942 1.046485 1.022466 0.998895 0.975771 0.953090 0.930842 0.909017 0.887601 0.866579 0.845937 0.825660 0.805734 0.786144 0.766876 0.747917 0.729255 0.710877 0.692772 0.674929 0.657338 0.639989 0.622872 
0.618509 0.635446 0.652602 0.669987 0.687608 0.705475 0.723596 0.741980 0.760639 0.779581 0.798817 0.818358 0.838213 0.858394 0.878909 0.899768 0.920978 0.942545 0.964471 0.986755 1.009390 1.032363 1.055649 1.079209 1.102988 1.126905 1.150851 1.174675 1.198177 1.221100 1.243116 1.263821 1.282740 1.299336 1.313042 1.323312 1.329683 1.331844 1.329683 1.323312 1.313042 1.299336 1.282740 1.263821 1.243116 1.221100 1.198177 1.174675 1.150851 1.126905 1.102988 1.079209 1.055649 1.032363 1.009390 0.986755 0.964471 0.942545 0.920978 0.899768 0.878909 0.858394 0.838213 0.818358 0.798817 0.779581 0.760639 0.741980 0.723596 0.705475 0.687608 0.669987 0.652602 0.635446 0.618509 
0.613740 0.630483 0.647433 0.664596 0.681980 0.699591 0.717437 0.735526 0.753865 0.772462 0.791324 0.810458 0.829870 0.849568 0.869555 0.889835 0.910410 0.931277 0.952432 0.973865 0.995558 1.017488 1.039616 1.061895 1.084254 1.106603 1.128822 1.150758 1.172214 1.192948 1.212666 1.231020 1.247616 1.262027 1.273819 1.282587 1.287996 1.289825 1.287996 1.282587 1.273819 1.262027 1.247616 1.231020 1.212666 1.192948 1.172214 1.150758 1.128822 1.106603 1.084254 1.061895 1.039616 1.017488 0.995558 0.973865 0.952432 0.931277 0.910410 0.889835 0.869555 0.849568 0.829870 0.810458 0.791324 0.772462 0.753865 0.735526 0.717437 0.699591 0.681980 0.664596 0.647433 0.630483 0.613740 
0.608580 0.625116 0.641846 0.658774 0.675905 0.693247 0.710804 0.728581 0.746585 0.764819 0.783290 0.802000 0.820953 0.840151 0.859595 0.879282 0.899208 0.919367 0.939745 0.960325 0.981083 1.001985 1.022986 1.044028 1.065033 1.085906 1.106523 1.126734 1.146353 1.165158 1.182889 1.199250 1.213916 1.226546 1.236805 1.244387 1.249043 1.250614 1.249043 1.244387 1.236805 1.226546 1.213916 1.199250 1.182889 1.165158 1.146353 1.126734 1.106523 1.085906 1.065033 1.044028 1.022986 1.001985 0.981083 0.960325 0.939745 0.919367 0.899208 0.879282 0.859595 0.840151 0.820953 0.802000 0.783290 0.764819 0.746585 0.728581 0.710804 0.693247 0.675905 0.658774 0.641846 0.625116 0.608580 
0.603042 0.619361 0.635858 0.652539 0.669406 0.686465 0.703719 0.721172 0.738827 0.756686 0.774752 0.793026 0.811507 0.830194 0.849084 0.868169 0.887442 0.906890 0.926494 0.946231 0.966070 0.985971 1.005883 1.025743 1.045469 1.064964 1.084106 1.102751 1.120728 1.137835 1.153848 1.168514 1.181566 1.192730 1.201744 1.208374 1.212431 1.213798 1.212431 1.208374 1.201744 1.192730 1.181566 1.168514 1.153848 1.137835 1.120728 1.102751 1.084106 1.064964 1.045469 1.025743 1.005883 0.985971 0.966070 0.946231 0.926494 0.906890 0.887442 0.868169 0.849084 0.830194 0.811507 0.793026 0.774752 0.756686 0.738827 0.721172 0.703719 0.686465 0.669406 0.652539 0.635858 0.619361 0.603042 
0.597142 0.613233 0.629488 0.645911 0.662504 0.679269 0.696210 0.713327 0.730622 0.748096 0.765747 0.783575 0.801576 0.819745 0.838076 0.856557 0.875177 0.893918 0.912758 0.931667 0.950611 0.969546 0.988416 1.007155 1.025682 1.043898 1.061689 1.078918 1.095429 1.111045 1.125567 1.138785 1.150478 1.160423 1.168414 1.174268 1.177841 1.179042 1.177841 1.174268 1.168414 1.160423 1.150478 1.138785 1.125567 1.111045 1.095429 1.078918 1.061689 1.043898 1.025682 1.007155 0.988416 0.969546 0.950611 0.931667 0.912758 0.893918 0.875177 0.856557 0.838076 0.819745 0.801576 0.783575 0.765747 0.748096 0.730622 0.713327 0.696210 0.679269 0.662504 0.645911 0.629488 0.613233 0.597142 
0.590894 0.606749 0.622753 0.638909 0.655218 0.671682 0.688300 0.705073 0.722000 0.739081 0.756311 0.773687 0.791203 0.808851 0.826622 0.844502 0.862474 0.880518 0.898609 0.916713 0.934792 0.952800 0.970679 0.988363 1.005769 1.022806 1.039362 1.055313 1.070518 1.084819 1.098047 1.110021 1.120560 1.129482 1.136622 1.141835 1.145011 1.146077 1.145011 1.141835 1.136622 1.129482 1.120560 1.110021 1.098047 1.084819 1.070518 1.055313 1.039362 1.022806 1.005769 0.988363 0.970679 0.952800 0.934792 0.916713 0.898609 0.880518 0.862474 0.844502 0.826622 0.808851 0.791203 0.773687 0.756311 0.739081 0.722000 0.705073 0.688300 0.671682 0.655218 0.638909 0.622753 0.606749 0.590894 
0.584315 0.599926 0.615672 0.631554 0.647572 0.663726 0.680015 0.696437 0.712991 0.729673 0.746477 0.763399 0.780428 0.797557 0.814771 0.832055 0.849390 0.866752 0.884113 0.901438 0.918686 0.935810 0.952752 0.969445 0.985810 1.001760 1.017192 1.031991 1.046030 1.059172 1.071269 1.082171 1.091723 1.099779 1.106204 1.110882 1.113727 1.114681 1.113727 1.110882 1.106204 1.099779 1.091723 1.082171 1.071269 1.059172 1.046030 1.031991 1.017192 1.001760 0.985810 0.969445 0.952752 0.935810 0.918686 0.901438 0.884113 0.866752 0.849390 0.832055 0.814771 0.797557 0.780428 0.763399 0.746477 0.729673 0.712991 0.696437 0.680015 0.663726 0.647572 0.631554 0.615672 0.599926 0.584315 
0.577420 0.592781 0.608262 0.623864 0.639585 0.655424 0.671379 0.687447 0.703623 0.719903 0.736281 0.752747 0.769293 0.785905 0.802569 0.819267 0.835978 0.852675 0.869329 0.885904 0.902359 0.918643 0.934701 0.950468 0.965869 0.980820 0.995227 1.008987 1.021986 1.034102 1.045210 1.055179 1.063883 1.071199 1.077017 1.081244 1.083810 1.084671 1.083810 1.081244 1.077017 1.071199 1.063883 1.055179 1.045210 1.034102 1.021986 1.008987 0.995227 0.980820 0.965869 0.950468 0.934701 0.918643 0.902359 0.885904 0.869329 0.852675 0.835978 0.819267 0.802569 0.785905 0.769293 0.752747 0.736281 0.719903 0.703623 0.687447 0.671379 0.655424 0.639585 0.623864 0.608262 0.592781 0.577420 
0.570225 0.585330 0.600542 0.615859 0.631279 0.646799 0.662417 0.678127 0.693925 0.709803 0.725754 0.741768 0.757833 0.773936 0.790059 0.806183 0.822285 0.838338 0.854311 0.870168 0.885865 0.901355 0.916583 0.931486 0.945994 0.960029 0.973504 0.986326 0.998393 1.009600 1.019837 1.028993 1.036961 1.043640 1.048939 1.052782 1.055112 1.055893 1.055112 1.052782 1.048939 1.043640 1.036961 1.028993 1.019837 1.009600 0.998393 0.986326 0.973504 0.960029 0.945994 0.931486 0.916583 0.901355 0.885865 0.870168 0.854311 0.838338 0.822285 0.806183 0.790059 0.773936 0.757833 0.741768 0.725754 0.709803 0.693925 0.678127 0.662417 0.646799 0.631279 0.615859 0.600542 0.585330 0.570225 
0.562745 0.577591 0.592530 0.607558 0.622674 0.637874 0.653152 0.668504 0.683923 0.699400 0.714928 0.730493 0.746085 0.761686 0.777279 0.792844 0.808356 0.823787 0.839106 0.854275 0.869254 0.883995 0.898445 0.912544 0.926227 0.939421 0.952047 0.964021 0.975253 0.985650 0.995117 1.003560 1.010887 1.017014 1.021865 1.025378 1.027505 1.028217 1.027505 1.025378 1.021865 1.017014 1.010887 1.003560 0.995117 0.985650 0.975253 0.964021 0.952047 0.939421 0.926227 0.912544 0.898445 0.883995 0.869254 0.854275 0.839106 0.823787 0.808356 0.792844 0.777279 0.761686 0.746085 0.730493 0.714928 0.699400 0.683923 0.668504 0.653152 0.637874 0.622674 0.607558 0.592530 0.577591 0.562745 
