75 75
1.799010e+01 0 5
0.458274 0.468986 0.479636 0.490217 0.500720 0.511137 0.521458 0.531674 0.541774 0.551747 0.561580 0.571262 0.580779 0.590118 0.599264 0.608202 0.616917 0.625392 0.633611 0.641557 0.649211 0.656557 0.663576 0.670250 0.676560 0.682491 0.688022 0.693139 0.697824 0.702061 0.705837 0.709139 0.711953 0.714270 0.716082 0.717381 0.718163 0.718423 0.718163 0.717381 0.716082 0.714270 0.711953 0.709139 0.705837 0.702061 0.697824 0.693139 0.688022 0.682491 0.676560 0.670250 0.663576 0.656557 0.649211 0.641557 0.633611 0.625392 0.616917 0.608202 0.599264 0.590118 0.580779 0.571262 0.561580 0.551747 0.541774 0.531674 0.521458 0.511137 0.500720 0.490217 0.479636 0.468986 0.458274 
0.468393 0.479333 0.490217 0.501037 0.511786 0.522453 0.533031 0.543508 0.553874 0.564118 0.574226 0.584187 0.593987 0.603611 0.613045 0.622272 0.631277 0.640042 0.648550 0.656781 0.664719 0.672343 0.679634 0.686572 0.693139 0.699314 0.705079 0.710416 0.715305 0.719730 0.723676 0.727127 0.730071 0.732496 0.734392 0.735752 0.736570 0.736843 0.736570 0.735752 0.734392 0.732496 0.730071 0.727127 0.723676 0.719730 0.715305 0.710416 0.705079 0.699314 0.693139 0.686572 0.679634 0.672343 0.664719 0.656781 0.648550 0.640042 0.631277 0.622272 0.613045 0.603611 0.593987 0.584187 0.574226 0.564118 0.553874 0.543508 0.533031 0.522453 0.511786 0.501037 0.490217 0.479333 0.468393 
0.478424 0.489597 0.500720 0.511786 0.522786 0.533711 0.544552 0.555298 0.565939 0.576462 0.586856 0.597107 0.607200 0.617122 0.626856 0.636386 0.645695 0.654764 0.663576 0.672110 0.680346 0.688265 0.695845 0.703065 0.709904 0.716342 0.722356 0.727928 0.733036 0.737664 0.741792 0.745405 0.748488 0.751029 0.753017 0.754442 0.755301 0.755587 0.755301 0.754442 0.753017 0.751029 0.748488 0.745405 0.741792 0.737664 0.733036 0.727928 0.722356 0.716342 0.709904 0.703065 0.695845 0.688265 0.680346 0.672110 0.663576 0.654764 0.645695 0.636386 0.626856 0.617122 0.607200 0.597107 0.586856 0.576462 0.565939 0.555298 0.544552 0.533711 0.522786 0.511786 0.500720 0.489597 0.478424 
0.488360 0.499770 0.511137 0.522453 0.533711 0.544900 0.556012 0.567035 0.577959 0.588772 0.599461 0.610012 0.620411 0.630643 0.640691 0.650537 0.660165 0.669554 0.678686 0.687538 0.696092 0.704323 0.712210 0.719730 0.726860 0.733578 0.739860 0.745684 0.751029 0.755874 0.760199 0.763987 0.767221 0.769887 0.771974 0.773471 0.774373 0.774673 0.774373 0.773471 0.771974 0.769887 0.767221 0.763987 0.760199 0.755874 0.751029 0.745684 0.739860 0.733578 0.726860 0.719730 0.712210 0.704323 0.696092 0.687538 0.678686 0.669554 0.660165 0.650537 0.640691 0.630643 0.620411 0.610012 0.599461 0.588772 0.577959 0.567035 0.556012 0.544900 0.533711 0.522453 0.511137 0.499770 0.488360 
0.498190 0.509842 0.521458 0.533031 0.544552 0.556012 0.567401 0.578709 0.589926 0.601037 0.612032 0.622895 0.633611 0.644166 0.654541 0.664719 0.674681 0.684406 0.693875 0.703065 0.711953 0.720516 0.728730 0.736570 0.744011 0.751029 0.757598 0.763694 0.769293 0.774373 0.778911 0.782888 0.786286 0.789088 0.791283 0.792858 0.793806 0.794123 0.793806 0.792858 0.791283 0.789088 0.786286 0.782888 0.778911 0.774373 0.769293 0.763694 0.757598 0.751029 0.744011 0.736570 0.728730 0.720516 0.711953 0.703065 0.693875 0.684406 0.674681 0.664719 0.654541 0.644166 0.633611 0.622895 0.612032 0.601037 0.589926 0.578709 0.567401 0.556012 0.544552 0.533031 0.521458 0.509842 0.498190 
0.507907 0.519805 0.531674 0.543508 0.555298 0.567035 0.578709 0.590311 0.601828 0.613248 0.624558 0.635744 0.646791 0.657681 0.668398 0.678922 0.689235 0.699314 0.709139 0.718684 0.727928 0.736843 0.745405 0.753586 0.761360 0.768700 0.775578 0.781966 0.787840 0.793174 0.797943 0.802125 0.805701 0.808652 0.810964 0.812624 0.813623 0.813957 0.813623 0.812624 0.810964 0.808652 0.805701 0.802125 0.797943 0.793174 0.787840 0.781966 0.775578 0.768700 0.761360 0.753586 0.745405 0.736843 0.727928 0.718684 0.709139 0.699314 0.689235 0.678922 0.668398 0.657681 0.646791 0.635744 0.624558 0.613248 0.601828 0.590311 0.578709 0.567035 0.555298 0.543508 0.531674 0.519805 0.507907 
0.517500 0.529647 0.541774 0.553874 0.565939 0.577959 0.589926 0.601828 0.613654 0.625392 0.637029 0.648550 0.659938 0.671178 0.682252 0.693139 0.703819 0.714270 0.724470 0.734392 0.744011 0.753301 0.762234 0.770780 0.778911 0.786596 0.793806 0.800511 0.806682 0.812291 0.817311 0.821717 0.825487 0.828600 0.831040 0.832792 0.833848 0.834200 0.833848 0.832792 0.831040 0.828600 0.825487 0.821717 0.817311 0.812291 0.806682 0.800511 0.793806 0.786596 0.778911 0.770780 0.762234 0.753301 0.744011 0.734392 0.724470 0.714270 0.703819 0.693139 0.682252 0.671178 0.659938 0.648550 0.637029 0.625392 0.613654 0.601828 0.589926 0.577959 0.565939 0.553874 0.541774 0.529647 0.517500 
0.526957 0.539358 0.551747 0.564118 0.576462 0.588772 0.601037 0.613248 0.625392 0.637458 0.649432 0.661299 0.673043 0.684646 0.696092 0.707358 0.718423 0.729266 0.739860 0.750180 0.760199 0.769887 0.779215 0.788152 0.796665 0.804722 0.812291 0.819338 0.825831 0.831740 0.837033 0.841683 0.845665 0.848955 0.851535 0.853390 0.854507 0.854880 0.854507 0.853390 0.851535 0.848955 0.845665 0.841683 0.837033 0.831740 0.825831 0.819338 0.812291 0.804722 0.796665 0.788152 0.779215 0.769887 0.760199 0.750180 0.739860 0.729266 0.718423 0.707358 0.696092 0.684646 0.673043 0.661299 0.649432 0.637458 0.625392 0.613248 0.601037 0.588772 0.576462 0.564118 0.551747 0.539358 0.526957 
0.536269 0.548925 0.561580 0.574226 0.586856 0.599461 0.612032 0.624558 0.637029 0.649432 0.661753 0.673978 0.686090 0.698072 0.709904 0.721567 0.733036 0.744290 0.755301 0.766042 0.776484 0.786596 0.796346 0.805701 0.814625 0.823084 0.831040 0.838457 0.845301 0.851535 0.857127 0.862044 0.866259 0.869744 0.872479 0.874445 0.875630 0.876026 0.875630 0.874445 0.872479 0.869744 0.866259 0.862044 0.857127 0.851535 0.845301 0.838457 0.831040 0.823084 0.814625 0.805701 0.796346 0.786596 0.776484 0.766042 0.755301 0.744290 0.733036 0.721567 0.709904 0.698072 0.686090 0.673978 0.661753 0.649432 0.637029 0.624558 0.612032 0.599461 0.586856 0.574226 0.561580 0.548925 0.536269 
0.545423 0.558338 0.571262 0.584187 0.597107 0.610012 0.622895 0.635744 0.648550 0.661299 0.673978 0.686572 0.699066 0.711440 0.723676 0.735752 0.747645 0.759330 0.770780 0.781966 0.792858 0.803422 0.813623 0.823426 0.832792 0.841683 0.850059 0.857879 0.865104 0.871695 0.877614 0.882824 0.887294 0.890994 0.893900 0.895990 0.897250 0.897671 0.897250 0.895990 0.893900 0.890994 0.887294 0.882824 0.877614 0.871695 0.865104 0.857879 0.850059 0.841683 0.832792 0.823426 0.813623 0.803422 0.792858 0.781966 0.770780 0.759330 0.747645 0.735752 0.723676 0.711440 0.699066 0.686572 0.673978 0.661299 0.648550 0.635744 0.622895 0.610012 0.597107 0.584187 0.571262 0.558338 0.545423 
0.554408 0.567584 0.580779 0.593987 0.607200 0.620411 0.633611 0.646791 0.659938 0.673043 0.686090 0.699066 0.711953 0.724734 0.737390 0.749898 0.762234 0.774373 0.786286 0.797943 0.809311 0.820356 0.831040 0.841323 0.851166 0.860524 0.869355 0.877614 0.885255 0.892237 0.898514 0.904048 0.908800 0.912738 0.915832 0.918060 0.919403 0.919852 0.919403 0.918060 0.915832 0.912738 0.908800 0.904048 0.898514 0.892237 0.885255 0.877614 0.869355 0.860524 0.851166 0.841323 0.831040 0.820356 0.809311 0.797943 0.786286 0.774373 0.762234 0.749898 0.737390 0.724734 0.711953 0.699066 0.686090 0.673043 0.659938 0.646791 0.633611 0.620411 0.607200 0.593987 0.580779 0.567584 0.554408 
0.563210 0.576649 0.590118 0.603611 0.617122 0.630643 0.644166 0.657681 0.671178 0.684646 0.698072 0.711440 0.724734 0.737938 0.751029 0.763987 0.776786 0.789401 0.801802 0.813957 0.825831 0.837388 0.848588 0.859388 0.869744 0.879609 0.888934 0.897671 0.905769 0.913178 0.919852 0.925743 0.930808 0.935010 0.938314 0.940695 0.942131 0.942611 0.942131 0.940695 0.938314 0.935010 0.930808 0.925743 0.919852 0.913178 0.905769 0.897671 0.888934 0.879609 0.869744 0.859388 0.848588 0.837388 0.825831 0.813957 0.801802 0.789401 0.776786 0.763987 0.751029 0.737938 0.724734 0.711440 0.698072 0.684646 0.671178 0.657681 0.644166 0.630643 0.617122 0.603611 0.590118 0.576649 0.563210 
0.571816 0.585520 0.599264 0.613045 0.626856 0.640691 0.654541 0.668398 0.682252 0.696092 0.709904 0.723676 0.737390 0.751029 0.764573 0.777999 0.791283 0.804397 0.817311 0.829992 0.842404 0.854507 0.866259 0.877614 0.888523 0.898937 0.908800 0.918060 0.926658 0.934540 0.941652 0.947939 0.953352 0.957848 0.961388 0.963939 0.965480 0.965995 0.965480 0.963939 0.961388 0.957848 0.953352 0.947939 0.941652 0.934540 0.926658 0.918060 0.908800 0.898937 0.888523 0.877614 0.866259 0.854507 0.842404 0.829992 0.817311 0.804397 0.791283 0.777999 0.764573 0.751029 0.737390 0.723676 0.709904 0.696092 0.682252 0.668398 0.654541 0.640691 0.626856 0.613045 0.599264 0.585520 0.571816 
0.580214 0.594181 0.608202 0.622272 0.636386 0.650537 0.664719 0.678922 0.693139 0.707358 0.721567 0.735752 0.749898 0.763987 0.777999 0.791912 0.805701 0.819338 0.832792 0.846029 0.859010 0.871695 0.884038 0.895990 0.907498 0.918507 0.928958 0.938789 0.947939 0.956343 0.963939 0.970668 0.976471 0.981297 0.985100 0.987845 0.989502 0.990057 0.989502 0.987845 0.985100 0.981297 0.976471 0.970668 0.963939 0.956343 0.947939 0.938789 0.928958 0.918507 0.907498 0.895990 0.884038 0.871695 0.859010 0.846029 0.832792 0.819338 0.805701 0.791912 0.777999 0.763987 0.749898 0.735752 0.721567 0.707358 0.693139 0.678922 0.664719 0.650537 0.636386 0.622272 0.608202 0.594181 0.580214 
0.588388 0.602620 0.616917 0.631277 0.645695 0.660165 0.674681 0.689235 0.703819 0.718423 0.733036 0.747645 0.762234 0.776786 0.791283 0.805701 0.820016 0.834200 0.848221 0.862044 0.875630 0.888934 0.901909 0.914503 0.926658 0.938314 0.949406 0.959866 0.969624 0.978607 0.986744 0.993966 1.000205 1.005403 1.009504 1.012467 1.014258 1.014857 1.014258 1.012467 1.009504 1.005403 1.000205 0.993966 0.986744 0.978607 0.969624 0.959866 0.949406 0.938314 0.926658 0.914503 0.901909 0.888934 0.875630 0.862044 0.848221 0.834200 0.820016 0.805701 0.791283 0.776786 0.762234 0.747645 0.733036 0.718423 0.703819 0.689235 0.674681 0.660165 0.645695 0.631277 0.616917 0.602620 0.588388 
0.596325 0.610819 0.625392 0.640042 0.654764 0.669554 0.684406 0.699314 0.714270 0.729266 0.744290 0.759330 0.774373 0.789401 0.804397 0.819338 0.834200 0.848955 0.863571 0.878012 0.892237 0.906200 0.919852 0.933136 0.945991 0.958352 0.970145 0.981297 0.991726 1.001353 1.010095 1.017870 1.024603 1.030221 1.034661 1.037872 1.039814 1.040464 1.039814 1.037872 1.034661 1.030221 1.024603 1.017870 1.010095 1.001353 0.991726 0.981297 0.970145 0.958352 0.945991 0.933136 0.919852 0.906200 0.892237 0.878012 0.863571 0.848955 0.834200 0.819338 0.804397 0.789401 0.774373 0.759330 0.744290 0.729266 0.714270 0.699314 0.684406 0.669554 0.654764 0.640042 0.625392 0.610819 0.596325 
0.604009 0.618763 0.633611 0.648550 0.663576 0.678686 0.693875 0.709139 0.724470 0.739860 0.755301 0.770780 0.786286 0.801802 0.817311 0.832792 0.848221 0.863571 0.878809 0.893900 0.908800 0.923465 0.937840 0.951867 0.965480 0.978607 0.991169 1.003082 1.014258 1.024603 1.034023 1.042423 1.049714 1.055811 1.060638 1.064133 1.066250 1.066959 1.066250 1.064133 1.060638 1.055811 1.049714 1.042423 1.034023 1.024603 1.014258 1.003082 0.991169 0.978607 0.965480 0.951867 0.937840 0.923465 0.908800 0.893900 0.878809 0.863571 0.848221 0.832792 0.817311 0.801802 0.786286 0.770780 0.755301 0.739860 0.724470 0.709139 0.693875 0.678686 0.663576 0.648550 0.633611 0.618763 0.604009 
0.611425 0.626437 0.641557 0.656781 0.672110 0.687538 0.703065 0.718684 0.734392 0.750180 0.766042 0.781966 0.797943 0.813957 0.829992 0.846029 0.862044 0.878012 0.893900 0.909672 0.925286 0.940695 0.955843 0.970668 0.985100 0.999062 1.012467 1.025222 1.037227 1.048376 1.058560 1.067669 1.075597 1.082242 1.087514 1.091337 1.093655 1.094432 1.093655 1.091337 1.087514 1.082242 1.075597 1.067669 1.058560 1.048376 1.037227 1.025222 1.012467 0.999062 0.985100 0.970668 0.955843 0.940695 0.925286 0.909672 0.893900 0.878012 0.862044 0.846029 0.829992 0.813957 0.797943 0.781966 0.766042 0.750180 0.734392 0.718684 0.703065 0.687538 0.672110 0.656781 0.641557 0.626437 0.611425 
0.618558 0.633824 0.649211 0.664719 0.680346 0.696092 0.711953 0.727928 0.744011 0.760199 0.776484 0.792858 0.809311 0.825831 0.842404 0.859010 0.875630 0.892237 0.908800 0.925286 0.941652 0.957848 0.973820 0.989502 1.004821 1.019692 1.034023 1.047709 1.060638 1.072690 1.083739 1.093655 1.102313 1.109590 1.115378 1.119583 1.122136 1.122992 1.122136 1.119583 1.115378 1.109590 1.102313 1.093655 1.083739 1.072690 1.060638 1.047709 1.034023 1.019692 1.004821 0.989502 0.973820 0.957848 0.941652 0.925286 0.908800 0.892237 0.875630 0.859010 0.842404 0.825831 0.809311 0.792858 0.776484 0.760199 0.744011 0.727928 0.711953 0.696092 0.680346 0.664719 0.649211 0.633824 0.618558 
0.625392 0.640907 0.656557 0.672343 0.688265 0.704323 0.720516 0.736843 0.753301 0.769887 0.786596 0.803422 0.820356 0.837388 0.854507 0.871695 0.888934 0.906200 0.923465 0.940695 0.957848 0.974878 0.991726 1.008327 1.024603 1.040464 1.055811 1.070528 1.084490 1.097559 1.109590 1.120431 1.129931 1.137943 1.144333 1.148986 1.151815 1.152764 1.151815 1.148986 1.144333 1.137943 1.129931 1.120431 1.109590 1.097559 1.084490 1.070528 1.055811 1.040464 1.024603 1.008327 0.991726 0.974878 0.957848 0.940695 0.923465 0.906200 0.888934 0.871695 0.854507 0.837388 0.820356 0.803422 0.786596 0.769887 0.753301 0.736843 0.720516 0.704323 0.688265 0.672343 0.656557 0.640907 0.625392 
0.631912 0.647669 0.663576 0.679634 0.695845 0.712210 0.728730 0.745405 0.762234 0.779215 0.796346 0.813623 0.831040 0.848588 0.866259 0.884038 0.901909 0.919852 0.937840 0.955843 0.973820 0.991726 1.009504 1.027087 1.044395 1.061334 1.077795 1.093655 1.108773 1.122992 1.136143 1.148049 1.158527 1.167399 1.174498 1.179682 1.182839 1.183899 1.182839 1.179682 1.174498 1.167399 1.158527 1.148049 1.136143 1.122992 1.108773 1.093655 1.077795 1.061334 1.044395 1.027087 1.009504 0.991726 0.973820 0.955843 0.937840 0.919852 0.901909 0.884038 0.866259 0.848588 0.831040 0.813623 0.796346 0.779215 0.762234 0.745405 0.728730 0.712210 0.695845 0.679634 0.663576 0.647669 0.631912 
0.638103 0.654094 0.670250 0.686572 0.703065 0.719730 0.736570 0.753586 0.770780 0.788152 0.805701 0.823426 0.841323 0.859388 0.877614 0.895990 0.914503 0.933136 0.951867 0.970668 0.989502 1.008327 1.027087 1.045716 1.064133 1.082242 1.099926 1.117053 1.133465 1.148986 1.163421 1.176560 1.188182 1.198068 1.206011 1.211830 1.215381 1.216576 1.215381 1.211830 1.206011 1.198068 1.188182 1.176560 1.163421 1.148986 1.133465 1.117053 1.099926 1.082242 1.064133 1.045716 1.027087 1.008327 0.989502 0.970668 0.951867 0.933136 0.914503 0.895990 0.877614 0.859388 0.841323 0.823426 0.805701 0.788152 0.770780 0.753586 0.736570 0.719730 0.703065 0.686572 0.670250 0.654094 0.638103 
0.643948 0.660165 0.676560 0.693139 0.709904 0.726860 0.744011 0.761360 0.778911 0.796665 0.814625 0.832792 0.851166 0.869744 0.888523 0.907498 0.926658 0.945991 0.965480 0.985100 1.004821 1.024603 1.044395 1.064133 1.083739 1.103113 1.122136 1.140664 1.158527 1.175527 1.191438 1.206011 1.218980 1.230075 1.239032 1.245620 1.249652 1.251010 1.249652 1.245620 1.239032 1.230075 1.218980 1.206011 1.191438 1.175527 1.158527 1.140664 1.122136 1.103113 1.083739 1.064133 1.044395 1.024603 1.004821 0.985100 0.965480 0.945991 0.926658 0.907498 0.888523 0.869744 0.851166 0.832792 0.814625 0.796665 0.778911 0.761360 0.744011 0.726860 0.709904 0.693139 0.676560 0.660165 0.643948 
0.649432 0.665865 0.682491 0.699314 0.716342 0.733578 0.751029 0.768700 0.786596 0.804722 0.823084 0.841683 0.860524 0.879609 0.898937 0.918507 0.938314 0.958352 0.978607 0.999062 1.019692 1.040464 1.061334 1.082242 1.103113 1.123850 1.144333 1.164411 1.183899 1.202579 1.220191 1.236442 1.251010 1.263556 1.273747 1.281278 1.285904 1.287465 1.285904 1.281278 1.273747 1.263556 1.251010 1.236442 1.220191 1.202579 1.183899 1.164411 1.144333 1.123850 1.103113 1.082242 1.061334 1.040464 1.019692 0.999062 0.978607 0.958352 0.938314 0.918507 0.898937 0.879609 0.860524 0.841683 0.823084 0.804722 0.786596 0.768700 0.751029 0.733578 0.716342 0.699314 0.682491 0.665865 0.649432 
0.654541 0.671178 0.688022 0.705079 0.722356 0.739860 0.757598 0.775578 0.793806 0.812291 0.831040 0.850059 0.869355 0.888934 0.908800 0.928958 0.949406 0.970145 0.991169 1.012467 1.034023 1.055811 1.077795 1.099926 1.122136 1.144333 1.166399 1.188182 1.209487 1.230075 1.249652 1.267875 1.284353 1.298662 1.310371 1.319077 1.324448 1.326264 1.324448 1.319077 1.310371 1.298662 1.284353 1.267875 1.249652 1.230075 1.209487 1.188182 1.166399 1.144333 1.122136 1.099926 1.077795 1.055811 1.034023 1.012467 0.991169 0.970145 0.949406 0.928958 0.908800 0.888934 0.869355 0.850059 0.831040 0.812291 0.793806 0.775578 0.757598 0.739860 0.722356 0.705079 0.688022 0.671178 0.654541 
0.659260 0.676090 0.693139 0.710416 0.727928 0.745684 0.763694 0.781966 0.800511 0.819338 0.838457 0.857879 0.877614 0.897671 0.918060 0.938789 0.959866 0.981297 1.003082 1.025222 1.047709 1.070528 1.093655 1.117053 1.140664 1.164411 1.188182 1.211830 1.235156 1.257906 1.279754 1.300302 1.319077 1.335547 1.349150 1.359343 1.365667 1.367812 1.365667 1.359343 1.349150 1.335547 1.319077 1.300302 1.279754 1.257906 1.235156 1.211830 1.188182 1.164411 1.140664 1.117053 1.093655 1.070528 1.047709 1.025222 1.003082 0.981297 0.959866 0.938789 0.918060 0.897671 0.877614 0.857879 0.838457 0.819338 0.800511 0.781966 0.763694 0.745684 0.727928 0.710416 0.693139 0.676090 0.659260 
0.663576 0.680584 0.697824 0.715305 0.733036 0.751029 0.769293 0.787840 0.806682 0.825831 0.845301 0.865104 0.885255 0.905769 0.926658 0.947939 0.969624 0.991726 1.014258 1.037227 1.060638 1.084490 1.108773 1.133465 1.158527 1.183899 1.209487 1.235156 1.260716 1.285904 1.310371 1.333662 1.355215 1.374361 1.390360 1.402470 1.410039 1.412615 1.410039 1.402470 1.390360 1.374361 1.355215 1.333662 1.310371 1.285904 1.260716 1.235156 1.209487 1.183899 1.158527 1.133465 1.108773 1.084490 1.060638 1.037227 1.014258 0.991726 0.969624 0.947939 0.926658 0.905769 0.885255 0.865104 0.845301 0.825831 0.806682 0.787840 0.769293 0.751029 0.733036 0.715305 0.697824 0.680584 0.663576 
0.667475 0.684646 0.702061 0.719730 0.737664 0.755874 0.774373 0.793174 0.812291 0.831740 0.851535 0.871695 0.892237 0.913178 0.934540 0.956343 0.978607 1.001353 1.024603 1.048376 1.072690 1.097559 1.122992 1.148986 1.175527 1.202579 1.230075 1.257906 1.285904 1.313817 1.341286 1.367812 1.392734 1.415220 1.434295 1.448924 1.458158 1.461318 1.458158 1.448924 1.434295 1.415220 1.392734 1.367812 1.341286 1.313817 1.285904 1.257906 1.230075 1.202579 1.175527 1.148986 1.122992 1.097559 1.072690 1.048376 1.024603 1.001353 0.978607 0.956343 0.934540 0.913178 0.892237 0.871695 0.851535 0.831740 0.812291 0.793174 0.774373 0.755874 0.737664 0.719730 0.702061 0.684646 0.667475 
0.670946 0.688265 0.705837 0.723676 0.741792 0.760199 0.778911 0.797943 0.817311 0.837033 0.857127 0.877614 0.898514 0.919852 0.941652 0.963939 0.986744 1.010095 1.034023 1.058560 1.083739 1.109590 1.136143 1.163421 1.191438 1.220191 1.249652 1.279754 1.310371 1.341286 1.372158 1.402470 1.431475 1.458158 1.481234 1.499243 1.510765 1.514737 1.510765 1.499243 1.481234 1.458158 1.431475 1.402470 1.372158 1.341286 1.310371 1.279754 1.249652 1.220191 1.191438 1.163421 1.136143 1.109590 1.083739 1.058560 1.034023 1.010095 0.986744 0.963939 0.941652 0.919852 0.898514 0.877614 0.857127 0.837033 0.817311 0.797943 0.778911 0.760199 0.741792 0.723676 0.705837 0.688265 0.670946 
0.673978 0.691426 0.709139 0.727127 0.745405 0.763987 0.782888 0.802125 0.821717 0.841683 0.862044 0.882824 0.904048 0.925743 0.947939 0.970668 0.993966 1.017870 1.042423 1.067669 1.093655 1.120431 1.148049 1.176560 1.206011 1.236442 1.267875 1.300302 1.333662 1.367812 1.402470 1.437150 1.471064 1.503020 1.531356 1.553998 1.568758 1.573901 1.568758 1.553998 1.531356 1.503020 1.471064 1.437150 1.402470 1.367812 1.333662 1.300302 1.267875 1.236442 1.206011 1.176560 1.148049 1.120431 1.093655 1.067669 1.042423 1.017870 0.993966 0.970668 0.947939 0.925743 0.904048 0.882824 0.862044 0.841683 0.821717 0.802125 0.782888 0.763987 0.745405 0.727127 0.709139 0.691426 0.673978 
0.676560 0.694121 0.711953 0.730071 0.748488 0.767221 0.786286 0.805701 0.825487 0.845665 0.866259 0.887294 0.908800 0.930808 0.953352 0.976471 1.000205 1.024603 1.049714 1.075597 1.102313 1.129931 1.158527 1.188182 1.218980 1.251010 1.284353 1.319077 1.355215 1.392734 1.431475 1.471064 1.510765 1.549285 1.584556 1.613657 1.633145 1.640042 1.633145 1.613657 1.584556 1.549285 1.510765 1.471064 1.431475 1.392734 1.355215 1.319077 1.284353 1.251010 1.218980 1.188182 1.158527 1.129931 1.102313 1.075597 1.049714 1.024603 1.000205 0.976471 0.953352 0.930808 0.908800 0.887294 0.866259 0.845665 0.825487 0.805701 0.786286 0.767221 0.748488 0.730071 0.711953 0.694121 0.676560 
0.678686 0.696339 0.714270 0.732496 0.751029 0.769887 0.789088 0.808652 0.828600 0.848955 0.869744 0.890994 0.912738 0.935010 0.957848 0.981297 1.005403 1.030221 1.055811 1.082242 1.109590 1.137943 1.167399 1.198068 1.230075 1.263556 1.298662 1.335547 1.374361 1.415220 1.458158 1.503020 1.549285 1.595745 1.640042 1.678207 1.704777 1.714406 1.704777 1.678207 1.640042 1.595745 1.549285 1.503020 1.458158 1.415220 1.374361 1.335547 1.298662 1.263556 1.230075 1.198068 1.167399 1.137943 1.109590 1.082242 1.055811 1.030221 1.005403 0.981297 0.957848 0.935010 0.912738 0.890994 0.869744 0.848955 0.828600 0.808652 0.789088 0.769887 0.751029 0.732496 0.714270 0.696339 0.678686 
0.680346 0.698072 0.716082 0.734392 0.753017 0.771974 0.791283 0.810964 0.831040 0.851535 0.872479 0.893900 0.915832 0.938314 0.961388 0.985100 1.009504 1.034661 1.060638 1.087514 1.115378 1.144333 1.174498 1.206011 1.239032 1.273747 1.310371 1.349150 1.390360 1.434295 1.481234 1.531356 1.584556 1.640042 1.695555 1.746162 1.783404 1.797401 1.783404 1.746162 1.695555 1.640042 1.584556 1.531356 1.481234 1.434295 1.390360 1.349150 1.310371 1.273747 1.239032 1.206011 1.174498 1.144333 1.115378 1.087514 1.060638 1.034661 1.009504 0.985100 0.961388 0.938314 0.915832 0.893900 0.872479 0.851535 0.831040 0.810964 0.791283 0.771974 0.753017 0.734392 0.716082 0.698072 0.680346 
0.681536 0.699314 0.717381 0.735752 0.754442 0.773471 0.792858 0.812624 0.832792 0.853390 0.874445 0.895990 0.918060 0.940695 0.963939 0.987845 1.012467 1.037872 1.064133 1.091337 1.119583 1.148986 1.179682 1.211830 1.245620 1.281278 1.319077 1.359343 1.402470 1.448924 1.499243 1.553998 1.613657 1.678207 1.746162 1.812373 1.864813 1.885595 1.864813 1.812373 1.746162 1.678207 1.613657 1.553998 1.499243 1.448924 1.402470 1.359343 1.319077 1.281278 1.245620 1.211830 1.179682 1.148986 1.119583 1.091337 1.064133 1.037872 1.012467 0.987845 0.963939 0.940695 0.918060 0.895990 0.874445 0.853390 0.832792 0.812624 0.792858 0.773471 0.754442 0.735752 0.717381 0.699314 0.681536 
0.682252 0.700062 0.718163 0.736570 0.755301 0.774373 0.793806 0.813623 0.833848 0.854507 0.875630 0.897250 0.919403 0.942131 0.965480 0.989502 1.014258 1.039814 1.066250 1.093655 1.122136 1.151815 1.182839 1.215381 1.249652 1.285904 1.324448 1.365667 1.410039 1.458158 1.510765 1.568758 1.633145 1.704777 1.783404 1.864813 1.934416 1.963763 1.934416 1.864813 1.783404 1.704777 1.633145 1.568758 1.510765 1.458158 1.410039 1.365667 1.324448 1.285904 1.249652 1.215381 1.182839 1.151815 1.122136 1.093655 1.066250 1.039814 1.014258 0.989502 0.965480 0.942131 0.919403 0.897250 0.875630 0.854507 0.833848 0.813623 0.793806 0.774373 0.755301 0.736570 0.718163 0.700062 0.682252 
0.682491 0.700311 0.718423 0.736843 0.755587 0.774673 0.794123 0.813957 0.834200 0.854880 0.876026 0.897671 0.919852 0.942611 0.965995 0.990057 1.014857 1.040464 1.066959 1.094432 1.122992 1.152764 1.183899 1.216576 1.251010 1.287465 1.326264 1.367812 1.412615 1.461318 1.514737 1.573901 1.640042 1.714406 1.797401 1.885595 1.963763 1.997788 1.963763 1.885595 1.797401 1.714406 1.640042 1.573901 1.514737 1.461318 1.412615 1.367812 1.326264 1.287465 1.251010 1.216576 1.183899 1.152764 1.122992 1.094432 1.066959 1.040464 1.014857 0.990057 0.965995 0.942611 0.919852 0.897671 0.876026 0.854880 0.834200 0.813957 0.794123 0.774673 0.755587 0.736843 0.718423 0.700311 0.682491 
0.682491 0.700311 0.718423 0.736843 0.755587 0.774673 0.794123 0.813957 0.834200 0.854880 0.876026 0.897671 0.919852 0.942611 0.965995 0.990057 1.014857 1.040464 1.066959 1.094432 1.122992 1.152764 1.183899 1.216576 1.251010 1.287464 1.326264 1.367812 1.412615 1.461318 1.514737 1.573901 1.640041 1.714405 1.797399 1.885592 1.963760 1.997783 1.963760 1.885592 1.797399 1.714405 1.640041 1.573901 1.514737 1.461318 1.412615 1.367812 1.326264 1.287464 1.251010 1.216576 1.183899 1.152764 1.122992 1.094432 1.066959 1.040464 1.014857 0.990057 0.965995 0.942611 0.919852 0.897671 0.876026 0.854880 0.834200 0.813957 0.794123 0.774673 0.755587 0.736843 0.718423 0.700311 0.682491 
0.682491 0.700311 0.718423 0.736843 0.755587 0.774673 0.794123 0.813957 0.834200 0.854880 0.876025 0.897670 0.919852 0.942611 0.965995 0.990057 1.014857 1.040464 1.066958 1.094432 1.122991 1.152764 1.183899 1.216575 1.251009 1.287464 1.326263 1.367811 1.412614 1.461317 1.514736 1.573899 1.640039 1.714402 1.797394 1.885585 1.963749 1.997771 1.963749 1.885585 1.797394 1.714402 1.640039 1.573899 1.514736 1.461317 1.412614 1.367811 1.326263 1.287464 1.251009 1.216575 1.183899 1.152764 1.122991 1.094432 1.066958 1.040464 1.014857 0.990057 0.965995 0.942611 0.919852 0.897670 0.876025 0.854880 0.834200 0.813957 0.794123 0.774673 0.755587 0.736843 0.718423 0.700311 0.682491 
0.682491 0.700311 0.718423 0.736843 0.755587 0.774673 0.794123 0.813957 0.834200 0.854880 0.876026 0.897671 0.919852 0.942611 0.965995 0.990057 1.014857 1.040464 1.066959 1.094432 1.122992 1.152764 1.183899 1.216576 1.251010 1.287464 1.326264 1.367811 1.412615 1.461318 1.514737 1.573901 1.640041 1.714405 1.797398 1.885591 1.963758 1.997782 1.963758 1.885591 1.797398 1.714405 1.640041 1.573901 1.514737 1.461318 1.412615 1.367811 1.326264 1.287464 1.251010 1.216576 1.183899 1.152764 1.122992 1.094432 1.066959 1.040464 1.014857 0.990057 0.965995 0.942611 0.919852 0.897671 0.876026 0.854880 0.834200 0.813957 0.794123 0.774673 0.755587 0.736843 0.718423 0.700311 0.682491 
0.682490 0.700311 0.718423 0.736843 0.755586 0.774673 0.794122 0.813956 0.834200 0.854879 0.876025 0.897670 0.919851 0.942610 0.965994 0.990056 1.014856 1.040463 1.066957 1.094430 1.122990 1.152762 1.183897 1.216574 1.251007 1.287462 1.326261 1.367808 1.412611 1.461312 1.514730 1.573892 1.640029 1.714388 1.797374 1.885554 1.963705 1.997719 1.963705 1.885554 1.797374 1.714388 1.640029 1.573892 1.514730 1.461312 1.412611 1.367808 1.326261 1.287462 1.251007 1.216574 1.183897 1.152762 1.122990 1.094430 1.066957 1.040463 1.014856 0.990056 0.965994 0.942610 0.919851 0.897670 0.876025 0.854879 0.834200 0.813956 0.794122 0.774673 0.755586 0.736843 0.718423 0.700311 0.682490 
0.682231 0.700040 0.718140 0.736546 0.755275 0.774346 0.793778 0.813594 0.833817 0.854474 0.875595 0.897213 0.919364 0.942089 0.965435 0.989454 1.014205 1.039757 1.066188 1.093587 1.122061 1.151732 1.182746 1.215277 1.249533 1.285767 1.324289 1.365480 1.409814 1.457882 1.510419 1.568312 1.632549 1.703951 1.782217 1.863080 1.932022 1.961019 1.932022 1.863080 1.782217 1.703951 1.632549 1.568312 1.510419 1.457882 1.409814 1.365480 1.324289 1.285767 1.249533 1.215277 1.182746 1.151732 1.122061 1.093587 1.066188 1.039757 1.014205 0.989454 0.965435 0.942089 0.919364 0.897213 0.875595 0.854474 0.833817 0.813594 0.793778 0.774346 0.755275 0.736546 0.718140 0.700040 0.682231 
0.681495 0.699271 0.717336 0.735704 0.754393 0.773419 0.792803 0.812566 0.832731 0.853325 0.874376 0.895917 0.917982 0.940612 0.963850 0.987749 1.012363 1.037760 1.064011 1.091204 1.119436 1.148823 1.179500 1.211625 1.245388 1.281013 1.318769 1.358982 1.402039 1.448400 1.498593 1.553172 1.612579 1.676763 1.744190 1.809695 1.861398 1.881835 1.861398 1.809695 1.744190 1.676763 1.612579 1.553172 1.498593 1.448400 1.402039 1.358982 1.318769 1.281013 1.245388 1.211625 1.179500 1.148823 1.119436 1.091204 1.064011 1.037760 1.012363 0.987749 0.963850 0.940612 0.917982 0.895917 0.874376 0.853325 0.832731 0.812566 0.792803 0.773419 0.754393 0.735704 0.717336 0.699271 0.681495 
0.680284 0.698007 0.716015 0.734321 0.752943 0.771896 0.791201 0.810878 0.830949 0.851439 0.872377 0.893791 0.915717 0.938191 0.961256 0.984958 1.009351 1.034495 1.060457 1.087316 1.115161 1.144093 1.174231 1.205712 1.238694 1.273362 1.309926 1.348631 1.389747 1.433559 1.480336 1.530239 1.583144 1.638230 1.693223 1.743221 1.779912 1.793676 1.779912 1.743221 1.693223 1.638230 1.583144 1.530239 1.480336 1.433559 1.389747 1.348631 1.309926 1.273362 1.238694 1.205712 1.174231 1.144093 1.115161 1.087316 1.060457 1.034495 1.009351 0.984958 0.961256 0.938191 0.915717 0.893791 0.872377 0.851439 0.830949 0.810878 0.791201 0.771896 0.752943 0.734321 0.716015 0.698007 0.680284 
0.678604 0.696253 0.714181 0.732402 0.750931 0.769784 0.788980 0.808538 0.828480 0.848828 0.869609 0.890852 0.912586 0.934848 0.957675 0.981110 1.005201 1.030003 1.055574 1.081984 1.109307 1.137631 1.167053 1.197682 1.229640 1.263063 1.298097 1.334894 1.373597 1.414316 1.457075 1.501707 1.547678 1.593770 1.637633 1.675343 1.701544 1.711029 1.701544 1.675343 1.637633 1.593770 1.547678 1.501707 1.457075 1.414316 1.373597 1.334894 1.298097 1.263063 1.229640 1.197682 1.167053 1.137631 1.109307 1.081984 1.055574 1.030003 1.005201 0.981110 0.957675 0.934848 0.912586 0.890852 0.869609 0.848828 0.828480 0.808538 0.788980 0.769784 0.750931 0.732402 0.714181 0.696253 0.678604 
0.676459 0.694015 0.711842 0.729955 0.748367 0.767093 0.786152 0.805560 0.825338 0.845508 0.866092 0.887118 0.908613 0.930608 0.953138 0.976241 0.999958 1.024336 1.049425 1.075282 1.101968 1.129553 1.158109 1.187717 1.218460 1.250423 1.283686 1.318313 1.354333 1.391706 1.430268 1.469636 1.509071 1.547280 1.582213 1.610989 1.630232 1.637038 1.630232 1.610989 1.582213 1.547280 1.509071 1.469636 1.430268 1.391706 1.354333 1.318313 1.283686 1.250423 1.218460 1.187717 1.158109 1.129553 1.101968 1.075282 1.049425 1.024336 0.999958 0.976241 0.953138 0.930608 0.908613 0.887118 0.866092 0.845508 0.825338 0.805560 0.786152 0.767093 0.748367 0.729955 0.711842 0.694015 0.676459 
0.673857 0.691300 0.709007 0.726989 0.745260 0.763835 0.782729 0.801958 0.821541 0.841497 0.861847 0.882615 0.903826 0.925506 0.947686 0.970397 0.993675 1.017557 1.042084 1.067301 1.093254 1.119992 1.147566 1.176025 1.205416 1.235776 1.267125 1.299451 1.332693 1.366699 1.401187 1.435668 1.469353 1.501057 1.529136 1.551546 1.566141 1.571224 1.566141 1.551546 1.529136 1.501057 1.469353 1.435668 1.401187 1.366699 1.332693 1.299451 1.267125 1.235776 1.205416 1.176025 1.147566 1.119992 1.093254 1.067301 1.042084 1.017557 0.993675 0.970397 0.947686 0.925506 0.903826 0.882615 0.861847 0.841497 0.821541 0.801958 0.782729 0.763835 0.745260 0.726989 0.709007 0.691300 0.673857 
0.670806 0.688118 0.705685 0.723516 0.741625 0.760024 0.778727 0.797750 0.817108 0.836818 0.856900 0.877374 0.898259 0.919581 0.941362 0.963630 0.986413 1.009738 1.033638 1.058143 1.083286 1.109096 1.135602 1.162826 1.190780 1.219460 1.248836 1.278839 1.309339 1.340120 1.370838 1.400975 1.429789 1.456270 1.479152 1.496993 1.508400 1.512331 1.508400 1.496993 1.479152 1.456270 1.429789 1.400975 1.370838 1.340120 1.309339 1.278839 1.248836 1.219460 1.190780 1.162826 1.135602 1.109096 1.083286 1.058143 1.033638 1.009738 0.986413 0.963630 0.941362 0.919581 0.898259 0.877374 0.856900 0.836818 0.817108 0.797750 0.778727 0.760024 0.741625 0.723516 0.705685 0.688118 0.670806 
0.667316 0.684481 0.701889 0.719550 0.737475 0.755676 0.774165 0.792956 0.812062 0.831498 0.851280 0.871425 0.891951 0.912875 0.934217 0.955998 0.978237 1.000957 1.024176 1.047916 1.072192 1.097018 1.122401 1.148340 1.174817 1.201796 1.229208 1.256944 1.284833 1.312624 1.339955 1.366331 1.391094 1.413421 1.432347 1.446852 1.456003 1.459134 1.456003 1.446852 1.432347 1.413421 1.391094 1.366331 1.339955 1.312624 1.284833 1.256944 1.229208 1.201796 1.174817 1.148340 1.122401 1.097018 1.072192 1.047916 1.024176 1.000957 0.978237 0.955998 0.934217 0.912875 0.891951 0.871425 0.851280 0.831498 0.812062 0.792956 0.774165 0.755676 0.737475 0.719550 0.701889 0.684481 0.667316 
0.663399 0.680399 0.697631 0.715104 0.732827 0.750809 0.769063 0.787599 0.806428 0.825564 0.845019 0.864807 0.884940 0.905434 0.926303 0.947560 0.969220 0.991294 1.013794 1.036728 1.060099 1.083907 1.108140 1.132776 1.157776 1.183076 1.208584 1.234164 1.259623 1.284700 1.309046 1.332211 1.353633 1.372651 1.388535 1.400551 1.408059 1.410614 1.408059 1.400551 1.388535 1.372651 1.353633 1.332211 1.309046 1.284700 1.259623 1.234164 1.208584 1.183076 1.157776 1.132776 1.108140 1.083907 1.060099 1.036728 1.013794 0.991294 0.969220 0.947560 0.926303 0.905434 0.884940 0.864807 0.845019 0.825564 0.806428 0.787599 0.769063 0.750809 0.732827 0.715104 0.697631 0.680399 0.663399 
0.659065 0.675887 0.692928 0.710195 0.727698 0.745444 0.763442 0.781702 0.800234 0.819046 0.838150 0.857555 0.877271 0.897308 0.917675 0.938380 0.959431 0.980831 1.002585 1.024688 1.047135 1.069910 1.092988 1.116330 1.139880 1.163558 1.187254 1.210818 1.234054 1.256705 1.278449 1.298888 1.317555 1.333923 1.347435 1.357556 1.363834 1.365963 1.363834 1.357556 1.347435 1.333923 1.317555 1.298888 1.278449 1.256705 1.234054 1.210818 1.187254 1.163558 1.139880 1.116330 1.092988 1.069910 1.047135 1.024688 1.002585 0.980831 0.959431 0.938380 0.917675 0.897308 0.877271 0.857555 0.838150 0.819046 0.800234 0.781702 0.763442 0.745444 0.727698 0.710195 0.692928 0.675887 0.659065 
0.654329 0.670958 0.687793 0.704840 0.722107 0.739599 0.757325 0.775292 0.793506 0.811976 0.830708 0.849710 0.868987 0.888545 0.908389 0.928521 0.948942 0.969651 0.990642 1.011903 1.033419 1.055163 1.077099 1.099177 1.121327 1.143460 1.165455 1.187161 1.208385 1.228885 1.248372 1.266503 1.282892 1.297117 1.308754 1.317404 1.322739 1.324543 1.322739 1.317404 1.308754 1.297117 1.282892 1.266503 1.248372 1.228885 1.208385 1.187161 1.165455 1.143460 1.121327 1.099177 1.077099 1.055163 1.033419 1.011903 0.990642 0.969651 0.948942 0.928521 0.908389 0.888545 0.868987 0.849710 0.830708 0.811976 0.793506 0.775292 0.757325 0.739599 0.722107 0.704840 0.687793 0.670958 0.654329 
0.649204 0.665628 0.682244 0.699057 0.716073 0.733298 0.750736 0.768394 0.786275 0.804386 0.822730 0.841311 0.860132 0.879195 0.898500 0.918045 0.937824 0.957832 0.978054 0.998472 1.019063 1.039792 1.060615 1.081471 1.102286 1.122963 1.143380 1.163388 1.182803 1.201406 1.218940 1.235113 1.249607 1.262085 1.272217 1.279703 1.284301 1.285852 1.284301 1.279703 1.272217 1.262085 1.249607 1.235113 1.218940 1.201406 1.182803 1.163388 1.143380 1.122963 1.102286 1.081471 1.060615 1.039792 1.019063 0.998472 0.978054 0.957832 0.937824 0.918045 0.898500 0.879195 0.860132 0.841311 0.822730 0.804386 0.786275 0.768394 0.750736 0.733298 0.716073 0.699057 0.682244 0.665628 0.649204 
0.643704 0.659911 0.676297 0.692865 0.709618 0.726562 0.743700 0.761035 0.778570 0.796308 0.814251 0.832399 0.850752 0.869309 0.888064 0.907013 0.926146 0.945449 0.964904 0.984489 1.004171 1.023911 1.043658 1.063347 1.082900 1.102217 1.121181 1.139646 1.157443 1.174375 1.190219 1.204725 1.217632 1.228670 1.237579 1.244130 1.248140 1.249490 1.248140 1.244130 1.237579 1.228670 1.217632 1.204725 1.190219 1.174375 1.157443 1.139646 1.121181 1.102217 1.082900 1.063347 1.043658 1.023911 1.004171 0.984489 0.964904 0.945449 0.926146 0.907013 0.888064 0.869309 0.850752 0.832399 0.814251 0.796308 0.778570 0.761035 0.743700 0.726562 0.709618 0.692865 0.676297 0.659911 0.643704 
0.637844 0.653825 0.669970 0.686281 0.702762 0.719415 0.736241 0.753243 0.770421 0.787776 0.805308 0.823013 0.840890 0.858933 0.877134 0.895485 0.913970 0.932573 0.951272 0.970038 0.988835 1.007620 1.026336 1.044919 1.063287 1.081343 1.098973 1.116042 1.132395 1.147857 1.162234 1.175315 1.186884 1.196723 1.204627 1.210415 1.213949 1.215137 1.213949 1.210415 1.204627 1.196723 1.186884 1.175315 1.162234 1.147857 1.132395 1.116042 1.098973 1.081343 1.063287 1.044919 1.026336 1.007620 0.988835 0.970038 0.951272 0.932573 0.913970 0.895485 0.877134 0.858933 0.840890 0.823013 0.805308 0.787776 0.770421 0.753243 0.736241 0.719415 0.702762 0.686281 0.669970 0.653825 0.637844 
0.631639 0.647385 0.663281 0.679327 0.695526 0.711878 0.728384 0.745044 0.761858 0.778822 0.795935 0.813193 0.830588 0.848115 0.865761 0.883515 0.901359 0.919272 0.937229 0.955198 0.973139 0.991007 1.008744 1.026283 1.043545 1.060435 1.076847 1.092655 1.107720 1.121887 1.134987 1.146844 1.157277 1.166109 1.173175 1.178334 1.181475 1.182531 1.181475 1.178334 1.173175 1.166109 1.157277 1.146844 1.134987 1.121887 1.107720 1.092655 1.076847 1.060435 1.043545 1.026283 1.008744 0.991007 0.973139 0.955198 0.937229 0.919272 0.901359 0.883515 0.865761 0.848115 0.830588 0.813193 0.795935 0.778822 0.761858 0.745044 0.728384 0.711878 0.695526 0.679327 0.663281 0.647385 0.631639 
0.625105 0.640609 0.656248 0.672022 0.687931 0.703976 0.720155 0.736467 0.752909 0.769478 0.786169 0.802975 0.819888 0.836899 0.853993 0.871157 0.888369 0.905606 0.922840 0.940037 0.957156 0.974149 0.990959 1.007519 1.023752 1.039569 1.054870 1.069541 1.083456 1.096479 1.108465 1.119264 1.128725 1.136702 1.143064 1.147697 1.150513 1.151458 1.150513 1.147697 1.143064 1.136702 1.128725 1.119264 1.108465 1.096479 1.083456 1.069541 1.054870 1.039569 1.023752 1.007519 0.990959 0.974149 0.957156 0.940037 0.922840 0.905606 0.888369 0.871157 0.853993 0.836899 0.819888 0.802975 0.786169 0.769478 0.752909 0.736467 0.720155 0.703976 0.687931 0.672022 0.656248 0.640609 0.625105 
0.618257 0.633513 0.648888 0.664384 0.679998 0.695730 0.711578 0.727537 0.743604 0.759775 0.776041 0.792396 0.808829 0.825327 0.841876 0.858458 0.875051 0.891630 0.908164 0.924619 0.940951 0.957113 0.973049 0.988693 1.003972 1.018802 1.033091 1.046735 1.059622 1.071633 1.082643 1.092522 1.101146 1.108395 1.114158 1.118346 1.120888 1.121740 1.120888 1.118346 1.114158 1.108395 1.101146 1.092522 1.082643 1.071633 1.059622 1.046735 1.033091 1.018802 1.003972 0.988693 0.973049 0.957113 0.940951 0.924619 0.908164 0.891630 0.875051 0.858458 0.841876 0.825327 0.808829 0.792396 0.776041 0.759775 0.743604 0.727537 0.711578 0.695730 0.679998 0.664384 0.648888 0.633513 0.618257 
0.611112 0.626113 0.641221 0.656433 0.671749 0.687164 0.702676 0.718280 0.733971 0.749743 0.765586 0.781491 0.797447 0.813440 0.829452 0.845465 0.861455 0.877395 0.893255 0.908997 0.924580 0.939955 0.955069 0.969859 0.984254 0.998179 1.011546 1.024263 1.036230 1.047343 1.057492 1.066569 1.074468 1.081087 1.086339 1.090147 1.092456 1.093229 1.092456 1.090147 1.086339 1.081087 1.074468 1.066569 1.057492 1.047343 1.036230 1.024263 1.011546 0.998179 0.984254 0.969859 0.955069 0.939955 0.924580 0.908997 0.893255 0.877395 0.861455 0.845465 0.829452 0.813440 0.797447 0.781491 0.765586 0.749743 0.733971 0.718280 0.702676 0.687164 0.671749 0.656433 0.641221 0.626113 0.611112 
0.603684 0.618427 0.633263 0.648189 0.663202 0.678299 0.693474 0.708722 0.724037 0.739410 0.754833 0.770293 0.785779 0.801274 0.816760 0.832218 0.847623 0.862946 0.878157 0.893219 0.908090 0.922723 0.937067 0.951060 0.964639 0.977732 0.990259 1.002139 1.013280 1.023593 1.032982 1.041354 1.048619 1.054694 1.059503 1.062986 1.065094 1.065800 1.065094 1.062986 1.059503 1.054694 1.048619 1.041354 1.032982 1.023593 1.013280 1.002139 0.990259 0.977732 0.964639 0.951060 0.937067 0.922723 0.908090 0.893219 0.878157 0.862946 0.847623 0.832218 0.816760 0.801274 0.785779 0.770293 0.754833 0.739410 0.724037 0.708722 0.693474 0.678299 0.663202 0.648189 0.633263 0.618427 0.603684 
