71 71
9.695656e+00 0 5
0.317940 0.329100 0.340184 0.351182 0.362085 0.372882 0.383563 0.394115 0.404526 0.414784 0.424874 0.434782 0.444492 0.453988 0.463255 0.472273 0.481025 0.489493 0.497658 0.505499 0.512997 0.520132 0.526885 0.533235 0.539162 0.544649 0.549675 0.554225 0.558281 0.561829 0.564855 0.567348 0.569297 0.570695 0.571537 0.571817 0.571537 0.570695 0.569297 0.567348 0.564855 0.561829 0.558281 0.554225 0.549675 0.544649 0.539162 0.533235 0.526885 0.520132 0.512997 0.505499 0.497658 0.489493 0.481025 0.472273 0.463255 0.453988 0.444492 0.434782 0.424874 0.414784 0.404526 0.394115 0.383563 0.372882 0.362085 0.351182 0.340184 0.329100 0.317940 
0.328773 0.340184 0.351525 0.362786 0.373957 0.385030 0.395991 0.406829 0.417532 0.428086 0.438476 0.448688 0.458705 0.468511 0.478088 0.487418 0.496482 0.505259 0.513730 0.521873 0.529667 0.537091 0.544123 0.550741 0.556925 0.562652 0.567904 0.572661 0.576904 0.580618 0.583788 0.586400 0.588443 0.589908 0.590790 0.591085 0.590790 0.589908 0.588443 0.586400 0.583788 0.580618 0.576904 0.572661 0.567904 0.562652 0.556925 0.550741 0.544123 0.537091 0.529667 0.521873 0.513730 0.505259 0.496482 0.487418 0.478088 0.468511 0.458705 0.448688 0.438476 0.428086 0.417532 0.406829 0.395991 0.385030 0.373957 0.362786 0.351525 0.340184 0.328773 
0.339515 0.351182 0.362786 0.374316 0.385765 0.397120 0.408371 0.419505 0.430509 0.441370 0.452073 0.462602 0.472940 0.483070 0.492974 0.502631 0.512022 0.521126 0.529921 0.538384 0.546493 0.554225 0.561555 0.568461 0.574919 0.580906 0.586400 0.591380 0.595825 0.599719 0.603043 0.605784 0.607929 0.609468 0.610394 0.610704 0.610394 0.609468 0.607929 0.605784 0.603043 0.599719 0.595825 0.591380 0.586400 0.580906 0.574919 0.568461 0.561555 0.554225 0.546493 0.538384 0.529921 0.521126 0.512022 0.502631 0.492974 0.483070 0.472940 0.462602 0.452073 0.441370 0.430509 0.419505 0.408371 0.397120 0.385765 0.374316 0.362786 0.351182 0.339515 
0.350156 0.362085 0.373957 0.385765 0.397497 0.409143 0.420692 0.432132 0.443449 0.454629 0.465656 0.476515 0.487188 0.497658 0.507903 0.517905 0.527642 0.537091 0.546229 0.555033 0.563477 0.571537 0.579186 0.586400 0.593152 0.599418 0.605173 0.610394 0.615059 0.619147 0.622640 0.625521 0.627776 0.629395 0.630370 0.630695 0.630370 0.629395 0.627776 0.625521 0.622640 0.619147 0.615059 0.610394 0.605173 0.599418 0.593152 0.586400 0.579186 0.571537 0.563477 0.555033 0.546229 0.537091 0.527642 0.517905 0.507903 0.497658 0.487188 0.476515 0.465656 0.454629 0.443449 0.432132 0.420692 0.409143 0.397497 0.385765 0.373957 0.362085 0.350156 
0.360687 0.372882 0.385030 0.397120 0.409143 0.421089 0.432946 0.444701 0.456341 0.467851 0.479216 0.490419 0.501442 0.512266 0.522871 0.533235 0.543336 0.553150 0.562652 0.571817 0.580618 0.589028 0.597019 0.604564 0.611633 0.618200 0.624238 0.629720 0.634622 0.638921 0.642597 0.645630 0.648006 0.649713 0.650740 0.651083 0.650740 0.649713 0.648006 0.645630 0.642597 0.638921 0.634622 0.629720 0.624238 0.618200 0.611633 0.604564 0.597019 0.589028 0.580618 0.571817 0.562652 0.553150 0.543336 0.533235 0.522871 0.512266 0.501442 0.490419 0.479216 0.467851 0.456341 0.444701 0.432946 0.421089 0.409143 0.397120 0.385030 0.372882 0.360687 
0.371095 0.383563 0.395991 0.408371 0.420692 0.432946 0.445119 0.457199 0.469173 0.481025 0.492741 0.504302 0.515690 0.526885 0.537867 0.548612 0.559097 0.569297 0.579186 0.588735 0.597917 0.606702 0.615059 0.622959 0.630370 0.637262 0.643605 0.649371 0.654531 0.659061 0.662936 0.666136 0.668644 0.670446 0.671531 0.671894 0.671531 0.670446 0.668644 0.666136 0.662936 0.659061 0.654531 0.649371 0.643605 0.637262 0.630370 0.622959 0.615059 0.606702 0.597917 0.588735 0.579186 0.569297 0.559097 0.548612 0.537867 0.526885 0.515690 0.504302 0.492741 0.481025 0.469173 0.457199 0.445119 0.432946 0.420692 0.408371 0.395991 0.383563 0.371095 
0.381371 0.394115 0.406829 0.419505 0.432132 0.444701 0.457199 0.469614 0.481933 0.494140 0.506219 0.518152 0.529921 0.541505 0.552882 0.564028 0.574919 0.585527 0.595825 0.605784 0.615372 0.624558 0.633309 0.641591 0.649371 0.656615 0.663290 0.669364 0.674806 0.679587 0.683681 0.687064 0.689717 0.691623 0.692772 0.693156 0.692772 0.691623 0.689717 0.687064 0.683681 0.679587 0.674806 0.669364 0.663290 0.656615 0.649371 0.641591 0.633309 0.624558 0.615372 0.605784 0.595825 0.585527 0.574919 0.564028 0.552882 0.541505 0.529921 0.518152 0.506219 0.494140 0.481933 0.469614 0.457199 0.444701 0.432132 0.419505 0.406829 0.394115 0.381371 
0.391501 0.404526 0.417532 0.430509 0.443449 0.456341 0.469173 0.481933 0.494607 0.507181 0.519636 0.531957 0.544123 0.556113 0.567904 0.579472 0.590790 0.601831 0.612564 0.622959 0.632981 0.642597 0.651770 0.660465 0.668644 0.676270 0.683307 0.689717 0.695466 0.700523 0.704857 0.708441 0.711253 0.713275 0.714494 0.714901 0.714494 0.713275 0.711253 0.708441 0.704857 0.700523 0.695466 0.689717 0.683307 0.676270 0.668644 0.660465 0.651770 0.642597 0.632981 0.622959 0.612564 0.601831 0.590790 0.579472 0.567904 0.556113 0.544123 0.531957 0.519636 0.507181 0.494607 0.481933 0.469173 0.456341 0.443449 0.430509 0.417532 0.404526 0.391501 
0.401474 0.414784 0.428086 0.441370 0.454629 0.467851 0.481025 0.494140 0.507181 0.520132 0.532979 0.545702 0.558281 0.570695 0.582921 0.594932 0.606702 0.618200 0.629395 0.640254 0.650740 0.660817 0.670446 0.679587 0.688199 0.696240 0.703670 0.710448 0.716535 0.721894 0.726492 0.730298 0.733287 0.735437 0.736733 0.737166 0.736733 0.735437 0.733287 0.730298 0.726492 0.721894 0.716535 0.710448 0.703670 0.696240 0.688199 0.679587 0.670446 0.660817 0.650740 0.640254 0.629395 0.618200 0.606702 0.594932 0.582921 0.570695 0.558281 0.545702 0.532979 0.520132 0.507181 0.494140 0.481025 0.467851 0.454629 0.441370 0.428086 0.414784 0.401474 
0.411275 0.424874 0.438476 0.452073 0.465656 0.479216 0.492741 0.506219 0.519636 0.532979 0.546229 0.559370 0.572379 0.585237 0.597917 0.610394 0.622640 0.634622 0.646308 0.657661 0.668644 0.679217 0.689337 0.698960 0.708041 0.716535 0.724395 0.731576 0.738034 0.743728 0.748618 0.752670 0.755854 0.758146 0.759529 0.759991 0.759529 0.758146 0.755854 0.752670 0.748618 0.743728 0.738034 0.731576 0.724395 0.716535 0.708041 0.698960 0.689337 0.679217 0.668644 0.657661 0.646308 0.634622 0.622640 0.610394 0.597917 0.585237 0.572379 0.559370 0.546229 0.532979 0.519636 0.506219 0.492741 0.479216 0.465656 0.452073 0.438476 0.424874 0.411275 
0.420891 0.434782 0.448688 0.462602 0.476515 0.490419 0.504302 0.518152 0.531957 0.545702 0.559370 0.572942 0.586400 0.599719 0.612875 0.625842 0.638589 0.651083 0.663290 0.675172 0.686686 0.697792 0.708441 0.718587 0.728179 0.737166 0.745498 0.753123 0.759991 0.766054 0.771269 0.775594 0.778996 0.781447 0.782926 0.783421 0.782926 0.781447 0.778996 0.775594 0.771269 0.766054 0.759991 0.753123 0.745498 0.737166 0.728179 0.718587 0.708441 0.697792 0.686686 0.675172 0.663290 0.651083 0.638589 0.625842 0.612875 0.599719 0.586400 0.572942 0.559370 0.545702 0.531957 0.518152 0.504302 0.490419 0.476515 0.462602 0.448688 0.434782 0.420891 
0.430307 0.444492 0.458705 0.472940 0.487188 0.501442 0.515690 0.529921 0.544123 0.558281 0.572379 0.586400 0.600321 0.614122 0.627776 0.641256 0.654531 0.667567 0.680328 0.692772 0.704857 0.716535 0.727756 0.738469 0.748618 0.758146 0.766997 0.775111 0.782433 0.788907 0.794483 0.799113 0.802760 0.805388 0.806976 0.807506 0.806976 0.805388 0.802760 0.799113 0.794483 0.788907 0.782433 0.775111 0.766997 0.758146 0.748618 0.738469 0.727756 0.716535 0.704857 0.692772 0.680328 0.667567 0.654531 0.641256 0.627776 0.614122 0.600321 0.586400 0.572379 0.558281 0.544123 0.529921 0.515690 0.501442 0.487188 0.472940 0.458705 0.444492 0.430307 
0.439508 0.453988 0.468511 0.483070 0.497658 0.512266 0.526885 0.541505 0.556113 0.570695 0.585237 0.599719 0.614122 0.628423 0.642597 0.656615 0.670446 0.684055 0.697403 0.710448 0.723142 0.735437 0.747278 0.758607 0.769364 0.779485 0.788907 0.797563 0.805388 0.812321 0.818301 0.823275 0.827196 0.830025 0.831734 0.832306 0.831734 0.830025 0.827196 0.823275 0.818301 0.812321 0.805388 0.797563 0.788907 0.779485 0.769364 0.758607 0.747278 0.735437 0.723142 0.710448 0.697403 0.684055 0.670446 0.656615 0.642597 0.628423 0.614122 0.599719 0.585237 0.570695 0.556113 0.541505 0.526885 0.512266 0.497658 0.483070 0.468511 0.453988 0.439508 
0.448477 0.463255 0.478088 0.492974 0.507903 0.522871 0.537867 0.552882 0.567904 0.582921 0.597917 0.612875 0.627776 0.642597 0.657312 0.671894 0.686309 0.700523 0.714494 0.728179 0.741527 0.754486 0.766997 0.778996 0.790418 0.801192 0.811245 0.820502 0.828890 0.836336 0.842771 0.848132 0.852363 0.855420 0.857268 0.857886 0.857268 0.855420 0.852363 0.848132 0.842771 0.836336 0.828890 0.820502 0.811245 0.801192 0.790418 0.778996 0.766997 0.754486 0.741527 0.728179 0.714494 0.700523 0.686309 0.671894 0.657312 0.642597 0.627776 0.612875 0.597917 0.582921 0.567904 0.552882 0.537867 0.522871 0.507903 0.492974 0.478088 0.463255 0.448477 
0.457199 0.472273 0.487418 0.502631 0.517905 0.533235 0.548612 0.564028 0.579472 0.594932 0.610394 0.625842 0.641256 0.656615 0.671894 0.687064 0.702093 0.716944 0.731576 0.745942 0.759991 0.773665 0.786902 0.799632 0.811783 0.823275 0.834027 0.843955 0.852972 0.860996 0.867944 0.873744 0.878329 0.881645 0.883651 0.884323 0.883651 0.881645 0.878329 0.873744 0.867944 0.860996 0.852972 0.843955 0.834027 0.823275 0.811783 0.799632 0.786902 0.773665 0.759991 0.745942 0.731576 0.716944 0.702093 0.687064 0.671894 0.656615 0.641256 0.625842 0.610394 0.594932 0.579472 0.564028 0.548612 0.533235 0.517905 0.502631 0.487418 0.472273 0.457199 
0.465656 0.481025 0.496482 0.512022 0.527642 0.543336 0.559097 0.574919 0.590790 0.606702 0.622640 0.638589 0.654531 0.670446 0.686309 0.702093 0.717764 0.733287 0.748618 0.763710 0.778508 0.792953 0.806976 0.820502 0.833452 0.845738 0.857268 0.867944 0.877670 0.886346 0.893878 0.900179 0.905168 0.908782 0.910971 0.911703 0.910971 0.908782 0.905168 0.900179 0.893878 0.886346 0.877670 0.867944 0.857268 0.845738 0.833452 0.820502 0.806976 0.792953 0.778508 0.763710 0.748618 0.733287 0.717764 0.702093 0.686309 0.670446 0.654531 0.638589 0.622640 0.606702 0.590790 0.574919 0.559097 0.543336 0.527642 0.512022 0.496482 0.481025 0.465656 
0.473831 0.489493 0.505259 0.521126 0.537091 0.553150 0.569297 0.585527 0.601831 0.618200 0.634622 0.651083 0.667567 0.684055 0.700523 0.716944 0.733287 0.749514 0.765584 0.781447 0.797047 0.812321 0.827196 0.841592 0.855420 0.868583 0.880979 0.892495 0.903020 0.912438 0.920638 0.927513 0.932969 0.936927 0.939327 0.940131 0.939327 0.936927 0.932969 0.927513 0.920638 0.912438 0.903020 0.892495 0.880979 0.868583 0.855420 0.841592 0.827196 0.812321 0.797047 0.781447 0.765584 0.749514 0.733287 0.716944 0.700523 0.684055 0.667567 0.651083 0.634622 0.618200 0.601831 0.585527 0.569297 0.553150 0.537091 0.521126 0.505259 0.489493 0.473831 
0.481706 0.497658 0.513730 0.529921 0.546229 0.562652 0.579186 0.595825 0.612564 0.629395 0.646308 0.663290 0.680328 0.697403 0.714494 0.731576 0.748618 0.765584 0.782433 0.799113 0.815569 0.831734 0.847532 0.862876 0.877670 0.891806 0.905168 0.917631 0.929062 0.939327 0.948293 0.955833 0.961831 0.966191 0.968838 0.969725 0.968838 0.966191 0.961831 0.955833 0.948293 0.939327 0.929062 0.917631 0.905168 0.891806 0.877670 0.862876 0.847532 0.831734 0.815569 0.799113 0.782433 0.765584 0.748618 0.731576 0.714494 0.697403 0.680328 0.663290 0.646308 0.629395 0.612564 0.595825 0.579186 0.562652 0.546229 0.529921 0.513730 0.497658 0.481706 
0.489262 0.505499 0.521873 0.538384 0.555033 0.571817 0.588735 0.605784 0.622959 0.640254 0.657661 0.675172 0.692772 0.710448 0.728179 0.745942 0.763710 0.781447 0.799113 0.816659 0.834027 0.851149 0.867944 0.884323 0.900179 0.915395 0.929839 0.943369 0.955833 0.967071 0.976923 0.985237 0.991871 0.996703 0.999641 1.000627 0.999641 0.996703 0.991871 0.985237 0.976923 0.967071 0.955833 0.943369 0.929839 0.915395 0.900179 0.884323 0.867944 0.851149 0.834027 0.816659 0.799113 0.781447 0.763710 0.745942 0.728179 0.710448 0.692772 0.675172 0.657661 0.640254 0.622959 0.605784 0.588735 0.571817 0.555033 0.538384 0.521873 0.505499 0.489262 
0.496482 0.512997 0.529667 0.546493 0.563477 0.580618 0.597917 0.615372 0.632981 0.650740 0.668644 0.686686 0.704857 0.723142 0.741527 0.759991 0.778508 0.797047 0.815569 0.834027 0.852363 0.870509 0.888382 0.905888 0.922912 0.939327 0.954986 0.969725 0.983369 0.995730 1.006616 1.015838 1.023222 1.028615 1.031901 1.033005 1.031901 1.028615 1.023222 1.015838 1.006616 0.995730 0.983369 0.969725 0.954986 0.939327 0.922912 0.905888 0.888382 0.870509 0.852363 0.834027 0.815569 0.797047 0.778508 0.759991 0.741527 0.723142 0.704857 0.686686 0.668644 0.650740 0.632981 0.615372 0.597917 0.580618 0.563477 0.546493 0.529667 0.512997 0.496482 
0.503346 0.520132 0.537091 0.554225 0.571537 0.589028 0.606702 0.624558 0.642597 0.660817 0.679217 0.697792 0.716535 0.735437 0.754486 0.773665 0.792953 0.812321 0.831734 0.851149 0.870509 0.889747 0.908782 0.927513 0.945821 0.963567 0.980589 0.996703 1.011703 1.025367 1.037464 1.047762 1.056042 1.062109 1.065815 1.067061 1.065815 1.062109 1.056042 1.047762 1.037464 1.025367 1.011703 0.996703 0.980589 0.963567 0.945821 0.927513 0.908782 0.889747 0.870509 0.851149 0.831734 0.812321 0.792953 0.773665 0.754486 0.735437 0.716535 0.697792 0.679217 0.660817 0.642597 0.624558 0.606702 0.589028 0.571537 0.554225 0.537091 0.520132 0.503346 
0.509837 0.526885 0.544123 0.561555 0.579186 0.597019 0.615059 0.633309 0.651770 0.670446 0.689337 0.708441 0.727756 0.747278 0.766997 0.786902 0.806976 0.827196 0.847532 0.867944 0.888382 0.908782 0.929062 0.949121 0.968838 0.988062 1.006616 1.024292 1.040855 1.056042 1.069570 1.081154 1.090513 1.097401 1.101618 1.103039 1.101618 1.097401 1.090513 1.081154 1.069570 1.056042 1.040855 1.024292 1.006616 0.988062 0.968838 0.949121 0.929062 0.908782 0.888382 0.867944 0.847532 0.827196 0.806976 0.786902 0.766997 0.747278 0.727756 0.708441 0.689337 0.670446 0.651770 0.633309 0.615059 0.597019 0.579186 0.561555 0.544123 0.526885 0.509837 
0.515935 0.533235 0.550741 0.568461 0.586400 0.604564 0.622959 0.641591 0.660465 0.679587 0.698960 0.718587 0.738469 0.758607 0.778996 0.799632 0.820502 0.841592 0.862876 0.884323 0.905888 0.927513 0.949121 0.970616 0.991871 1.012731 1.033005 1.052463 1.070834 1.087806 1.103039 1.116173 1.126851 1.134748 1.139601 1.141239 1.139601 1.134748 1.126851 1.116173 1.103039 1.087806 1.070834 1.052463 1.033005 1.012731 0.991871 0.970616 0.949121 0.927513 0.905888 0.884323 0.862876 0.841592 0.820502 0.799632 0.778996 0.758607 0.738469 0.718587 0.698960 0.679587 0.660465 0.641591 0.622959 0.604564 0.586400 0.568461 0.550741 0.533235 0.515935 
0.521624 0.539162 0.556925 0.574919 0.593152 0.611633 0.630370 0.649371 0.668644 0.688199 0.708041 0.728179 0.748618 0.769364 0.790418 0.811783 0.833452 0.855420 0.877670 0.900179 0.922912 0.945821 0.968838 0.991871 1.014799 1.037464 1.059666 1.081154 1.101618 1.120697 1.137974 1.152997 1.165304 1.174464 1.180119 1.182032 1.180119 1.174464 1.165304 1.152997 1.137974 1.120697 1.101618 1.081154 1.059666 1.037464 1.014799 0.991871 0.968838 0.945821 0.922912 0.900179 0.877670 0.855420 0.833452 0.811783 0.790418 0.769364 0.748618 0.728179 0.708041 0.688199 0.668644 0.649371 0.630370 0.611633 0.593152 0.574919 0.556925 0.539162 0.521624 
0.526885 0.544649 0.562652 0.580906 0.599418 0.618200 0.637262 0.656615 0.676270 0.696240 0.716535 0.737166 0.758146 0.779485 0.801192 0.823275 0.845738 0.868583 0.891806 0.915395 0.939327 0.963567 0.988062 1.012731 1.037464 1.062109 1.086463 1.110256 1.133150 1.154720 1.174464 1.191813 1.206162 1.216928 1.223612 1.225880 1.223612 1.216928 1.206162 1.191813 1.174464 1.154720 1.133150 1.110256 1.086463 1.062109 1.037464 1.012731 0.988062 0.963567 0.939327 0.915395 0.891806 0.868583 0.845738 0.823275 0.801192 0.779485 0.758146 0.737166 0.716535 0.696240 0.676270 0.656615 0.637262 0.618200 0.599418 0.580906 0.562652 0.544649 0.526885 
0.531702 0.549675 0.567904 0.586400 0.605173 0.624238 0.643605 0.663290 0.683307 0.703670 0.724395 0.745498 0.766997 0.788907 0.811245 0.834027 0.857268 0.880979 0.905168 0.929839 0.954986 0.980589 1.006616 1.033005 1.059666 1.086463 1.113198 1.139601 1.165304 1.189827 1.212567 1.232808 1.249753 1.262597 1.270634 1.273371 1.270634 1.262597 1.249753 1.232808 1.212567 1.189827 1.165304 1.139601 1.113198 1.086463 1.059666 1.033005 1.006616 0.980589 0.954986 0.929839 0.905168 0.880979 0.857268 0.834027 0.811245 0.788907 0.766997 0.745498 0.724395 0.703670 0.683307 0.663290 0.643605 0.624238 0.605173 0.586400 0.567904 0.549675 0.531702 
0.536059 0.554225 0.572661 0.591380 0.610394 0.629720 0.649371 0.669364 0.689717 0.710448 0.731576 0.753123 0.775111 0.797563 0.820502 0.843955 0.867944 0.892495 0.917631 0.943369 0.969725 0.996703 1.024292 1.052463 1.081154 1.110256 1.139601 1.168930 1.197865 1.225880 1.252270 1.276139 1.296432 1.312023 1.321877 1.325252 1.321877 1.312023 1.296432 1.276139 1.252270 1.225880 1.197865 1.168930 1.139601 1.110256 1.081154 1.052463 1.024292 0.996703 0.969725 0.943369 0.917631 0.892495 0.867944 0.843955 0.820502 0.797563 0.775111 0.753123 0.731576 0.710448 0.689717 0.669364 0.649371 0.629720 0.610394 0.591380 0.572661 0.554225 0.536059 
0.539942 0.558281 0.576904 0.595825 0.615059 0.634622 0.654531 0.674806 0.695466 0.716535 0.738034 0.759991 0.782433 0.805388 0.828890 0.852972 0.877670 0.903020 0.929062 0.955833 0.983369 1.011703 1.040855 1.070834 1.101618 1.133150 1.165304 1.197865 1.230478 1.262597 1.293429 1.321877 1.346548 1.365846 1.378213 1.382481 1.378213 1.365846 1.346548 1.321877 1.293429 1.262597 1.230478 1.197865 1.165304 1.133150 1.101618 1.070834 1.040855 1.011703 0.983369 0.955833 0.929062 0.903020 0.877670 0.852972 0.828890 0.805388 0.782433 0.759991 0.738034 0.716535 0.695466 0.674806 0.654531 0.634622 0.615059 0.595825 0.576904 0.558281 0.539942 
0.543336 0.561829 0.580618 0.599719 0.619147 0.638921 0.659061 0.679587 0.700523 0.721894 0.743728 0.766054 0.788907 0.812321 0.836336 0.860996 0.886346 0.912438 0.939327 0.967071 0.995730 1.025367 1.056042 1.087806 1.120697 1.154720 1.189827 1.225880 1.262597 1.299472 1.335667 1.369898 1.400355 1.424762 1.440708 1.446270 1.440708 1.424762 1.400355 1.369898 1.335667 1.299472 1.262597 1.225880 1.189827 1.154720 1.120697 1.087806 1.056042 1.025367 0.995730 0.967071 0.939327 0.912438 0.886346 0.860996 0.836336 0.812321 0.788907 0.766054 0.743728 0.721894 0.700523 0.679587 0.659061 0.638921 0.619147 0.599719 0.580618 0.561829 0.543336 
0.546229 0.564855 0.583788 0.603043 0.622640 0.642597 0.662936 0.683681 0.704857 0.726492 0.748618 0.771269 0.794483 0.818301 0.842771 0.867944 0.893878 0.920638 0.948293 0.976923 1.006616 1.037464 1.069570 1.103039 1.137974 1.174464 1.212567 1.252270 1.293429 1.335667 1.378213 1.419676 1.457805 1.489378 1.510581 1.518097 1.510581 1.489378 1.457805 1.419676 1.378213 1.335667 1.293429 1.252270 1.212567 1.174464 1.137974 1.103039 1.069570 1.037464 1.006616 0.976923 0.948293 0.920638 0.893878 0.867944 0.842771 0.818301 0.794483 0.771269 0.748618 0.726492 0.704857 0.683681 0.662936 0.642597 0.622640 0.603043 0.583788 0.564855 0.546229 
0.548612 0.567348 0.586400 0.605784 0.625521 0.645630 0.666136 0.687064 0.708441 0.730298 0.752670 0.775594 0.799113 0.823275 0.848132 0.873744 0.900179 0.927513 0.955833 0.985237 1.015838 1.047762 1.081154 1.116173 1.152997 1.191813 1.232808 1.276139 1.321877 1.369898 1.419676 1.469931 1.518097 1.559789 1.588918 1.599497 1.588918 1.559789 1.518097 1.469931 1.419676 1.369898 1.321877 1.276139 1.232808 1.191813 1.152997 1.116173 1.081154 1.047762 1.015838 0.985237 0.955833 0.927513 0.900179 0.873744 0.848132 0.823275 0.799113 0.775594 0.752670 0.730298 0.708441 0.687064 0.666136 0.645630 0.625521 0.605784 0.586400 0.567348 0.548612 
0.550475 0.569297 0.588443 0.607929 0.627776 0.648006 0.668644 0.689717 0.711253 0.733287 0.755854 0.778996 0.802760 0.827196 0.852363 0.878329 0.905168 0.932969 0.961831 0.991871 1.023222 1.056042 1.090513 1.126851 1.165304 1.206162 1.249753 1.296432 1.346548 1.400355 1.457805 1.518097 1.578799 1.634460 1.675610 1.691117 1.675610 1.634460 1.578799 1.518097 1.457805 1.400355 1.346548 1.296432 1.249753 1.206162 1.165304 1.126851 1.090513 1.056042 1.023222 0.991871 0.961831 0.932969 0.905168 0.878329 0.852363 0.827196 0.802760 0.778996 0.755854 0.733287 0.711253 0.689717 0.668644 0.648006 0.627776 0.607929 0.588443 0.569297 0.550475 
0.551810 0.570695 0.589908 0.609468 0.629395 0.649713 0.670446 0.691623 0.713275 0.735437 0.758146 0.781447 0.805388 0.830025 0.855420 0.881645 0.908782 0.936927 0.966191 0.996703 1.028615 1.062109 1.097401 1.134748 1.174464 1.216928 1.262597 1.312023 1.365846 1.424762 1.489378 1.559789 1.634460 1.707728 1.766097 1.789307 1.766097 1.707728 1.634460 1.559789 1.489378 1.424762 1.365846 1.312023 1.262597 1.216928 1.174464 1.134748 1.097401 1.062109 1.028615 0.996703 0.966191 0.936927 0.908782 0.881645 0.855420 0.830025 0.805388 0.781447 0.758146 0.735437 0.713275 0.691623 0.670446 0.649713 0.629395 0.609468 0.589908 0.570695 0.551810 
0.552613 0.571537 0.590790 0.610394 0.630370 0.650740 0.671531 0.692772 0.714494 0.736733 0.759529 0.782926 0.806976 0.831734 0.857268 0.883651 0.910971 0.939327 0.968838 0.999641 1.031901 1.065815 1.101618 1.139601 1.180119 1.223612 1.270634 1.321877 1.378213 1.440708 1.510581 1.588918 1.675610 1.766097 1.843994 1.876972 1.843994 1.766097 1.675610 1.588918 1.510581 1.440708 1.378213 1.321877 1.270634 1.223612 1.180119 1.139601 1.101618 1.065815 1.031901 0.999641 0.968838 0.939327 0.910971 0.883651 0.857268 0.831734 0.806976 0.782926 0.759529 0.736733 0.714494 0.692772 0.671531 0.650740 0.630370 0.610394 0.590790 0.571537 0.552613 
0.552882 0.571817 0.591085 0.610704 0.630695 0.651083 0.671894 0.693156 0.714901 0.737166 0.759991 0.783421 0.807506 0.832306 0.857886 0.884323 0.911703 0.940131 0.969725 1.000627 1.033005 1.067061 1.103039 1.141239 1.182032 1.225880 1.273371 1.325252 1.382481 1.446270 1.518097 1.599497 1.691117 1.789307 1.876972 1.915295 1.876972 1.789307 1.691117 1.599497 1.518097 1.446270 1.382481 1.325252 1.273371 1.225880 1.182032 1.141239 1.103039 1.067061 1.033005 1.000627 0.969725 0.940131 0.911703 0.884323 0.857886 0.832306 0.807506 0.783421 0.759991 0.737166 0.714901 0.693156 0.671894 0.651083 0.630695 0.610704 0.591085 0.571817 0.552882 
0.552882 0.571817 0.591085 0.610704 0.630695 0.651083 0.671894 0.693156 0.714901 0.737166 0.759991 0.783421 0.807506 0.832306 0.857886 0.884322 0.911703 0.940131 0.969725 1.000627 1.033005 1.067061 1.103039 1.141239 1.182031 1.225880 1.273371 1.325252 1.382480 1.446270 1.518096 1.599495 1.691115 1.789304 1.876968 1.915291 1.876968 1.789304 1.691115 1.599495 1.518096 1.446270 1.382480 1.325252 1.273371 1.225880 1.182031 1.141239 1.103039 1.067061 1.033005 1.000627 0.969725 0.940131 0.911703 0.884322 0.857886 0.832306 0.807506 0.783421 0.759991 0.737166 0.714901 0.693156 0.671894 0.651083 0.630695 0.610704 0.591085 0.571817 0.552882 
0.552881 0.571817 0.591085 0.610704 0.630695 0.651083 0.671894 0.693156 0.714901 0.737166 0.759991 0.783420 0.807506 0.832306 0.857886 0.884322 0.911703 0.940131 0.969725 1.000627 1.033005 1.067060 1.103038 1.141238 1.182031 1.225879 1.273370 1.325251 1.382479 1.446268 1.518093 1.599492 1.691110 1.789295 1.876955 1.915276 1.876955 1.789295 1.691110 1.599492 1.518093 1.446268 1.382479 1.325251 1.273370 1.225879 1.182031 1.141238 1.103038 1.067060 1.033005 1.000627 0.969725 0.940131 0.911703 0.884322 0.857886 0.832306 0.807506 0.783420 0.759991 0.737166 0.714901 0.693156 0.671894 0.651083 0.630695 0.610704 0.591085 0.571817 0.552881 
0.552602 0.571524 0.590778 0.610381 0.630356 0.650725 0.671516 0.692755 0.714477 0.736714 0.759509 0.782905 0.806953 0.831709 0.857241 0.883622 0.910939 0.939292 0.968799 0.999598 1.031854 1.065761 1.101557 1.139530 1.180036 1.223514 1.270515 1.321732 1.378029 1.440469 1.510260 1.588469 1.674959 1.765139 1.842661 1.875439 1.842661 1.765139 1.674959 1.588469 1.510260 1.440469 1.378029 1.321732 1.270515 1.223514 1.180036 1.139530 1.101557 1.065761 1.031854 0.999598 0.968799 0.939292 0.910939 0.883622 0.857241 0.831709 0.806953 0.782905 0.759509 0.736714 0.714477 0.692755 0.671516 0.650725 0.630356 0.610381 0.590778 0.571524 0.552602 
0.551787 0.570671 0.589883 0.609441 0.629367 0.649683 0.670415 0.691590 0.713240 0.735400 0.758107 0.781405 0.805343 0.829976 0.855367 0.881587 0.908719 0.936858 0.966115 0.996619 1.028521 1.062003 1.097280 1.134609 1.174303 1.216738 1.262370 1.311745 1.365499 1.424318 1.488795 1.559001 1.633375 1.706245 1.764195 1.787207 1.764195 1.706245 1.633375 1.559001 1.488795 1.424318 1.365499 1.311745 1.262370 1.216738 1.174303 1.134609 1.097280 1.062003 1.028521 0.996619 0.966115 0.936858 0.908719 0.881587 0.855367 0.829976 0.805343 0.781405 0.758107 0.735400 0.713240 0.691590 0.670415 0.649683 0.629367 0.609441 0.589883 0.570671 0.551787 
0.550440 0.569261 0.588405 0.607889 0.627734 0.647962 0.668598 0.689668 0.711201 0.733231 0.755795 0.778933 0.802692 0.827123 0.852284 0.878243 0.905075 0.932867 0.961719 0.991747 1.023084 1.055886 1.090337 1.126649 1.165071 1.205890 1.249429 1.296041 1.346068 1.399755 1.457041 1.517110 1.577521 1.632838 1.673677 1.689051 1.673677 1.632838 1.577521 1.517110 1.457041 1.399755 1.346068 1.296041 1.249429 1.205890 1.165071 1.126649 1.090337 1.055886 1.023084 0.991747 0.961719 0.932867 0.905075 0.878243 0.852284 0.827123 0.802692 0.778933 0.755795 0.733231 0.711201 0.689668 0.668598 0.647962 0.627734 0.607889 0.588405 0.569261 0.550440 
0.548566 0.567300 0.586349 0.605731 0.625465 0.645572 0.666075 0.686999 0.708372 0.730225 0.752592 0.775511 0.799024 0.823179 0.848028 0.873632 0.900057 0.927380 0.955687 0.985076 1.015659 1.047561 1.080927 1.115915 1.152701 1.191469 1.232405 1.275660 1.321300 1.369195 1.418811 1.468861 1.516784 1.558220 1.587142 1.597638 1.587142 1.558220 1.516784 1.468861 1.418811 1.369195 1.321300 1.275660 1.232405 1.191469 1.152701 1.115915 1.080927 1.047561 1.015659 0.985076 0.955687 0.927380 0.900057 0.873632 0.848028 0.823179 0.799024 0.775511 0.752592 0.730225 0.708372 0.686999 0.666075 0.645572 0.625465 0.605731 0.586349 0.567300 0.548566 
0.546173 0.564796 0.583726 0.602978 0.622571 0.642524 0.662860 0.683600 0.704771 0.726401 0.748522 0.771166 0.794372 0.818183 0.842644 0.867807 0.893729 0.920475 0.948115 0.976727 1.006399 1.037222 1.069299 1.102733 1.137624 1.174063 1.212102 1.251726 1.292787 1.334904 1.377303 1.418595 1.456535 1.487927 1.508993 1.516457 1.508993 1.487927 1.456535 1.418595 1.377303 1.334904 1.292787 1.251726 1.212102 1.174063 1.137624 1.102733 1.069299 1.037222 1.006399 0.976727 0.948115 0.920475 0.893729 0.867807 0.842644 0.818183 0.794372 0.771166 0.748522 0.726401 0.704771 0.683600 0.662860 0.642524 0.622571 0.602978 0.583726 0.564796 0.546173 
0.543268 0.561758 0.580544 0.599641 0.619065 0.638835 0.658970 0.679491 0.700422 0.721787 0.743614 0.765933 0.788777 0.812182 0.836186 0.860834 0.886171 0.912248 0.939120 0.966843 0.995479 1.025089 1.055732 1.087458 1.120304 1.154273 1.189316 1.225292 1.261917 1.298683 1.334752 1.368845 1.399159 1.423438 1.439291 1.444821 1.439291 1.423438 1.399159 1.368845 1.334752 1.298683 1.261917 1.225292 1.189316 1.154273 1.120304 1.087458 1.055732 1.025089 0.995479 0.966843 0.939120 0.912248 0.886171 0.860834 0.836186 0.812182 0.788777 0.765933 0.743614 0.721787 0.700422 0.679491 0.658970 0.638835 0.619065 0.599641 0.580544 0.561758 0.543268 
0.539863 0.558199 0.576819 0.595736 0.614965 0.634523 0.654427 0.674696 0.695350 0.716411 0.737903 0.759852 0.782284 0.805229 0.828720 0.852789 0.877471 0.902805 0.928828 0.955577 0.983089 1.011393 1.040513 1.070452 1.101192 1.132670 1.164762 1.197250 1.229779 1.261804 1.292531 1.320869 1.345433 1.364638 1.376941 1.381186 1.376941 1.364638 1.345433 1.320869 1.292531 1.261804 1.229779 1.197250 1.164762 1.132670 1.101192 1.070452 1.040513 1.011393 0.983089 0.955577 0.928828 0.902805 0.877471 0.852789 0.828720 0.805229 0.782284 0.759852 0.737903 0.716411 0.695350 0.674696 0.654427 0.634523 0.614965 0.595736 0.576819 0.558199 0.539863 
0.535971 0.554132 0.572564 0.591278 0.610288 0.629608 0.649253 0.669240 0.689586 0.710309 0.731429 0.752967 0.774945 0.797385 0.820312 0.843751 0.867724 0.892258 0.917373 0.943089 0.969419 0.996367 1.023923 1.052055 1.080701 1.109753 1.139040 1.168302 1.197163 1.225097 1.251400 1.275182 1.295394 1.310917 1.320726 1.324085 1.320726 1.310917 1.295394 1.275182 1.251400 1.225097 1.197163 1.168302 1.139040 1.109753 1.080701 1.052055 1.023923 0.996367 0.969419 0.943089 0.917373 0.892258 0.867724 0.843751 0.820312 0.797385 0.774945 0.752967 0.731429 0.710309 0.689586 0.669240 0.649253 0.629608 0.610288 0.591278 0.572564 0.554132 0.535971 
0.531603 0.549572 0.567796 0.586287 0.605055 0.624114 0.643475 0.663153 0.683162 0.703517 0.724233 0.745326 0.766814 0.788712 0.811037 0.833804 0.857028 0.880721 0.904890 0.929538 0.954658 0.980232 1.006225 1.032577 1.059196 1.085944 1.112626 1.138970 1.164608 1.189062 1.211731 1.231903 1.248785 1.261579 1.269581 1.272307 1.269581 1.261579 1.248785 1.231903 1.211731 1.189062 1.164608 1.138970 1.112626 1.085944 1.059196 1.032577 1.006225 0.980232 0.954658 0.929538 0.904890 0.880721 0.857028 0.833804 0.811037 0.788712 0.766814 0.745326 0.724233 0.703517 0.683162 0.663153 0.643475 0.624114 0.605055 0.586287 0.567796 0.549572 0.531603 
0.526776 0.544535 0.562534 0.580782 0.599289 0.618064 0.637120 0.656465 0.676113 0.696073 0.716359 0.736980 0.757949 0.779275 0.800968 0.823035 0.845482 0.868308 0.891510 0.915075 0.938982 0.963193 0.987655 1.012288 1.036981 1.061582 1.085887 1.109628 1.132465 1.153977 1.173663 1.190956 1.205257 1.215983 1.222643 1.224902 1.222643 1.215983 1.205257 1.190956 1.173663 1.153977 1.132465 1.109628 1.085887 1.061582 1.036981 1.012288 0.987655 0.963193 0.938982 0.915075 0.891510 0.868308 0.845482 0.823035 0.800968 0.779275 0.757949 0.736980 0.716359 0.696073 0.676113 0.656465 0.637120 0.618064 0.599289 0.580782 0.562534 0.544535 0.526776 
0.521506 0.539039 0.556797 0.574785 0.593012 0.611486 0.630216 0.649209 0.668474 0.688019 0.707852 0.727979 0.748406 0.769139 0.790179 0.811528 0.833181 0.855129 0.877358 0.899844 0.922552 0.945433 0.968419 0.991417 1.014308 1.036933 1.059091 1.080532 1.100949 1.119978 1.137207 1.152185 1.164454 1.173583 1.179219 1.181125 1.179219 1.173583 1.164454 1.152185 1.137207 1.119978 1.100949 1.080532 1.059091 1.036933 1.014308 0.991417 0.968419 0.945433 0.922552 0.899844 0.877358 0.855129 0.833181 0.811528 0.790179 0.769139 0.748406 0.727979 0.707852 0.688019 0.668474 0.649209 0.630216 0.611486 0.593012 0.574785 0.556797 0.539039 0.521506 
0.515808 0.533103 0.550604 0.568317 0.586249 0.604406 0.622794 0.641418 0.660284 0.679396 0.698758 0.718374 0.738245 0.758369 0.778744 0.799364 0.820217 0.841288 0.862551 0.883976 0.905516 0.927114 0.948693 0.970156 0.991376 1.012200 1.032435 1.051852 1.070181 1.087112 1.102305 1.115402 1.126048 1.133922 1.138760 1.140392 1.138760 1.133922 1.126048 1.115402 1.102305 1.087112 1.070181 1.051852 1.032435 1.012200 0.991376 0.970156 0.948693 0.927114 0.905516 0.883976 0.862551 0.841288 0.820217 0.799364 0.778744 0.758369 0.738245 0.718374 0.698758 0.679396 0.660284 0.641418 0.622794 0.604406 0.586249 0.568317 0.550604 0.533103 0.515808 
0.509701 0.526744 0.543976 0.561402 0.579026 0.596852 0.614884 0.633125 0.651578 0.670244 0.689124 0.708217 0.727520 0.747028 0.766733 0.786622 0.806679 0.826881 0.847197 0.867587 0.888002 0.908376 0.928628 0.948658 0.968343 0.987533 1.006052 1.023693 1.040220 1.055371 1.068866 1.080419 1.089754 1.096622 1.100827 1.102244 1.100827 1.096622 1.089754 1.080419 1.068866 1.055371 1.040220 1.023693 1.006052 0.987533 0.968343 0.948658 0.928628 0.908376 0.888002 0.867587 0.847197 0.826881 0.806679 0.786622 0.766733 0.747028 0.727520 0.708217 0.689124 0.670244 0.651578 0.633125 0.614884 0.596852 0.579026 0.561402 0.543976 0.526744 0.509701 
0.503202 0.519983 0.536936 0.554063 0.571368 0.588852 0.606517 0.624365 0.642395 0.660605 0.678994 0.697557 0.716288 0.735177 0.754212 0.773376 0.792647 0.811997 0.831390 0.850784 0.870121 0.889336 0.908344 0.927048 0.945327 0.963044 0.980035 0.996117 1.011085 1.024719 1.036788 1.047061 1.055320 1.061372 1.065067 1.066310 1.065067 1.061372 1.055320 1.047061 1.036788 1.024719 1.011085 0.996117 0.980035 0.963044 0.945327 0.927048 0.908344 0.889336 0.870121 0.850784 0.831390 0.811997 0.792647 0.773376 0.754212 0.735177 0.716288 0.697557 0.678994 0.660605 0.642395 0.624365 0.606517 0.588852 0.571368 0.554063 0.536936 0.519983 0.503202 
0.496330 0.512840 0.529503 0.546323 0.563300 0.580433 0.597724 0.615170 0.632770 0.650519 0.668413 0.686443 0.704601 0.722873 0.741244 0.759693 0.778194 0.796715 0.815219 0.833656 0.851971 0.870094 0.887943 0.905423 0.922422 0.938809 0.954440 0.969152 0.982769 0.995104 1.005966 1.015167 1.022533 1.027914 1.031191 1.032293 1.031191 1.027914 1.022533 1.015167 1.005966 0.995104 0.982769 0.969152 0.954440 0.938809 0.922422 0.905423 0.887943 0.870094 0.851971 0.833656 0.815219 0.796715 0.778194 0.759693 0.741244 0.722873 0.704601 0.686443 0.668413 0.650519 0.632770 0.615170 0.597724 0.580433 0.563300 0.546323 0.529503 0.512840 0.496330 
0.489103 0.505334 0.521701 0.538206 0.554847 0.571624 0.588534 0.605574 0.622739 0.640024 0.657421 0.674920 0.692508 0.710171 0.727888 0.745637 0.763388 0.781109 0.798757 0.816284 0.833631 0.850732 0.867505 0.883860 0.899692 0.914884 0.929304 0.942810 0.955249 0.966465 0.976297 0.984593 0.991212 0.996033 0.998965 0.999948 0.998965 0.996033 0.991212 0.984593 0.976297 0.966465 0.955249 0.942810 0.929304 0.914884 0.899692 0.883860 0.867505 0.850732 0.833631 0.816284 0.798757 0.781109 0.763388 0.745637 0.727888 0.710171 0.692508 0.674920 0.657421 0.640024 0.622739 0.605574 0.588534 0.571624 0.554847 0.538206 0.521701 0.505334 0.489103 
0.481540 0.497485 0.513551 0.529735 0.546036 0.562452 0.578977 0.595608 0.612337 0.629158 0.646060 0.663031 0.680057 0.697119 0.714197 0.731264 0.748291 0.765241 0.782072 0.798735 0.815172 0.831317 0.847094 0.862416 0.877189 0.891303 0.904643 0.917084 0.928495 0.938740 0.947689 0.955213 0.961199 0.965549 0.968190 0.969076 0.968190 0.965549 0.961199 0.955213 0.947689 0.938740 0.928495 0.917084 0.904643 0.891303 0.877189 0.862416 0.847094 0.831317 0.815172 0.798735 0.782072 0.765241 0.748291 0.731264 0.714197 0.697119 0.680057 0.663031 0.646060 0.629158 0.612337 0.595608 0.578977 0.562452 0.546036 0.529735 0.513551 0.497485 0.481540 
0.473658 0.489314 0.505074 0.520934 0.536891 0.552942 0.569081 0.585302 0.601597 0.617956 0.634367 0.650818 0.667290 0.683765 0.700220 0.716627 0.732955 0.749167 0.765221 0.781067 0.796649 0.811904 0.826760 0.841136 0.854945 0.868088 0.880464 0.891962 0.902468 0.911869 0.920053 0.926915 0.932361 0.936311 0.938706 0.939508 0.938706 0.936311 0.932361 0.926915 0.920053 0.911869 0.902468 0.891962 0.880464 0.868088 0.854945 0.841136 0.826760 0.811904 0.796649 0.781067 0.765221 0.749167 0.732955 0.716627 0.700220 0.683765 0.667290 0.650818 0.634367 0.617956 0.601597 0.585302 0.569081 0.552942 0.536891 0.520934 0.505074 0.489314 0.473658 
0.465477 0.480840 0.496290 0.511823 0.527436 0.543122 0.558875 0.574687 0.590550 0.606452 0.622379 0.638317 0.654248 0.670151 0.686002 0.701772 0.717429 0.732937 0.748252 0.763328 0.778110 0.792537 0.806543 0.820052 0.832983 0.845251 0.856763 0.867423 0.877132 0.885793 0.893313 0.899601 0.904582 0.908188 0.910373 0.911104 0.910373 0.908188 0.904582 0.899601 0.893313 0.885793 0.877132 0.867423 0.856763 0.845251 0.832983 0.820052 0.806543 0.792537 0.778110 0.763328 0.748252 0.732937 0.717429 0.701772 0.686002 0.670151 0.654248 0.638317 0.622379 0.606452 0.590550 0.574687 0.558875 0.543122 0.527436 0.511823 0.496290 0.480840 0.465477 
0.457014 0.472082 0.487221 0.502426 0.517693 0.533015 0.548384 0.563791 0.579226 0.594677 0.610129 0.625566 0.640968 0.656316 0.671582 0.686739 0.701755 0.716592 0.731209 0.745560 0.759594 0.773252 0.786472 0.799186 0.811320 0.822796 0.833533 0.843445 0.852448 0.860458 0.867395 0.873185 0.877762 0.881072 0.883074 0.883745 0.883074 0.881072 0.877762 0.873185 0.867395 0.860458 0.852448 0.843445 0.833533 0.822796 0.811320 0.799186 0.786472 0.773252 0.759594 0.745560 0.731209 0.716592 0.701755 0.686739 0.671582 0.656316 0.640968 0.625566 0.610129 0.594677 0.579226 0.563791 0.548384 0.533015 0.517693 0.502426 0.487221 0.472082 0.457014 
0.448287 0.463058 0.477885 0.492763 0.507686 0.522645 0.537633 0.552639 0.567653 0.582660 0.597647 0.612595 0.627484 0.642294 0.656997 0.671566 0.685969 0.700169 0.714127 0.727797 0.741131 0.754075 0.766571 0.778556 0.789963 0.800722 0.810760 0.820004 0.828379 0.835813 0.842238 0.847590 0.851814 0.854865 0.856710 0.857327 0.856710 0.854865 0.851814 0.847590 0.842238 0.835813 0.828379 0.820004 0.810760 0.800722 0.789963 0.778556 0.766571 0.754075 0.741131 0.727797 0.714127 0.700169 0.685969 0.671566 0.656997 0.642294 0.627484 0.612595 0.597647 0.582660 0.567653 0.552639 0.537633 0.522645 0.507686 0.492763 0.477885 0.463058 0.448287 
0.439312 0.453787 0.468303 0.482855 0.497435 0.512035 0.526647 0.541258 0.555857 0.570431 0.584962 0.599434 0.613827 0.628117 0.642279 0.656286 0.670105 0.683701 0.697036 0.710067 0.722748 0.735029 0.746856 0.758171 0.768915 0.779023 0.788431 0.797075 0.804889 0.811811 0.817782 0.822749 0.826663 0.829488 0.831194 0.831765 0.831194 0.829488 0.826663 0.822749 0.817782 0.811811 0.804889 0.797075 0.788431 0.779023 0.768915 0.758171 0.746856 0.735029 0.722748 0.710067 0.697036 0.683701 0.670105 0.656286 0.642279 0.628117 0.613827 0.599434 0.584962 0.570431 0.555857 0.541258 0.526647 0.512035 0.497435 0.482855 0.468303 0.453787 0.439312 
0.430107 0.444285 0.458492 0.472720 0.486961 0.501207 0.515447 0.529670 0.543863 0.558013 0.572101 0.586112 0.600023 0.613813 0.627457 0.640925 0.654189 0.667213 0.679961 0.692393 0.704465 0.716130 0.727339 0.738039 0.748176 0.757692 0.766530 0.774634 0.781945 0.788410 0.793977 0.798601 0.802242 0.804867 0.806451 0.806981 0.806451 0.804867 0.802242 0.798601 0.793977 0.788410 0.781945 0.774634 0.766530 0.757692 0.748176 0.738039 0.727339 0.716130 0.704465 0.692393 0.679961 0.667213 0.654189 0.640925 0.627457 0.613813 0.600023 0.586112 0.572101 0.558013 0.543863 0.529670 0.515447 0.501207 0.486961 0.472720 0.458492 0.444285 0.430107 
0.420686 0.434571 0.448470 0.462377 0.476284 0.490180 0.504055 0.517897 0.531694 0.545430 0.559089 0.572652 0.586099 0.599408 0.612554 0.625510 0.638246 0.650729 0.662925 0.674794 0.686297 0.697391 0.708028 0.718162 0.727743 0.736719 0.745041 0.752656 0.759514 0.765569 0.770776 0.775096 0.778493 0.780940 0.782417 0.782910 0.782417 0.780940 0.778493 0.775096 0.770776 0.765569 0.759514 0.752656 0.745041 0.736719 0.727743 0.718162 0.708028 0.697391 0.686297 0.674794 0.662925 0.650729 0.638246 0.625510 0.612554 0.599408 0.586099 0.572652 0.559089 0.545430 0.531694 0.517897 0.504055 0.490180 0.476284 0.462377 0.448470 0.434571 0.420686 
0.411066 0.424659 0.438255 0.451845 0.465421 0.478973 0.492490 0.505961 0.519370 0.532704 0.545946 0.559077 0.572077 0.584925 0.597595 0.610062 0.622297 0.634269 0.645943 0.657286 0.668258 0.678820 0.688928 0.698541 0.707611 0.716095 0.723945 0.731118 0.737568 0.743254 0.748137 0.752184 0.755363 0.757652 0.759033 0.759494 0.759033 0.757652 0.755363 0.752184 0.748137 0.743254 0.737568 0.731118 0.723945 0.716095 0.707611 0.698541 0.688928 0.678820 0.668258 0.657286 0.645943 0.634269 0.622297 0.610062 0.597595 0.584925 0.572077 0.559077 0.545946 0.532704 0.519370 0.505961 0.492490 0.478973 0.465421 0.451845 0.438255 0.424659 0.411066 
