81 81
4.546928e+01 0 5
0.679428 0.689880 0.700294 0.710664 0.720983 0.731243 0.741438 0.751559 0.761598 0.771546 0.781392 0.791126 0.800739 0.810217 0.819550 0.828723 0.837725 0.846541 0.855156 0.863555 0.871723 0.879644 0.887300 0.894676 0.901754 0.908516 0.914945 0.921024 0.926736 0.932063 0.936990 0.941501 0.945582 0.949217 0.952395 0.955104 0.957335 0.959079 0.960329 0.961082 0.961333 0.961082 0.960329 0.959079 0.957335 0.955104 0.952395 0.949217 0.945582 0.941501 0.936990 0.932063 0.926736 0.921024 0.914945 0.908516 0.901754 0.894676 0.887300 0.879644 0.871723 0.863555 0.855156 0.846541 0.837725 0.828723 0.819550 0.810217 0.800739 0.791126 0.781392 0.771546 0.761598 0.751559 0.741438 0.731243 0.720983 0.710664 0.700294 0.689880 0.679428 
0.688544 0.699202 0.709826 0.720411 0.730951 0.741438 0.751865 0.762223 0.772504 0.782699 0.792798 0.802789 0.812663 0.822407 0.832008 0.841454 0.850731 0.859823 0.868717 0.877395 0.885841 0.894039 0.901970 0.909617 0.916961 0.923984 0.930667 0.936990 0.942937 0.948487 0.953624 0.958331 0.962590 0.966388 0.969709 0.972542 0.974875 0.976699 0.978008 0.978795 0.979058 0.978795 0.978008 0.976699 0.974875 0.972542 0.969709 0.966388 0.962590 0.958331 0.953624 0.948487 0.942937 0.936990 0.930667 0.923984 0.916961 0.909617 0.901970 0.894039 0.885841 0.877395 0.868717 0.859823 0.850731 0.841454 0.832008 0.822407 0.812663 0.802789 0.792798 0.782699 0.772504 0.762223 0.751865 0.741438 0.730951 0.720411 0.709826 0.699202 0.688544 
0.697567 0.708433 0.719271 0.730076 0.740841 0.751559 0.762223 0.772825 0.783354 0.793804 0.804162 0.814418 0.824562 0.834581 0.844461 0.854190 0.863753 0.873134 0.882318 0.891288 0.900026 0.908516 0.916737 0.924670 0.932296 0.939596 0.946548 0.953132 0.959329 0.965118 0.970479 0.975395 0.979847 0.983818 0.987294 0.990259 0.992703 0.994615 0.995986 0.996811 0.997086 0.996811 0.995986 0.994615 0.992703 0.990259 0.987294 0.983818 0.979847 0.975395 0.970479 0.965118 0.959329 0.953132 0.946548 0.939596 0.932296 0.924670 0.916737 0.908516 0.900026 0.891288 0.882318 0.873134 0.863753 0.854190 0.844461 0.834581 0.824562 0.814418 0.804162 0.793804 0.783354 0.772825 0.762223 0.751559 0.740841 0.730076 0.719271 0.708433 0.697567 
0.706489 0.717565 0.728620 0.739649 0.750644 0.761598 0.772504 0.783354 0.794139 0.804850 0.815475 0.826005 0.836428 0.846730 0.856900 0.866923 0.876783 0.886466 0.895954 0.905230 0.914275 0.923071 0.931597 0.939834 0.947759 0.955352 0.962590 0.969452 0.975916 0.981960 0.987562 0.992703 0.997362 1.001521 1.005163 1.008272 1.010835 1.012840 1.014279 1.015146 1.015435 1.015146 1.014279 1.012840 1.010835 1.008272 1.005163 1.001521 0.997362 0.992703 0.987562 0.981960 0.975916 0.969452 0.962590 0.955352 0.947759 0.939834 0.931597 0.923071 0.914275 0.905230 0.895954 0.886466 0.876783 0.866923 0.856900 0.846730 0.836428 0.826005 0.815475 0.804850 0.794139 0.783354 0.772504 0.761598 0.750644 0.739649 0.728620 0.717565 0.706489 
0.715300 0.726591 0.737866 0.749122 0.760351 0.771546 0.782699 0.793804 0.804850 0.815828 0.826728 0.837540 0.848250 0.858847 0.869316 0.879644 0.889814 0.899811 0.909617 0.919213 0.928581 0.937699 0.946548 0.955104 0.963347 0.971251 0.978795 0.985953 0.992703 0.999020 1.004881 1.010264 1.015146 1.019507 1.023328 1.026593 1.029285 1.031393 1.032906 1.033816 1.034121 1.033816 1.032906 1.031393 1.029285 1.026593 1.023328 1.019507 1.015146 1.010264 1.004881 0.999020 0.992703 0.985953 0.978795 0.971251 0.963347 0.955104 0.946548 0.937699 0.928581 0.919213 0.909617 0.899811 0.889814 0.879644 0.869316 0.858847 0.848250 0.837540 0.826728 0.815828 0.804850 0.793804 0.782699 0.771546 0.760351 0.749122 0.737866 0.726591 0.715300 
0.723994 0.735501 0.747000 0.758486 0.769952 0.781392 0.792798 0.804162 0.815475 0.826728 0.837911 0.849012 0.860019 0.870919 0.881699 0.892344 0.902837 0.913161 0.923299 0.933231 0.942937 0.952395 0.961584 0.970479 0.979058 0.987294 0.995162 1.002638 1.009693 1.016304 1.022443 1.028086 1.033209 1.037789 1.041805 1.045238 1.048071 1.050290 1.051883 1.052842 1.053163 1.052842 1.051883 1.050290 1.048071 1.045238 1.041805 1.037789 1.033209 1.028086 1.022443 1.016304 1.009693 1.002638 0.995162 0.987294 0.979058 0.970479 0.961584 0.952395 0.942937 0.933231 0.923299 0.913161 0.902837 0.892344 0.881699 0.870919 0.860019 0.849012 0.837911 0.826728 0.815475 0.804162 0.792798 0.781392 0.769952 0.758486 0.747000 0.735501 0.723994 
0.732560 0.744286 0.756011 0.767730 0.779438 0.791126 0.802789 0.814418 0.826005 0.837540 0.849012 0.860410 0.871723 0.882937 0.894039 0.905011 0.915840 0.926506 0.936990 0.947274 0.957335 0.967151 0.976699 0.985953 0.994888 1.003477 1.011693 1.019507 1.026891 1.033816 1.040255 1.046180 1.051564 1.056381 1.060609 1.064225 1.067211 1.069551 1.071232 1.072244 1.072582 1.072244 1.071232 1.069551 1.067211 1.064225 1.060609 1.056381 1.051564 1.046180 1.040255 1.033816 1.026891 1.019507 1.011693 1.003477 0.994888 0.985953 0.976699 0.967151 0.957335 0.947274 0.936990 0.926506 0.915840 0.905011 0.894039 0.882937 0.871723 0.860410 0.849012 0.837540 0.826005 0.814418 0.802789 0.791126 0.779438 0.767730 0.756011 0.744286 0.732560 
0.740990 0.752936 0.764890 0.776845 0.788797 0.800739 0.812663 0.824562 0.836428 0.848250 0.860019 0.871723 0.883351 0.894889 0.906322 0.917635 0.928812 0.939834 0.950681 0.961333 0.971767 0.981960 0.991887 1.001521 1.010835 1.019799 1.028385 1.036562 1.044299 1.051564 1.058326 1.064556 1.070222 1.075298 1.079756 1.083572 1.086725 1.089197 1.090974 1.092044 1.092402 1.092044 1.090974 1.089197 1.086725 1.083572 1.079756 1.075298 1.070222 1.064556 1.058326 1.051564 1.044299 1.036562 1.028385 1.019799 1.010835 1.001521 0.991887 0.981960 0.971767 0.961333 0.950681 0.939834 0.928812 0.917635 0.906322 0.894889 0.883351 0.871723 0.860019 0.848250 0.836428 0.824562 0.812663 0.800739 0.788797 0.776845 0.764890 0.752936 0.740990 
0.749274 0.761442 0.773626 0.785820 0.798019 0.810217 0.822407 0.834581 0.846730 0.858847 0.870919 0.882937 0.894889 0.906760 0.918536 0.930202 0.941740 0.953132 0.964358 0.975395 0.986221 0.996811 1.007138 1.017175 1.026891 1.036256 1.045238 1.053804 1.061920 1.069551 1.076664 1.083223 1.089197 1.094554 1.099263 1.103298 1.106635 1.109252 1.111134 1.112268 1.112647 1.112268 1.111134 1.109252 1.106635 1.103298 1.099263 1.094554 1.089197 1.083223 1.076664 1.069551 1.061920 1.053804 1.045238 1.036256 1.026891 1.017175 1.007138 0.996811 0.986221 0.975395 0.964358 0.953132 0.941740 0.930202 0.918536 0.906760 0.894889 0.882937 0.870919 0.858847 0.846730 0.834581 0.822407 0.810217 0.798019 0.785820 0.773626 0.761442 0.749274 
0.757401 0.769793 0.782208 0.794644 0.807093 0.819550 0.832008 0.844461 0.856900 0.869316 0.881699 0.894039 0.906322 0.918536 0.930667 0.942697 0.954611 0.966388 0.978008 0.989448 1.000685 1.011693 1.022443 1.032906 1.043050 1.052842 1.062248 1.071232 1.079756 1.087783 1.095274 1.102193 1.108503 1.114166 1.119151 1.123426 1.126964 1.129742 1.131739 1.132944 1.133346 1.132944 1.131739 1.129742 1.126964 1.123426 1.119151 1.114166 1.108503 1.102193 1.095274 1.087783 1.079756 1.071232 1.062248 1.052842 1.043050 1.032906 1.022443 1.011693 1.000685 0.989448 0.978008 0.966388 0.954611 0.942697 0.930667 0.918536 0.906322 0.894039 0.881699 0.869316 0.856900 0.844461 0.832008 0.819550 0.807093 0.794644 0.782208 0.769793 0.757401 
0.765362 0.777978 0.790626 0.803304 0.816004 0.828723 0.841454 0.854190 0.866923 0.879644 0.892344 0.905011 0.917635 0.930202 0.942697 0.955104 0.967406 0.979584 0.991615 1.003477 1.015146 1.026593 1.037789 1.048704 1.059303 1.069551 1.079411 1.088843 1.097808 1.106263 1.114166 1.121477 1.128152 1.134152 1.139440 1.143979 1.147739 1.150693 1.152819 1.154102 1.154530 1.154102 1.152819 1.150693 1.147739 1.143979 1.139440 1.134152 1.128152 1.121477 1.114166 1.106263 1.097808 1.088843 1.079411 1.069551 1.059303 1.048704 1.037789 1.026593 1.015146 1.003477 0.991615 0.979584 0.967406 0.955104 0.942697 0.930202 0.917635 0.905011 0.892344 0.879644 0.866923 0.854190 0.841454 0.828723 0.816004 0.803304 0.790626 0.777978 0.765362 
0.773145 0.785985 0.798867 0.811788 0.824742 0.837725 0.850731 0.863753 0.876783 0.889814 0.902837 0.915840 0.928812 0.941740 0.954611 0.967406 0.980110 0.992703 1.005163 1.017465 1.029585 1.041495 1.053163 1.064556 1.075639 1.086373 1.096720 1.106635 1.116075 1.124994 1.133346 1.141083 1.148160 1.154530 1.160151 1.164983 1.168989 1.172139 1.174408 1.175776 1.176234 1.175776 1.174408 1.172139 1.168989 1.164983 1.160151 1.154530 1.148160 1.141083 1.133346 1.124994 1.116075 1.106635 1.096720 1.086373 1.075639 1.064556 1.053163 1.041495 1.029585 1.017465 1.005163 0.992703 0.980110 0.967406 0.954611 0.941740 0.928812 0.915840 0.902837 0.889814 0.876783 0.863753 0.850731 0.837725 0.824742 0.811788 0.798867 0.785985 0.773145 
0.780739 0.793804 0.806920 0.820084 0.833293 0.846541 0.859823 0.873134 0.886466 0.899811 0.913161 0.926506 0.939834 0.953132 0.966388 0.979584 0.992703 1.005726 1.018631 1.031393 1.043986 1.056381 1.068546 1.080447 1.092044 1.103298 1.114166 1.124602 1.134556 1.143979 1.152819 1.161024 1.168541 1.175320 1.181309 1.186465 1.190745 1.194113 1.196541 1.198007 1.198497 1.198007 1.196541 1.194113 1.190745 1.186465 1.181309 1.175320 1.168541 1.161024 1.152819 1.143979 1.134556 1.124602 1.114166 1.103298 1.092044 1.080447 1.068546 1.056381 1.043986 1.031393 1.018631 1.005726 0.992703 0.979584 0.966388 0.953132 0.939834 0.926506 0.913161 0.899811 0.886466 0.873134 0.859823 0.846541 0.833293 0.820084 0.806920 0.793804 0.780739 
0.788134 0.801421 0.814770 0.828178 0.841642 0.855156 0.868717 0.882318 0.895954 0.909617 0.923299 0.936990 0.950681 0.964358 0.978008 0.991615 1.005163 1.018631 1.031997 1.045238 1.058326 1.071232 1.083921 1.096358 1.108503 1.120312 1.131739 1.142735 1.153246 1.163218 1.172592 1.181309 1.189312 1.196541 1.202940 1.208457 1.213042 1.216655 1.219261 1.220835 1.221362 1.220835 1.219261 1.216655 1.213042 1.208457 1.202940 1.196541 1.189312 1.181309 1.172592 1.163218 1.153246 1.142735 1.131739 1.120312 1.108503 1.096358 1.083921 1.071232 1.058326 1.045238 1.031997 1.018631 1.005163 0.991615 0.978008 0.964358 0.950681 0.936990 0.923299 0.909617 0.895954 0.882318 0.868717 0.855156 0.841642 0.828178 0.814770 0.801421 0.788134 
0.795317 0.808826 0.822407 0.836058 0.849775 0.863555 0.877395 0.891288 0.905230 0.919213 0.933231 0.947274 0.961333 0.975395 0.989448 1.003477 1.017465 1.031393 1.045238 1.058977 1.072582 1.086022 1.099263 1.112268 1.124994 1.137396 1.149424 1.161024 1.172139 1.182707 1.192665 1.201947 1.210487 1.218216 1.225072 1.230991 1.235920 1.239808 1.242615 1.244311 1.244879 1.244311 1.242615 1.239808 1.235920 1.230991 1.225072 1.218216 1.210487 1.201947 1.192665 1.182707 1.172139 1.161024 1.149424 1.137396 1.124994 1.112268 1.099263 1.086022 1.072582 1.058977 1.045238 1.031393 1.017465 1.003477 0.989448 0.975395 0.961333 0.947274 0.933231 0.919213 0.905230 0.891288 0.877395 0.863555 0.849775 0.836058 0.822407 0.808826 0.795317 
0.802276 0.816004 0.829816 0.843707 0.857678 0.871723 0.885841 0.900026 0.914275 0.928581 0.942937 0.957335 0.971767 0.986221 1.000685 1.015146 1.029585 1.043986 1.058326 1.072582 1.086725 1.100725 1.114547 1.128152 1.141496 1.154530 1.167202 1.179455 1.191224 1.202443 1.213042 1.222946 1.232080 1.240367 1.247733 1.254106 1.259421 1.263620 1.266655 1.268491 1.269105 1.268491 1.266655 1.263620 1.259421 1.254106 1.247733 1.240367 1.232080 1.222946 1.213042 1.202443 1.191224 1.179455 1.167202 1.154530 1.141496 1.128152 1.114547 1.100725 1.086725 1.072582 1.058326 1.043986 1.029585 1.015146 1.000685 0.986221 0.971767 0.957335 0.942937 0.928581 0.914275 0.900026 0.885841 0.871723 0.857678 0.843707 0.829816 0.816004 0.802276 
0.808999 0.822945 0.836983 0.851114 0.865335 0.879644 0.894039 0.908516 0.923071 0.937699 0.952395 0.967151 0.981960 0.996811 1.011693 1.026593 1.041495 1.056381 1.071232 1.086022 1.100725 1.115310 1.129742 1.143979 1.157978 1.171687 1.185051 1.198007 1.210487 1.222417 1.233720 1.244311 1.254106 1.263016 1.270956 1.277841 1.283594 1.288146 1.291441 1.293436 1.294104 1.293436 1.291441 1.288146 1.283594 1.277841 1.270956 1.263016 1.254106 1.244311 1.233720 1.222417 1.210487 1.198007 1.185051 1.171687 1.157978 1.143979 1.129742 1.115310 1.100725 1.086022 1.071232 1.056381 1.041495 1.026593 1.011693 0.996811 0.981960 0.967151 0.952395 0.937699 0.923071 0.908516 0.894039 0.879644 0.865335 0.851114 0.836983 0.822945 0.808999 
0.815475 0.829633 0.843896 0.858262 0.872730 0.887300 0.901970 0.916737 0.931597 0.946548 0.961584 0.976699 0.991887 1.007138 1.022443 1.037789 1.053163 1.068546 1.083921 1.099263 1.114547 1.129742 1.144811 1.159715 1.174408 1.188836 1.202940 1.216655 1.229907 1.242615 1.254692 1.266045 1.276577 1.286187 1.294773 1.302239 1.308492 1.313449 1.317043 1.319221 1.319950 1.319221 1.317043 1.313449 1.308492 1.302239 1.294773 1.286187 1.276577 1.266045 1.254692 1.242615 1.229907 1.216655 1.202940 1.188836 1.174408 1.159715 1.144811 1.129742 1.114547 1.099263 1.083921 1.068546 1.053163 1.037789 1.022443 1.007138 0.991887 0.976699 0.961584 0.946548 0.931597 0.916737 0.901970 0.887300 0.872730 0.858262 0.843896 0.829633 0.815475 
0.821691 0.836058 0.850539 0.865137 0.879849 0.894676 0.909617 0.924670 0.939834 0.955104 0.970479 0.985953 1.001521 1.017175 1.032906 1.048704 1.064556 1.080447 1.096358 1.112268 1.128152 1.143979 1.159715 1.175320 1.190745 1.205937 1.220835 1.235368 1.249458 1.263016 1.275947 1.288146 1.299502 1.309900 1.319221 1.327349 1.334175 1.339600 1.343539 1.345929 1.346730 1.345929 1.343539 1.339600 1.334175 1.327349 1.319221 1.309900 1.299502 1.288146 1.275947 1.263016 1.249458 1.235368 1.220835 1.205937 1.190745 1.175320 1.159715 1.143979 1.128152 1.112268 1.096358 1.080447 1.064556 1.048704 1.032906 1.017175 1.001521 0.985953 0.970479 0.955104 0.939834 0.924670 0.909617 0.894676 0.879849 0.865137 0.850539 0.836058 0.821691 
0.827634 0.842204 0.856900 0.871723 0.886674 0.901754 0.916961 0.932296 0.947759 0.963347 0.979058 0.994888 1.010835 1.026891 1.043050 1.059303 1.075639 1.092044 1.108503 1.124994 1.141496 1.157978 1.174408 1.190745 1.206943 1.222946 1.238692 1.254106 1.269105 1.283594 1.297466 1.310606 1.322887 1.334175 1.344333 1.353222 1.360711 1.366678 1.371019 1.373658 1.374543 1.373658 1.371019 1.366678 1.360711 1.353222 1.344333 1.334175 1.322887 1.310606 1.297466 1.283594 1.269105 1.254106 1.238692 1.222946 1.206943 1.190745 1.174408 1.157978 1.141496 1.124994 1.108503 1.092044 1.075639 1.059303 1.043050 1.026891 1.010835 0.994888 0.979058 0.963347 0.947759 0.932296 0.916961 0.901754 0.886674 0.871723 0.856900 0.842204 0.827634 
0.833293 0.848060 0.862964 0.878007 0.893190 0.908516 0.923984 0.939596 0.955352 0.971251 0.987294 1.003477 1.019799 1.036256 1.052842 1.069551 1.086373 1.103298 1.120312 1.137396 1.154530 1.171687 1.188836 1.205937 1.222946 1.239808 1.256457 1.272818 1.288802 1.304309 1.319221 1.333409 1.346730 1.359029 1.370146 1.379914 1.388173 1.394775 1.399591 1.402523 1.403507 1.402523 1.399591 1.394775 1.388173 1.379914 1.370146 1.359029 1.346730 1.333409 1.319221 1.304309 1.288802 1.272818 1.256457 1.239808 1.222946 1.205937 1.188836 1.171687 1.154530 1.137396 1.120312 1.103298 1.086373 1.069551 1.052842 1.036256 1.019799 1.003477 0.987294 0.971251 0.955352 0.939596 0.923984 0.908516 0.893190 0.878007 0.862964 0.848060 0.833293 
0.838654 0.853611 0.868717 0.883972 0.899381 0.914945 0.930667 0.946548 0.962590 0.978795 0.995162 1.011693 1.028385 1.045238 1.062248 1.079411 1.096720 1.114166 1.131739 1.149424 1.167202 1.185051 1.202940 1.220835 1.238692 1.256457 1.274066 1.291441 1.308492 1.325110 1.341169 1.356526 1.371019 1.384471 1.396691 1.407481 1.416645 1.423997 1.429378 1.432660 1.433763 1.432660 1.429378 1.423997 1.416645 1.407481 1.396691 1.384471 1.371019 1.356526 1.341169 1.325110 1.308492 1.291441 1.274066 1.256457 1.238692 1.220835 1.202940 1.185051 1.167202 1.149424 1.131739 1.114166 1.096720 1.079411 1.062248 1.045238 1.028385 1.011693 0.995162 0.978795 0.962590 0.946548 0.930667 0.914945 0.899381 0.883972 0.868717 0.853611 0.838654 
0.843707 0.858847 0.874144 0.889604 0.905230 0.921024 0.936990 0.953132 0.969452 0.985953 1.002638 1.019507 1.036562 1.053804 1.071232 1.088843 1.106635 1.124602 1.142735 1.161024 1.179455 1.198007 1.216655 1.235368 1.254106 1.272818 1.291441 1.309900 1.328100 1.345929 1.363252 1.379914 1.395731 1.410501 1.423997 1.435983 1.446217 1.454466 1.460525 1.464230 1.465477 1.464230 1.460525 1.454466 1.446217 1.435983 1.423997 1.410501 1.395731 1.379914 1.363252 1.345929 1.328100 1.309900 1.291441 1.272818 1.254106 1.235368 1.216655 1.198007 1.179455 1.161024 1.142735 1.124602 1.106635 1.088843 1.071232 1.053804 1.036562 1.019507 1.002638 0.985953 0.969452 0.953132 0.936990 0.921024 0.905230 0.889604 0.874144 0.858847 0.843707 
0.848440 0.863753 0.879234 0.894889 0.910721 0.926736 0.942937 0.959329 0.975916 0.992703 1.009693 1.026891 1.044299 1.061920 1.079756 1.097808 1.116075 1.134556 1.153246 1.172139 1.191224 1.210487 1.229907 1.249458 1.269105 1.288802 1.308492 1.328100 1.347533 1.366678 1.385392 1.403507 1.420821 1.437101 1.452082 1.465477 1.476988 1.486319 1.493204 1.497429 1.498853 1.497429 1.493204 1.486319 1.476988 1.465477 1.452082 1.437101 1.420821 1.403507 1.385392 1.366678 1.347533 1.328100 1.308492 1.288802 1.269105 1.249458 1.229907 1.210487 1.191224 1.172139 1.153246 1.134556 1.116075 1.097808 1.079756 1.061920 1.044299 1.026891 1.009693 0.992703 0.975916 0.959329 0.942937 0.926736 0.910721 0.894889 0.879234 0.863753 0.848440 
0.852841 0.868317 0.883972 0.899811 0.915840 0.932063 0.948487 0.965118 0.981960 0.999020 1.016304 1.033816 1.051564 1.069551 1.087783 1.106263 1.124994 1.143979 1.163218 1.182707 1.202443 1.222417 1.242615 1.263016 1.283594 1.304309 1.325110 1.345929 1.366678 1.387243 1.407481 1.427212 1.446217 1.464230 1.480944 1.496012 1.509061 1.519714 1.527620 1.532491 1.534136 1.532491 1.527620 1.519714 1.509061 1.496012 1.480944 1.464230 1.446217 1.427212 1.407481 1.387243 1.366678 1.345929 1.325110 1.304309 1.283594 1.263016 1.242615 1.222417 1.202443 1.182707 1.163218 1.143979 1.124994 1.106263 1.087783 1.069551 1.051564 1.033816 1.016304 0.999020 0.981960 0.965118 0.948487 0.932063 0.915840 0.899811 0.883972 0.868317 0.852841 
0.856900 0.872529 0.888346 0.904358 0.920570 0.936990 0.953624 0.970479 0.987562 1.004881 1.022443 1.040255 1.058326 1.076664 1.095274 1.114166 1.133346 1.152819 1.172592 1.192665 1.213042 1.233720 1.254692 1.275947 1.297466 1.319221 1.341169 1.363252 1.385392 1.407481 1.429378 1.450898 1.471807 1.491812 1.510555 1.527620 1.542540 1.554828 1.564014 1.569704 1.571632 1.569704 1.564014 1.554828 1.542540 1.527620 1.510555 1.491812 1.471807 1.450898 1.429378 1.407481 1.385392 1.363252 1.341169 1.319221 1.297466 1.275947 1.254692 1.233720 1.213042 1.192665 1.172592 1.152819 1.133346 1.114166 1.095274 1.076664 1.058326 1.040255 1.022443 1.004881 0.987562 0.970479 0.953624 0.936990 0.920570 0.904358 0.888346 0.872529 0.856900 
0.860606 0.876376 0.892344 0.908516 0.924899 0.941501 0.958331 0.975395 0.992703 1.010264 1.028086 1.046180 1.064556 1.083223 1.102193 1.121477 1.141083 1.161024 1.181309 1.201947 1.222946 1.244311 1.266045 1.288146 1.310606 1.333409 1.356526 1.379914 1.403507 1.427212 1.450898 1.474384 1.497429 1.519714 1.540835 1.560296 1.577514 1.591853 1.602674 1.609424 1.611719 1.609424 1.602674 1.591853 1.577514 1.560296 1.540835 1.519714 1.497429 1.474384 1.450898 1.427212 1.403507 1.379914 1.356526 1.333409 1.310606 1.288146 1.266045 1.244311 1.222946 1.201947 1.181309 1.161024 1.141083 1.121477 1.102193 1.083223 1.064556 1.046180 1.028086 1.010264 0.992703 0.975395 0.958331 0.941501 0.924899 0.908516 0.892344 0.876376 0.860606 
0.863950 0.879849 0.895954 0.912272 0.928812 0.945582 0.962590 0.979847 0.997362 1.015146 1.033209 1.051564 1.070222 1.089197 1.108503 1.128152 1.148160 1.168541 1.189312 1.210487 1.232080 1.254106 1.276577 1.299502 1.322887 1.346730 1.371019 1.395731 1.420821 1.446217 1.471807 1.497429 1.522845 1.547728 1.571632 1.593976 1.614039 1.630984 1.643933 1.652085 1.654872 1.652085 1.643933 1.630984 1.614039 1.593976 1.571632 1.547728 1.522845 1.497429 1.471807 1.446217 1.420821 1.395731 1.371019 1.346730 1.322887 1.299502 1.276577 1.254106 1.232080 1.210487 1.189312 1.168541 1.148160 1.128152 1.108503 1.089197 1.070222 1.051564 1.033209 1.015146 0.997362 0.979847 0.962590 0.945582 0.928812 0.912272 0.895954 0.879849 0.863950 
0.866923 0.882937 0.899166 0.915616 0.932296 0.949217 0.966388 0.983818 1.001521 1.019507 1.037789 1.056381 1.075298 1.094554 1.114166 1.134152 1.154530 1.175320 1.196541 1.218216 1.240367 1.263016 1.286187 1.309900 1.334175 1.359029 1.384471 1.410501 1.437101 1.464230 1.491812 1.519714 1.547728 1.575537 1.602674 1.628483 1.652085 1.672389 1.688164 1.698223 1.701685 1.698223 1.688164 1.672389 1.652085 1.628483 1.602674 1.575537 1.547728 1.519714 1.491812 1.464230 1.437101 1.410501 1.384471 1.359029 1.334175 1.309900 1.286187 1.263016 1.240367 1.218216 1.196541 1.175320 1.154530 1.134152 1.114166 1.094554 1.075298 1.056381 1.037789 1.019507 1.001521 0.983818 0.966388 0.949217 0.932296 0.915616 0.899166 0.882937 0.866923 
0.869516 0.885633 0.901970 0.918536 0.935341 0.952395 0.969709 0.987294 1.005163 1.023328 1.041805 1.060609 1.079756 1.099263 1.119151 1.139440 1.160151 1.181309 1.202940 1.225072 1.247733 1.270956 1.294773 1.319221 1.344333 1.370146 1.396691 1.423997 1.452082 1.480944 1.510555 1.540835 1.571632 1.602674 1.633514 1.663453 1.691464 1.716137 1.735741 1.748468 1.752893 1.748468 1.735741 1.716137 1.691464 1.663453 1.633514 1.602674 1.571632 1.540835 1.510555 1.480944 1.452082 1.423997 1.396691 1.370146 1.344333 1.319221 1.294773 1.270956 1.247733 1.225072 1.202940 1.181309 1.160151 1.139440 1.119151 1.099263 1.079756 1.060609 1.041805 1.023328 1.005163 0.987294 0.969709 0.952395 0.935341 0.918536 0.901970 0.885633 0.869516 
0.871723 0.887927 0.904358 0.921024 0.937936 0.955104 0.972542 0.990259 1.008272 1.026593 1.045238 1.064225 1.083572 1.103298 1.123426 1.143979 1.164983 1.186465 1.208457 1.230991 1.254106 1.277841 1.302239 1.327349 1.353222 1.379914 1.407481 1.435983 1.465477 1.496012 1.527620 1.560296 1.593976 1.628483 1.663453 1.698223 1.731669 1.762044 1.786928 1.803502 1.809351 1.803502 1.786928 1.762044 1.731669 1.698223 1.663453 1.628483 1.593976 1.560296 1.527620 1.496012 1.465477 1.435983 1.407481 1.379914 1.353222 1.327349 1.302239 1.277841 1.254106 1.230991 1.208457 1.186465 1.164983 1.143979 1.123426 1.103298 1.083572 1.064225 1.045238 1.026593 1.008272 0.990259 0.972542 0.955104 0.937936 0.921024 0.904358 0.887927 0.871723 
0.873538 0.889814 0.906322 0.923071 0.940071 0.957335 0.974875 0.992703 1.010835 1.029285 1.048071 1.067211 1.086725 1.106635 1.126964 1.147739 1.168989 1.190745 1.213042 1.235920 1.259421 1.283594 1.308492 1.334175 1.360711 1.388173 1.416645 1.446217 1.476988 1.509061 1.542540 1.577514 1.614039 1.652085 1.691464 1.731669 1.771630 1.809351 1.841559 1.863827 1.871867 1.863827 1.841559 1.809351 1.771630 1.731669 1.691464 1.652085 1.614039 1.577514 1.542540 1.509061 1.476988 1.446217 1.416645 1.388173 1.360711 1.334175 1.308492 1.283594 1.259421 1.235920 1.213042 1.190745 1.168989 1.147739 1.126964 1.106635 1.086725 1.067211 1.048071 1.029285 1.010835 0.992703 0.974875 0.957335 0.940071 0.923071 0.906322 0.889814 0.873538 
0.874955 0.891288 0.907856 0.924670 0.941740 0.959079 0.976699 0.994615 1.012840 1.031393 1.050290 1.069551 1.089197 1.109252 1.129742 1.150693 1.172139 1.194113 1.216655 1.239808 1.263620 1.288146 1.313449 1.339600 1.366678 1.394775 1.423997 1.454466 1.486319 1.519714 1.554828 1.591853 1.630984 1.672389 1.716137 1.762044 1.809351 1.856113 1.898267 1.929013 1.940512 1.929013 1.898267 1.856113 1.809351 1.762044 1.716137 1.672389 1.630984 1.591853 1.554828 1.519714 1.486319 1.454466 1.423997 1.394775 1.366678 1.339600 1.313449 1.288146 1.263620 1.239808 1.216655 1.194113 1.172139 1.150693 1.129742 1.109252 1.089197 1.069551 1.050290 1.031393 1.012840 0.994615 0.976699 0.959079 0.941740 0.924670 0.907856 0.891288 0.874955 
0.875970 0.892344 0.908956 0.925816 0.942937 0.960329 0.978008 0.995986 1.014279 1.032906 1.051883 1.071232 1.090974 1.111134 1.131739 1.152819 1.174408 1.196541 1.219261 1.242615 1.266655 1.291441 1.317043 1.343539 1.371019 1.399591 1.429378 1.460525 1.493204 1.527620 1.564014 1.602674 1.643933 1.688164 1.735741 1.786928 1.841559 1.898267 1.952777 1.995474 2.012288 1.995474 1.952777 1.898267 1.841559 1.786928 1.735741 1.688164 1.643933 1.602674 1.564014 1.527620 1.493204 1.460525 1.429378 1.399591 1.371019 1.343539 1.317043 1.291441 1.266655 1.242615 1.219261 1.196541 1.174408 1.152819 1.131739 1.111134 1.090974 1.071232 1.051883 1.032906 1.014279 0.995986 0.978008 0.960329 0.942937 0.925816 0.908956 0.892344 0.875970 
0.876580 0.892978 0.909617 0.926506 0.943656 0.961082 0.978795 0.996811 1.015146 1.033816 1.052842 1.072244 1.092044 1.112268 1.132944 1.154102 1.175776 1.198007 1.220835 1.244311 1.268491 1.293436 1.319221 1.345929 1.373658 1.402523 1.432660 1.464230 1.497429 1.532491 1.569704 1.609424 1.652085 1.698223 1.748468 1.803502 1.863827 1.929013 1.995474 2.051565 2.075036 2.051565 1.995474 1.929013 1.863827 1.803502 1.748468 1.698223 1.652085 1.609424 1.569704 1.532491 1.497429 1.464230 1.432660 1.402523 1.373658 1.345929 1.319221 1.293436 1.268491 1.244311 1.220835 1.198007 1.175776 1.154102 1.132944 1.112268 1.092044 1.072244 1.052842 1.033816 1.015146 0.996811 0.978795 0.961082 0.943656 0.926506 0.909617 0.892978 0.876580 
0.876783 0.893190 0.909837 0.926736 0.943896 0.961333 0.979058 0.997086 1.015435 1.034121 1.053163 1.072582 1.092402 1.112647 1.133346 1.154530 1.176234 1.198497 1.221362 1.244879 1.269105 1.294104 1.319950 1.346730 1.374543 1.403507 1.433763 1.465477 1.498853 1.534136 1.571632 1.611719 1.654872 1.701685 1.752893 1.809351 1.871867 1.940512 2.012288 2.075036 2.102129 2.075036 2.012288 1.940512 1.871867 1.809351 1.752893 1.701685 1.654872 1.611719 1.571632 1.534136 1.498853 1.465477 1.433763 1.403507 1.374543 1.346730 1.319950 1.294104 1.269105 1.244879 1.221362 1.198497 1.176234 1.154530 1.133346 1.112647 1.092402 1.072582 1.053163 1.034121 1.015435 0.997086 0.979058 0.961333 0.943896 0.926736 0.909837 0.893190 0.876783 
0.876783 0.893190 0.909837 0.926736 0.943896 0.961333 0.979058 0.997086 1.015435 1.034120 1.053163 1.072582 1.092402 1.112647 1.133346 1.154530 1.176234 1.198496 1.221362 1.244879 1.269105 1.294104 1.319950 1.346730 1.374543 1.403507 1.433763 1.465477 1.498853 1.534136 1.571632 1.611719 1.654872 1.701685 1.752893 1.809351 1.871866 1.940510 2.012286 2.075033 2.102125 2.075033 2.012286 1.940510 1.871866 1.809351 1.752893 1.701685 1.654872 1.611719 1.571632 1.534136 1.498853 1.465477 1.433763 1.403507 1.374543 1.346730 1.319950 1.294104 1.269105 1.244879 1.221362 1.198496 1.176234 1.154530 1.133346 1.112647 1.092402 1.072582 1.053163 1.034120 1.015435 0.997086 0.979058 0.961333 0.943896 0.926736 0.909837 0.893190 0.876783 
0.876783 0.893190 0.909837 0.926736 0.943896 0.961332 0.979058 0.997086 1.015435 1.034120 1.053162 1.072582 1.092401 1.112647 1.133346 1.154530 1.176234 1.198496 1.221361 1.244879 1.269105 1.294104 1.319950 1.346729 1.374542 1.403507 1.433762 1.465477 1.498852 1.534136 1.571631 1.611718 1.654871 1.701684 1.752891 1.809349 1.871863 1.940506 2.012280 2.075024 2.102115 2.075024 2.012280 1.940506 1.871863 1.809349 1.752891 1.701684 1.654871 1.611718 1.571631 1.534136 1.498852 1.465477 1.433762 1.403507 1.374542 1.346729 1.319950 1.294104 1.269105 1.244879 1.221361 1.198496 1.176234 1.154530 1.133346 1.112647 1.092401 1.072582 1.053162 1.034120 1.015435 0.997086 0.979058 0.961332 0.943896 0.926736 0.909837 0.893190 0.876783 
0.876783 0.893190 0.909837 0.926736 0.943896 0.961333 0.979058 0.997086 1.015435 1.034120 1.053163 1.072582 1.092401 1.112647 1.133346 1.154530 1.176234 1.198496 1.221362 1.244879 1.269105 1.294104 1.319950 1.346730 1.374543 1.403507 1.433763 1.465477 1.498853 1.534136 1.571632 1.611719 1.654872 1.701685 1.752893 1.809350 1.871865 1.940510 2.012285 2.075032 2.102124 2.075032 2.012285 1.940510 1.871865 1.809350 1.752893 1.701685 1.654872 1.611719 1.571632 1.534136 1.498853 1.465477 1.433763 1.403507 1.374543 1.346730 1.319950 1.294104 1.269105 1.244879 1.221362 1.198496 1.176234 1.154530 1.133346 1.112647 1.092401 1.072582 1.053163 1.034120 1.015435 0.997086 0.979058 0.961333 0.943896 0.926736 0.909837 0.893190 0.876783 
0.876783 0.893190 0.909837 0.926736 0.943896 0.961333 0.979058 0.997086 1.015435 1.034121 1.053163 1.072582 1.092402 1.112647 1.133346 1.154530 1.176234 1.198497 1.221362 1.244879 1.269105 1.294104 1.319950 1.346730 1.374543 1.403507 1.433763 1.465477 1.498853 1.534136 1.571632 1.611719 1.654872 1.701685 1.752893 1.809351 1.871867 1.940511 2.012288 2.075036 2.102128 2.075036 2.012288 1.940511 1.871867 1.809351 1.752893 1.701685 1.654872 1.611719 1.571632 1.534136 1.498853 1.465477 1.433763 1.403507 1.374543 1.346730 1.319950 1.294104 1.269105 1.244879 1.221362 1.198497 1.176234 1.154530 1.133346 1.112647 1.092402 1.072582 1.053163 1.034121 1.015435 0.997086 0.979058 0.961333 0.943896 0.926736 0.909837 0.893190 0.876783 
0.876783 0.893190 0.909837 0.926736 0.943896 0.961333 0.979058 0.997086 1.015435 1.034120 1.053163 1.072582 1.092402 1.112647 1.133346 1.154530 1.176234 1.198496 1.221362 1.244879 1.269105 1.294104 1.319950 1.346730 1.374543 1.403507 1.433763 1.465477 1.498853 1.534136 1.571632 1.611719 1.654872 1.701685 1.752893 1.809351 1.871866 1.940511 2.012286 2.075034 2.102126 2.075034 2.012286 1.940511 1.871866 1.809351 1.752893 1.701685 1.654872 1.611719 1.571632 1.534136 1.498853 1.465477 1.433763 1.403507 1.374543 1.346730 1.319950 1.294104 1.269105 1.244879 1.221362 1.198496 1.176234 1.154530 1.133346 1.112647 1.092402 1.072582 1.053163 1.034120 1.015435 0.997086 0.979058 0.961333 0.943896 0.926736 0.909837 0.893190 0.876783 
0.876783 0.893190 0.909837 0.926736 0.943896 0.961332 0.979058 0.997086 1.015435 1.034120 1.053162 1.072582 1.092401 1.112647 1.133346 1.154530 1.176234 1.198496 1.221361 1.244879 1.269105 1.294104 1.319950 1.346729 1.374542 1.403507 1.433763 1.465477 1.498852 1.534136 1.571632 1.611718 1.654871 1.701684 1.752892 1.809349 1.871864 1.940507 2.012281 2.075026 2.102117 2.075026 2.012281 1.940507 1.871864 1.809349 1.752892 1.701684 1.654871 1.611718 1.571632 1.534136 1.498852 1.465477 1.433763 1.403507 1.374542 1.346729 1.319950 1.294104 1.269105 1.244879 1.221361 1.198496 1.176234 1.154530 1.133346 1.112647 1.092401 1.072582 1.053162 1.034120 1.015435 0.997086 0.979058 0.961332 0.943896 0.926736 0.909837 0.893190 0.876783 
0.876783 0.893190 0.909837 0.926736 0.943896 0.961333 0.979058 0.997086 1.015435 1.034120 1.053162 1.072582 1.092401 1.112647 1.133346 1.154530 1.176234 1.198496 1.221362 1.244879 1.269105 1.294104 1.319950 1.346730 1.374543 1.403507 1.433763 1.465477 1.498853 1.534136 1.571632 1.611719 1.654871 1.701685 1.752892 1.809350 1.871865 1.940509 2.012284 2.075030 2.102122 2.075030 2.012284 1.940509 1.871865 1.809350 1.752892 1.701685 1.654871 1.611719 1.571632 1.534136 1.498853 1.465477 1.433763 1.403507 1.374543 1.346730 1.319950 1.294104 1.269105 1.244879 1.221362 1.198496 1.176234 1.154530 1.133346 1.112647 1.092401 1.072582 1.053162 1.034120 1.015435 0.997086 0.979058 0.961333 0.943896 0.926736 0.909837 0.893190 0.876783 
0.876783 0.893190 0.909837 0.926736 0.943896 0.961333 0.979058 0.997086 1.015435 1.034121 1.053163 1.072582 1.092402 1.112647 1.133346 1.154530 1.176234 1.198497 1.221362 1.244879 1.269105 1.294104 1.319950 1.346730 1.374543 1.403507 1.433763 1.465477 1.498853 1.534136 1.571632 1.611719 1.654872 1.701685 1.752893 1.809351 1.871867 1.940511 2.012287 2.075035 2.102128 2.075035 2.012287 1.940511 1.871867 1.809351 1.752893 1.701685 1.654872 1.611719 1.571632 1.534136 1.498853 1.465477 1.433763 1.403507 1.374543 1.346730 1.319950 1.294104 1.269105 1.244879 1.221362 1.198497 1.176234 1.154530 1.133346 1.112647 1.092402 1.072582 1.053163 1.034121 1.015435 0.997086 0.979058 0.961333 0.943896 0.926736 0.909837 0.893190 0.876783 
0.876783 0.893190 0.909837 0.926736 0.943896 0.961333 0.979058 0.997086 1.015435 1.034120 1.053163 1.072582 1.092402 1.112647 1.133346 1.154530 1.176234 1.198496 1.221362 1.244879 1.269105 1.294104 1.319950 1.346730 1.374543 1.403507 1.433763 1.465477 1.498853 1.534136 1.571632 1.611719 1.654872 1.701685 1.752893 1.809351 1.871866 1.940511 2.012287 2.075034 2.102127 2.075034 2.012287 1.940511 1.871866 1.809351 1.752893 1.701685 1.654872 1.611719 1.571632 1.534136 1.498853 1.465477 1.433763 1.403507 1.374543 1.346730 1.319950 1.294104 1.269105 1.244879 1.221362 1.198496 1.176234 1.154530 1.133346 1.112647 1.092402 1.072582 1.053163 1.034120 1.015435 0.997086 0.979058 0.961333 0.943896 0.926736 0.909837 0.893190 0.876783 
0.876783 0.893190 0.909837 0.926736 0.943896 0.961333 0.979058 0.997086 1.015435 1.034120 1.053162 1.072582 1.092401 1.112647 1.133346 1.154530 1.176234 1.198496 1.221362 1.244879 1.269105 1.294104 1.319950 1.346730 1.374542 1.403507 1.433763 1.465477 1.498853 1.534136 1.571632 1.611719 1.654871 1.701684 1.752892 1.809349 1.871864 1.940508 2.012282 2.075028 2.102120 2.075028 2.012282 1.940508 1.871864 1.809349 1.752892 1.701684 1.654871 1.611719 1.571632 1.534136 1.498853 1.465477 1.433763 1.403507 1.374542 1.346730 1.319950 1.294104 1.269105 1.244879 1.221362 1.198496 1.176234 1.154530 1.133346 1.112647 1.092401 1.072582 1.053162 1.034120 1.015435 0.997086 0.979058 0.961333 0.943896 0.926736 0.909837 0.893190 0.876783 
0.876572 0.892971 0.909609 0.926497 0.943648 0.961073 0.978786 0.996801 1.015135 1.033806 1.052831 1.072232 1.092031 1.112255 1.132929 1.154086 1.175760 1.197989 1.220817 1.244291 1.268469 1.293413 1.319195 1.345900 1.373626 1.402488 1.432621 1.464186 1.497378 1.532433 1.569636 1.609343 1.651988 1.698101 1.748314 1.803298 1.863549 1.928620 1.994907 2.050789 2.074150 2.050789 1.994907 1.928620 1.863549 1.803298 1.748314 1.698101 1.651988 1.609343 1.569636 1.532433 1.497378 1.464186 1.432621 1.402488 1.373626 1.345900 1.319195 1.293413 1.268469 1.244291 1.220817 1.197989 1.175760 1.154086 1.132929 1.112255 1.092031 1.072232 1.052831 1.033806 1.015135 0.996801 0.978786 0.961073 0.943648 0.926497 0.909609 0.892971 0.876572 
0.875955 0.892329 0.908940 0.925800 0.942920 0.960312 0.977989 0.995966 1.014259 1.032884 1.051861 1.071208 1.090949 1.111108 1.131711 1.152789 1.174376 1.196507 1.219224 1.242575 1.266612 1.291395 1.316992 1.343483 1.370958 1.399523 1.429301 1.460438 1.493106 1.527506 1.563882 1.602518 1.643745 1.687933 1.735452 1.786555 1.841066 1.897603 1.951886 1.994347 2.011051 1.994347 1.951886 1.897603 1.841066 1.786555 1.735452 1.687933 1.643745 1.602518 1.563882 1.527506 1.493106 1.460438 1.429301 1.399523 1.370958 1.343483 1.316992 1.291395 1.266612 1.242575 1.219224 1.196507 1.174376 1.152789 1.131711 1.111108 1.090949 1.071208 1.051861 1.032884 1.014259 0.995966 0.977989 0.960312 0.942920 0.925800 0.908940 0.892329 0.875955 
0.874933 0.891266 0.907833 0.924646 0.941715 0.959053 0.976672 0.994586 1.012810 1.031361 1.050256 1.069516 1.089160 1.109213 1.129700 1.150649 1.172091 1.194062 1.216600 1.239749 1.263556 1.288077 1.313374 1.339517 1.366587 1.394674 1.423885 1.454340 1.486176 1.519550 1.554638 1.591630 1.630719 1.672068 1.715743 1.761551 1.808726 1.855317 1.897273 1.927841 1.939264 1.927841 1.897273 1.855317 1.808726 1.761551 1.715743 1.672068 1.630719 1.591630 1.554638 1.519550 1.486176 1.454340 1.423885 1.394674 1.366587 1.339517 1.313374 1.288077 1.263556 1.239749 1.216600 1.194062 1.172091 1.150649 1.129700 1.109213 1.089160 1.069516 1.050256 1.031361 1.012810 0.994586 0.976672 0.959053 0.941715 0.924646 0.907833 0.891266 0.874933 
0.873509 0.889785 0.906291 0.923039 0.940038 0.957300 0.974838 0.992665 1.010794 1.029243 1.048027 1.067164 1.086676 1.106583 1.126909 1.147680 1.168926 1.190678 1.212970 1.235842 1.259337 1.283503 1.308393 1.334068 1.360592 1.388042 1.416499 1.446054 1.476804 1.508852 1.542300 1.577236 1.613711 1.651697 1.690997 1.731103 1.770941 1.808519 1.840577 1.862724 1.870716 1.862724 1.840577 1.808519 1.770941 1.731103 1.690997 1.651697 1.613711 1.577236 1.542300 1.508852 1.476804 1.446054 1.416499 1.388042 1.360592 1.334068 1.308393 1.283503 1.259337 1.235842 1.212970 1.190678 1.168926 1.147680 1.126909 1.106583 1.086676 1.067164 1.048027 1.029243 1.010794 0.992665 0.974838 0.957300 0.940038 0.923039 0.906291 0.889785 0.873509 
0.871688 0.887891 0.904320 0.920984 0.937894 0.955061 0.972496 0.990212 1.008222 1.026540 1.045183 1.064167 1.083511 1.103234 1.123358 1.143906 1.164905 1.186382 1.208368 1.230896 1.254003 1.277730 1.302119 1.327218 1.353078 1.379755 1.407305 1.435788 1.465258 1.495764 1.527338 1.559973 1.593602 1.628046 1.662941 1.697621 1.730962 1.761224 1.785999 1.802492 1.808311 1.802492 1.785999 1.761224 1.730962 1.697621 1.662941 1.628046 1.593602 1.559973 1.527338 1.495764 1.465258 1.435788 1.407305 1.379755 1.353078 1.327218 1.302119 1.277730 1.254003 1.230896 1.208368 1.186382 1.164905 1.143906 1.123358 1.103234 1.083511 1.064167 1.045183 1.026540 1.008222 0.990212 0.972496 0.955061 0.937894 0.920984 0.904320 0.887891 0.871688 
0.869474 0.885589 0.901924 0.918489 0.935292 0.952343 0.969655 0.987237 1.005103 1.023266 1.041740 1.060540 1.079683 1.099187 1.119070 1.139353 1.160059 1.181211 1.202836 1.224959 1.247612 1.270825 1.294632 1.319067 1.344166 1.369962 1.396489 1.423773 1.451832 1.480664 1.510239 1.540478 1.571225 1.602208 1.632978 1.662839 1.690764 1.715351 1.734877 1.747548 1.751953 1.747548 1.734877 1.715351 1.690764 1.662839 1.632978 1.602208 1.571225 1.540478 1.510239 1.480664 1.451832 1.423773 1.396489 1.369962 1.344166 1.319067 1.294632 1.270825 1.247612 1.224959 1.202836 1.181211 1.160059 1.139353 1.119070 1.099187 1.079683 1.060540 1.041740 1.023266 1.005103 0.987237 0.969655 0.952343 0.935292 0.918489 0.901924 0.885589 0.869474 
0.866874 0.882887 0.899113 0.915561 0.932239 0.949157 0.966325 0.983753 1.001452 1.019435 1.037714 1.056302 1.075214 1.094466 1.114073 1.134053 1.154425 1.175207 1.196421 1.218088 1.240230 1.262868 1.286027 1.309726 1.333987 1.358823 1.384246 1.410252 1.436826 1.463925 1.491471 1.519332 1.547299 1.575054 1.602130 1.627872 1.651406 1.671643 1.687360 1.697381 1.700829 1.697381 1.687360 1.671643 1.651406 1.627872 1.602130 1.575054 1.547299 1.519332 1.491471 1.463925 1.436826 1.410252 1.384246 1.358823 1.333987 1.309726 1.286027 1.262868 1.240230 1.218088 1.196421 1.175207 1.154425 1.134053 1.114073 1.094466 1.075214 1.056302 1.037714 1.019435 1.001452 0.983753 0.966325 0.949157 0.932239 0.915561 0.899113 0.882887 0.866874 
0.863895 0.879791 0.895894 0.912210 0.928747 0.945514 0.962519 0.979773 0.997285 1.015064 1.033124 1.051474 1.070128 1.089098 1.108397 1.128040 1.148042 1.168416 1.189178 1.210344 1.231927 1.253942 1.276400 1.299311 1.322680 1.346505 1.370774 1.395463 1.420526 1.445891 1.471448 1.497030 1.522403 1.547238 1.571089 1.593378 1.613385 1.630279 1.643185 1.651309 1.654086 1.651309 1.643185 1.630279 1.613385 1.593378 1.571089 1.547238 1.522403 1.497030 1.471448 1.445891 1.420526 1.395463 1.370774 1.346505 1.322680 1.299311 1.276400 1.253942 1.231927 1.210344 1.189178 1.168416 1.148042 1.128040 1.108397 1.089098 1.070128 1.051474 1.033124 1.015064 0.997285 0.979773 0.962519 0.945514 0.928747 0.912210 0.895894 0.879791 0.863895 
