69 69
7.117853e+00 0 5
0.245852 0.257383 0.268832 0.280188 0.291441 0.302579 0.313592 0.324465 0.335186 0.345739 0.356110 0.366283 0.376239 0.385963 0.395434 0.404634 0.413543 0.422140 0.430404 0.438313 0.445846 0.452981 0.459696 0.465969 0.471780 0.477107 0.481933 0.486237 0.490005 0.493220 0.495869 0.497941 0.499428 0.500322 0.500621 0.500322 0.499428 0.497941 0.495869 0.493220 0.490005 0.486237 0.481933 0.477107 0.471780 0.465969 0.459696 0.452981 0.445846 0.438313 0.430404 0.422140 0.413543 0.404634 0.395434 0.385963 0.376239 0.366283 0.356110 0.345739 0.335186 0.324465 0.313592 0.302579 0.291441 0.280188 0.268832 0.257383 0.245852 
0.257035 0.268832 0.280552 0.292188 0.303727 0.315158 0.326469 0.337648 0.348679 0.359548 0.370239 0.380736 0.391020 0.401073 0.410875 0.420407 0.429646 0.438571 0.447158 0.455386 0.463230 0.470667 0.477672 0.484223 0.490296 0.495869 0.500920 0.505429 0.509378 0.512750 0.515530 0.517705 0.519266 0.520205 0.520519 0.520205 0.519266 0.517705 0.515530 0.512750 0.509378 0.505429 0.500920 0.495869 0.490296 0.484223 0.477672 0.470667 0.463230 0.455386 0.447158 0.438571 0.429646 0.420407 0.410875 0.401073 0.391020 0.380736 0.370239 0.359548 0.348679 0.337648 0.326469 0.315158 0.303727 0.292188 0.280552 0.268832 0.257035 
0.268119 0.280188 0.292188 0.304110 0.315943 0.327676 0.339296 0.350790 0.362143 0.373340 0.384365 0.395201 0.405827 0.416227 0.426377 0.436258 0.445846 0.455118 0.464050 0.472616 0.480792 0.488552 0.495869 0.502718 0.509073 0.514910 0.520205 0.524936 0.529082 0.532624 0.535546 0.537833 0.539475 0.540463 0.540793 0.540463 0.539475 0.537833 0.535546 0.532624 0.529082 0.524936 0.520205 0.514910 0.509073 0.502718 0.495869 0.488552 0.480792 0.472616 0.464050 0.455118 0.445846 0.436258 0.426377 0.416227 0.405827 0.395201 0.384365 0.373340 0.362143 0.350790 0.339296 0.327676 0.315943 0.304110 0.292188 0.280188 0.268119 
0.279095 0.291441 0.303727 0.315943 0.328079 0.340122 0.352061 0.363882 0.375569 0.387107 0.398480 0.409668 0.420654 0.431416 0.441933 0.452182 0.462139 0.471780 0.481077 0.490005 0.498535 0.506640 0.514292 0.521462 0.528122 0.534244 0.539804 0.544775 0.549135 0.552862 0.555938 0.558348 0.560078 0.561120 0.561468 0.561120 0.560078 0.558348 0.555938 0.552862 0.549135 0.544775 0.539804 0.534244 0.528122 0.521462 0.514292 0.506640 0.498535 0.490005 0.481077 0.471780 0.462139 0.452182 0.441933 0.431416 0.420654 0.409668 0.398480 0.387107 0.375569 0.363882 0.352061 0.340122 0.328079 0.315943 0.303727 0.291441 0.279095 
0.289950 0.302579 0.315158 0.327676 0.340122 0.352486 0.364753 0.376911 0.388944 0.400837 0.412571 0.424129 0.435490 0.446633 0.457535 0.468173 0.478521 0.488552 0.498238 0.507551 0.516460 0.524936 0.532948 0.540463 0.547452 0.553885 0.559731 0.564964 0.569557 0.573486 0.576731 0.579275 0.581101 0.582202 0.582569 0.582202 0.581101 0.579275 0.576731 0.573486 0.569557 0.564964 0.559731 0.553885 0.547452 0.540463 0.532948 0.524936 0.516460 0.507551 0.498238 0.488552 0.478521 0.468173 0.457535 0.446633 0.435490 0.424129 0.412571 0.400837 0.388944 0.376911 0.364753 0.352486 0.340122 0.327676 0.315158 0.302579 0.289950 
0.300673 0.313592 0.326469 0.339296 0.352061 0.364753 0.377359 0.389865 0.402257 0.414517 0.426628 0.438571 0.450324 0.461867 0.473175 0.484223 0.494984 0.505429 0.515530 0.525254 0.534569 0.543443 0.551842 0.559731 0.567077 0.573846 0.580004 0.585522 0.590370 0.594521 0.597951 0.600641 0.602574 0.603739 0.604128 0.603739 0.602574 0.600641 0.597951 0.594521 0.590370 0.585522 0.580004 0.573846 0.567077 0.559731 0.551842 0.543443 0.534569 0.525254 0.515530 0.505429 0.494984 0.484223 0.473175 0.461867 0.450324 0.438571 0.426628 0.414517 0.402257 0.389865 0.377359 0.364753 0.352061 0.339296 0.326469 0.313592 0.300673 
0.311252 0.324465 0.337648 0.350790 0.363882 0.376911 0.389865 0.402731 0.415493 0.428134 0.440637 0.452981 0.465146 0.477107 0.488842 0.500322 0.511521 0.522406 0.532948 0.543111 0.552862 0.562164 0.570981 0.579275 0.587007 0.594141 0.600641 0.606471 0.611598 0.615992 0.619626 0.622478 0.624528 0.625764 0.626177 0.625764 0.624528 0.622478 0.619626 0.615992 0.611598 0.606471 0.600641 0.594141 0.587007 0.579275 0.570981 0.562164 0.552862 0.543111 0.532948 0.522406 0.511521 0.500322 0.488842 0.477107 0.465146 0.452981 0.440637 0.428134 0.415493 0.402731 0.389865 0.376911 0.363882 0.350790 0.337648 0.324465 0.311252 
0.321674 0.335186 0.348679 0.362143 0.375569 0.388944 0.402257 0.415493 0.428638 0.441674 0.454583 0.467345 0.479939 0.492340 0.504523 0.516460 0.528122 0.539475 0.550486 0.561120 0.571338 0.581101 0.590370 0.599102 0.607255 0.614788 0.621661 0.627833 0.633267 0.637929 0.641788 0.644819 0.646999 0.648313 0.648752 0.648313 0.646999 0.644819 0.641788 0.637929 0.633267 0.627833 0.621661 0.614788 0.607255 0.599102 0.590370 0.581101 0.571338 0.561120 0.550486 0.539475 0.528122 0.516460 0.504523 0.492340 0.479939 0.467345 0.454583 0.441674 0.428638 0.415493 0.402257 0.388944 0.375569 0.362143 0.348679 0.335186 0.321674 
0.331924 0.345739 0.359548 0.373340 0.387107 0.400837 0.414517 0.428134 0.441674 0.455118 0.468450 0.481647 0.494689 0.507551 0.520205 0.532624 0.544775 0.556625 0.568138 0.579275 0.589995 0.600256 0.610013 0.619221 0.627833 0.635802 0.643084 0.649633 0.655406 0.660364 0.664473 0.667702 0.670026 0.671428 0.671897 0.671428 0.670026 0.667702 0.664473 0.660364 0.655406 0.649633 0.643084 0.635802 0.627833 0.619221 0.610013 0.600256 0.589995 0.579275 0.568138 0.556625 0.544775 0.532624 0.520205 0.507551 0.494689 0.481647 0.468450 0.455118 0.441674 0.428134 0.414517 0.400837 0.387107 0.373340 0.359548 0.345739 0.331924 
0.341987 0.356110 0.370239 0.384365 0.398480 0.412571 0.426628 0.440637 0.454583 0.468450 0.482218 0.495869 0.509378 0.522722 0.535872 0.548798 0.561468 0.573846 0.585893 0.597568 0.608828 0.619626 0.629913 0.639639 0.648752 0.657201 0.664933 0.671897 0.678045 0.683333 0.687720 0.691170 0.693655 0.695155 0.695657 0.695155 0.693655 0.691170 0.687720 0.683333 0.678045 0.671897 0.664933 0.657201 0.648752 0.639639 0.629913 0.619626 0.608828 0.597568 0.585893 0.573846 0.561468 0.548798 0.535872 0.522722 0.509378 0.495869 0.482218 0.468450 0.454583 0.440637 0.426628 0.412571 0.398480 0.384365 0.370239 0.356110 0.341987 
0.351849 0.366283 0.380736 0.395201 0.409668 0.424129 0.438571 0.452981 0.467345 0.481647 0.495869 0.509989 0.523986 0.537833 0.551503 0.564964 0.578183 0.591121 0.603739 0.615992 0.627833 0.639211 0.650073 0.660364 0.670026 0.679001 0.687230 0.694655 0.701221 0.706875 0.711572 0.715271 0.717937 0.719547 0.720085 0.719547 0.717937 0.715271 0.711572 0.706875 0.701221 0.694655 0.687230 0.679001 0.670026 0.660364 0.650073 0.639211 0.627833 0.615992 0.603739 0.591121 0.578183 0.564964 0.551503 0.537833 0.523986 0.509989 0.495869 0.481647 0.467345 0.452981 0.438571 0.424129 0.409668 0.395201 0.380736 0.366283 0.351849 
0.361493 0.376239 0.391020 0.405827 0.420654 0.435490 0.450324 0.465146 0.479939 0.494689 0.509378 0.523986 0.538489 0.552862 0.567077 0.581101 0.594900 0.608434 0.621661 0.634532 0.646999 0.659005 0.670493 0.681401 0.691666 0.701221 0.710000 0.717937 0.724969 0.731035 0.736080 0.740058 0.742928 0.744662 0.745242 0.744662 0.742928 0.740058 0.736080 0.731035 0.724969 0.717937 0.710000 0.701221 0.691666 0.681401 0.670493 0.659005 0.646999 0.634532 0.621661 0.608434 0.594900 0.581101 0.567077 0.552862 0.538489 0.523986 0.509378 0.494689 0.479939 0.465146 0.450324 0.435490 0.420654 0.405827 0.391020 0.376239 0.361493 
0.370902 0.385963 0.401073 0.416227 0.431416 0.446633 0.461867 0.477107 0.492340 0.507551 0.522722 0.537833 0.552862 0.567784 0.582569 0.597186 0.611598 0.625764 0.639639 0.653174 0.666315 0.679001 0.691170 0.702754 0.713681 0.723877 0.733268 0.741777 0.749331 0.755859 0.761299 0.765592 0.768694 0.770569 0.771196 0.770569 0.768694 0.765592 0.761299 0.755859 0.749331 0.741777 0.733268 0.723877 0.713681 0.702754 0.691170 0.679001 0.666315 0.653174 0.639639 0.625764 0.611598 0.597186 0.582569 0.567784 0.552862 0.537833 0.522722 0.507551 0.492340 0.477107 0.461867 0.446633 0.431416 0.416227 0.401073 0.385963 0.370902 
0.380058 0.395434 0.410875 0.426377 0.441933 0.457535 0.473175 0.488842 0.504523 0.520205 0.535872 0.551503 0.567077 0.582569 0.597951 0.613190 0.628248 0.643084 0.657651 0.671897 0.685763 0.699187 0.712098 0.724422 0.736080 0.746988 0.757060 0.766210 0.774352 0.781404 0.787290 0.791944 0.795309 0.797346 0.798028 0.797346 0.795309 0.791944 0.787290 0.781404 0.774352 0.766210 0.757060 0.746988 0.736080 0.724422 0.712098 0.699187 0.685763 0.671897 0.657651 0.643084 0.628248 0.613190 0.597951 0.582569 0.567077 0.551503 0.535872 0.520205 0.504523 0.488842 0.473175 0.457535 0.441933 0.426377 0.410875 0.395434 0.380058 
0.388944 0.404634 0.420407 0.436258 0.452182 0.468173 0.484223 0.500322 0.516460 0.532624 0.548798 0.564964 0.581101 0.597186 0.613190 0.629080 0.644819 0.660364 0.675668 0.690675 0.705324 0.719547 0.733268 0.746405 0.758870 0.770569 0.781404 0.791275 0.800082 0.807728 0.814125 0.819191 0.822861 0.825083 0.825827 0.825083 0.822861 0.819191 0.814125 0.807728 0.800082 0.791275 0.781404 0.770569 0.758870 0.746405 0.733268 0.719547 0.705324 0.690675 0.675668 0.660364 0.644819 0.629080 0.613190 0.597186 0.581101 0.564964 0.548798 0.532624 0.516460 0.500322 0.484223 0.468173 0.452182 0.436258 0.420407 0.404634 0.388944 
0.397540 0.413543 0.429646 0.445846 0.462139 0.478521 0.494984 0.511521 0.528122 0.544775 0.561468 0.578183 0.594900 0.611598 0.628248 0.644819 0.661273 0.677569 0.693655 0.709477 0.724969 0.740058 0.754663 0.768694 0.782053 0.794633 0.806324 0.817010 0.826574 0.834901 0.841884 0.847426 0.851447 0.853886 0.854703 0.853886 0.851447 0.847426 0.841884 0.834901 0.826574 0.817010 0.806324 0.794633 0.782053 0.768694 0.754663 0.740058 0.724969 0.709477 0.693655 0.677569 0.661273 0.644819 0.628248 0.611598 0.594900 0.578183 0.561468 0.544775 0.528122 0.511521 0.494984 0.478521 0.462139 0.445846 0.429646 0.413543 0.397540 
0.405827 0.422140 0.438571 0.455118 0.471780 0.488552 0.505429 0.522406 0.539475 0.556625 0.573846 0.591121 0.608434 0.625764 0.643084 0.660364 0.677569 0.694655 0.711572 0.728264 0.744662 0.760690 0.776260 0.791275 0.805625 0.819191 0.831847 0.843457 0.853886 0.862996 0.870658 0.876754 0.881185 0.883876 0.884778 0.883876 0.881185 0.876754 0.870658 0.862996 0.853886 0.843457 0.831847 0.819191 0.805625 0.791275 0.776260 0.760690 0.744662 0.728264 0.711572 0.694655 0.677569 0.660364 0.643084 0.625764 0.608434 0.591121 0.573846 0.556625 0.539475 0.522406 0.505429 0.488552 0.471780 0.455118 0.438571 0.422140 0.405827 
0.413786 0.430404 0.447158 0.464050 0.481077 0.498238 0.515530 0.532948 0.550486 0.568138 0.585893 0.603739 0.621661 0.639639 0.657651 0.675668 0.693655 0.711572 0.729369 0.746988 0.764360 0.781404 0.798028 0.814125 0.829576 0.844247 0.857993 0.870658 0.882080 0.892096 0.900550 0.907296 0.912211 0.915200 0.916203 0.915200 0.912211 0.907296 0.900550 0.892096 0.882080 0.870658 0.857993 0.844247 0.829576 0.814125 0.798028 0.781404 0.764360 0.746988 0.729369 0.711572 0.693655 0.675668 0.657651 0.639639 0.621661 0.603739 0.585893 0.568138 0.550486 0.532948 0.515530 0.498238 0.481077 0.464050 0.447158 0.430404 0.413786 
0.421396 0.438313 0.455386 0.472616 0.490005 0.507551 0.525254 0.543111 0.561120 0.579275 0.597568 0.615992 0.634532 0.653174 0.671897 0.690675 0.709477 0.728264 0.746988 0.765592 0.784007 0.802149 0.819922 0.837211 0.853886 0.869797 0.884778 0.898650 0.911221 0.922295 0.931679 0.939194 0.944684 0.948029 0.949153 0.948029 0.944684 0.939194 0.931679 0.922295 0.911221 0.898650 0.884778 0.869797 0.853886 0.837211 0.819922 0.802149 0.784007 0.765592 0.746988 0.728264 0.709477 0.690675 0.671897 0.653174 0.634532 0.615992 0.597568 0.579275 0.561120 0.543111 0.525254 0.507551 0.490005 0.472616 0.455386 0.438313 0.421396 
0.428638 0.445846 0.463230 0.480792 0.498535 0.516460 0.534569 0.552862 0.571338 0.589995 0.608828 0.627833 0.646999 0.666315 0.685763 0.705324 0.724969 0.744662 0.764360 0.784007 0.803535 0.822861 0.841884 0.860484 0.878519 0.895824 0.912211 0.927471 0.941377 0.953693 0.964180 0.972613 0.978795 0.982570 0.983840 0.982570 0.978795 0.972613 0.964180 0.953693 0.941377 0.927471 0.912211 0.895824 0.878519 0.860484 0.841884 0.822861 0.803535 0.784007 0.764360 0.744662 0.724969 0.705324 0.685763 0.666315 0.646999 0.627833 0.608828 0.589995 0.571338 0.552862 0.534569 0.516460 0.498535 0.480792 0.463230 0.445846 0.428638 
0.435490 0.452981 0.470667 0.488552 0.506640 0.524936 0.543443 0.562164 0.581101 0.600256 0.619626 0.639211 0.659005 0.679001 0.699187 0.719547 0.740058 0.760690 0.781404 0.802149 0.822861 0.843457 0.863837 0.883876 0.903422 0.922295 0.940283 0.957145 0.972613 0.986398 0.998204 1.007747 1.014772 1.019074 1.020523 1.019074 1.014772 1.007747 0.998204 0.986398 0.972613 0.957145 0.940283 0.922295 0.903422 0.883876 0.863837 0.843457 0.822861 0.802149 0.781404 0.760690 0.740058 0.719547 0.699187 0.679001 0.659005 0.639211 0.619626 0.600256 0.581101 0.562164 0.543443 0.524936 0.506640 0.488552 0.470667 0.452981 0.435490 
0.441933 0.459696 0.477672 0.495869 0.514292 0.532948 0.551842 0.570981 0.590370 0.610013 0.629913 0.650073 0.670493 0.691170 0.712098 0.733268 0.754663 0.776260 0.798028 0.819922 0.841884 0.863837 0.885683 0.907296 0.928517 0.949153 0.968968 0.987685 1.004987 1.020523 1.033924 1.044824 1.052888 1.057845 1.059518 1.057845 1.052888 1.044824 1.033924 1.020523 1.004987 0.987685 0.968968 0.949153 0.928517 0.907296 0.885683 0.863837 0.841884 0.819922 0.798028 0.776260 0.754663 0.733268 0.712098 0.691170 0.670493 0.650073 0.629913 0.610013 0.590370 0.570981 0.551842 0.532948 0.514292 0.495869 0.477672 0.459696 0.441933 
0.447948 0.465969 0.484223 0.502718 0.521462 0.540463 0.559731 0.579275 0.599102 0.619221 0.639639 0.660364 0.681401 0.702754 0.724422 0.746405 0.768694 0.791275 0.814125 0.837211 0.860484 0.883876 0.907296 0.930621 0.953693 0.976306 0.998204 1.019074 1.038542 1.056183 1.071530 1.084110 1.093476 1.099260 1.101216 1.099260 1.093476 1.084110 1.071530 1.056183 1.038542 1.019074 0.998204 0.976306 0.953693 0.930621 0.907296 0.883876 0.860484 0.837211 0.814125 0.791275 0.768694 0.746405 0.724422 0.702754 0.681401 0.660364 0.639639 0.619221 0.599102 0.579275 0.559731 0.540463 0.521462 0.502718 0.484223 0.465969 0.447948 
0.453514 0.471780 0.490296 0.509073 0.528122 0.547452 0.567077 0.587007 0.607255 0.627833 0.648752 0.670026 0.691666 0.713681 0.736080 0.758870 0.782053 0.805625 0.829576 0.853886 0.878519 0.903422 0.928517 0.953693 0.978795 1.003617 1.027887 1.051256 1.073291 1.093476 1.111224 1.125913 1.136939 1.143787 1.146111 1.143787 1.136939 1.125913 1.111224 1.093476 1.073291 1.051256 1.027887 1.003617 0.978795 0.953693 0.928517 0.903422 0.878519 0.853886 0.829576 0.805625 0.782053 0.758870 0.736080 0.713681 0.691666 0.670026 0.648752 0.627833 0.607255 0.587007 0.567077 0.547452 0.528122 0.509073 0.490296 0.471780 0.453514 
0.458614 0.477107 0.495869 0.514910 0.534244 0.553885 0.573846 0.594141 0.614788 0.635802 0.657201 0.679001 0.701221 0.723877 0.746988 0.770569 0.794633 0.819191 0.844247 0.869797 0.895824 0.922295 0.949153 0.976306 1.003617 1.030889 1.057845 1.084110 1.109192 1.132472 1.153211 1.170586 1.183765 1.192013 1.194824 1.192013 1.183765 1.170586 1.153211 1.132472 1.109192 1.084110 1.057845 1.030889 1.003617 0.976306 0.949153 0.922295 0.895824 0.869797 0.844247 0.819191 0.794633 0.770569 0.746988 0.723877 0.701221 0.679001 0.657201 0.635802 0.614788 0.594141 0.573846 0.553885 0.534244 0.514910 0.495869 0.477107 0.458614 
0.463230 0.481933 0.500920 0.520205 0.539804 0.559731 0.580004 0.600641 0.621661 0.643084 0.664933 0.687230 0.710000 0.733268 0.757060 0.781404 0.806324 0.831847 0.857993 0.884778 0.912211 0.940283 0.968968 0.998204 1.027887 1.057845 1.087817 1.117418 1.146111 1.173168 1.197666 1.218514 1.234544 1.244680 1.248153 1.244680 1.234544 1.218514 1.197666 1.173168 1.146111 1.117418 1.087817 1.057845 1.027887 0.998204 0.968968 0.940283 0.912211 0.884778 0.857993 0.831847 0.806324 0.781404 0.757060 0.733268 0.710000 0.687230 0.664933 0.643084 0.621661 0.600641 0.580004 0.559731 0.539804 0.520205 0.500920 0.481933 0.463230 
0.467345 0.486237 0.505429 0.524936 0.544775 0.564964 0.585522 0.606471 0.627833 0.649633 0.671897 0.694655 0.717937 0.741777 0.766210 0.791275 0.817010 0.843457 0.870658 0.898650 0.927471 0.957145 0.987685 1.019074 1.051256 1.084110 1.117418 1.150822 1.183765 1.215427 1.244680 1.270079 1.289966 1.302720 1.307122 1.302720 1.289966 1.270079 1.244680 1.215427 1.183765 1.150822 1.117418 1.084110 1.051256 1.019074 0.987685 0.957145 0.927471 0.898650 0.870658 0.843457 0.817010 0.791275 0.766210 0.741777 0.717937 0.694655 0.671897 0.649633 0.627833 0.606471 0.585522 0.564964 0.544775 0.524936 0.505429 0.486237 0.467345 
0.470945 0.490005 0.509378 0.529082 0.549135 0.569557 0.590370 0.611598 0.633267 0.655406 0.678045 0.701221 0.724969 0.749331 0.774352 0.800082 0.826574 0.853886 0.882080 0.911221 0.941377 0.972613 1.004987 1.038542 1.073291 1.109192 1.146111 1.183765 1.221639 1.258874 1.294144 1.325572 1.350789 1.367279 1.373034 1.367279 1.350789 1.325572 1.294144 1.258874 1.221639 1.183765 1.146111 1.109192 1.073291 1.038542 1.004987 0.972613 0.941377 0.911221 0.882080 0.853886 0.826574 0.800082 0.774352 0.749331 0.724969 0.701221 0.678045 0.655406 0.633267 0.611598 0.590370 0.569557 0.549135 0.529082 0.509378 0.490005 0.470945 
0.474015 0.493220 0.512750 0.532624 0.552862 0.573486 0.594521 0.615992 0.637929 0.660364 0.683333 0.706875 0.731035 0.755859 0.781404 0.807728 0.834901 0.862996 0.892096 0.922295 0.953693 0.986398 1.020523 1.056183 1.093476 1.132472 1.173168 1.215427 1.258874 1.302720 1.345532 1.384973 1.417686 1.439680 1.447482 1.439680 1.417686 1.384973 1.345532 1.302720 1.258874 1.215427 1.173168 1.132472 1.093476 1.056183 1.020523 0.986398 0.953693 0.922295 0.892096 0.862996 0.834901 0.807728 0.781404 0.755859 0.731035 0.706875 0.683333 0.660364 0.637929 0.615992 0.594521 0.573486 0.552862 0.532624 0.512750 0.493220 0.474015 
0.476543 0.495869 0.515530 0.535546 0.555938 0.576731 0.597951 0.619626 0.641788 0.664473 0.687720 0.711572 0.736080 0.761299 0.787290 0.814125 0.841884 0.870658 0.900550 0.931679 0.964180 0.998204 1.033924 1.071530 1.111224 1.153211 1.197666 1.244680 1.294144 1.345532 1.397532 1.447482 1.490806 1.521123 1.532143 1.521123 1.490806 1.447482 1.397532 1.345532 1.294144 1.244680 1.197666 1.153211 1.111224 1.071530 1.033924 0.998204 0.964180 0.931679 0.900550 0.870658 0.841884 0.814125 0.787290 0.761299 0.736080 0.711572 0.687720 0.664473 0.641788 0.619626 0.597951 0.576731 0.555938 0.535546 0.515530 0.495869 0.476543 
0.478521 0.497941 0.517705 0.537833 0.558348 0.579275 0.600641 0.622478 0.644819 0.667702 0.691170 0.715271 0.740058 0.765592 0.791944 0.819191 0.847426 0.876754 0.907296 0.939194 0.972613 1.007747 1.044824 1.084110 1.125913 1.170586 1.218514 1.270079 1.325572 1.384973 1.447482 1.510587 1.568598 1.611574 1.627786 1.611574 1.568598 1.510587 1.447482 1.384973 1.325572 1.270079 1.218514 1.170586 1.125913 1.084110 1.044824 1.007747 0.972613 0.939194 0.907296 0.876754 0.847426 0.819191 0.791944 0.765592 0.740058 0.715271 0.691170 0.667702 0.644819 0.622478 0.600641 0.579275 0.558348 0.537833 0.517705 0.497941 0.478521 
0.479939 0.499428 0.519266 0.539475 0.560078 0.581101 0.602574 0.624528 0.646999 0.670026 0.693655 0.717937 0.742928 0.768694 0.795309 0.822861 0.851447 0.881185 0.912211 0.944684 0.978795 1.014772 1.052888 1.093476 1.136939 1.183765 1.234544 1.289966 1.350789 1.417686 1.490806 1.568598 1.645165 1.706315 1.730667 1.706315 1.645165 1.568598 1.490806 1.417686 1.350789 1.289966 1.234544 1.183765 1.136939 1.093476 1.052888 1.014772 0.978795 0.944684 0.912211 0.881185 0.851447 0.822861 0.795309 0.768694 0.742928 0.717937 0.693655 0.670026 0.646999 0.624528 0.602574 0.581101 0.560078 0.539475 0.519266 0.499428 0.479939 
0.480792 0.500322 0.520205 0.540463 0.561120 0.582202 0.603739 0.625764 0.648313 0.671428 0.695155 0.719547 0.744662 0.770569 0.797346 0.825083 0.853886 0.883876 0.915200 0.948029 0.982570 1.019074 1.057845 1.099260 1.143787 1.192013 1.244680 1.302720 1.367279 1.439680 1.521123 1.611574 1.706315 1.788122 1.822815 1.788122 1.706315 1.611574 1.521123 1.439680 1.367279 1.302720 1.244680 1.192013 1.143787 1.099260 1.057845 1.019074 0.982570 0.948029 0.915200 0.883876 0.853886 0.825083 0.797346 0.770569 0.744662 0.719547 0.695155 0.671428 0.648313 0.625764 0.603739 0.582202 0.561120 0.540463 0.520205 0.500322 0.480792 
0.481077 0.500621 0.520519 0.540793 0.561468 0.582569 0.604128 0.626177 0.648752 0.671897 0.695657 0.720085 0.745242 0.771196 0.798028 0.825827 0.854703 0.884778 0.916203 0.949153 0.983840 1.020523 1.059518 1.101216 1.146111 1.194824 1.248153 1.307122 1.373034 1.447482 1.532143 1.627786 1.730667 1.822815 1.863176 1.822815 1.730667 1.627786 1.532143 1.447482 1.373034 1.307122 1.248153 1.194824 1.146111 1.101216 1.059518 1.020523 0.983840 0.949153 0.916203 0.884778 0.854703 0.825827 0.798028 0.771196 0.745242 0.720085 0.695657 0.671897 0.648752 0.626177 0.604128 0.582569 0.561468 0.540793 0.520519 0.500621 0.481077 
0.481077 0.500621 0.520519 0.540793 0.561468 0.582569 0.604128 0.626177 0.648752 0.671897 0.695657 0.720085 0.745242 0.771196 0.798028 0.825827 0.854702 0.884778 0.916203 0.949153 0.983840 1.020523 1.059518 1.101216 1.146110 1.194824 1.248153 1.307122 1.373034 1.447481 1.532141 1.627784 1.730664 1.822811 1.863171 1.822811 1.730664 1.627784 1.532141 1.447481 1.373034 1.307122 1.248153 1.194824 1.146110 1.101216 1.059518 1.020523 0.983840 0.949153 0.916203 0.884778 0.854702 0.825827 0.798028 0.771196 0.745242 0.720085 0.695657 0.671897 0.648752 0.626177 0.604128 0.582569 0.561468 0.540793 0.520519 0.500621 0.481077 
0.481077 0.500621 0.520519 0.540793 0.561468 0.582569 0.604128 0.626176 0.648752 0.671897 0.695657 0.720085 0.745242 0.771196 0.798027 0.825827 0.854702 0.884778 0.916202 0.949152 0.983840 1.020523 1.059517 1.101216 1.146110 1.194823 1.248152 1.307120 1.373032 1.447478 1.532138 1.627778 1.730656 1.822798 1.863156 1.822798 1.730656 1.627778 1.532138 1.447478 1.373032 1.307120 1.248152 1.194823 1.146110 1.101216 1.059517 1.020523 0.983840 0.949152 0.916202 0.884778 0.854702 0.825827 0.798027 0.771196 0.745242 0.720085 0.695657 0.671897 0.648752 0.626176 0.604128 0.582569 0.561468 0.540793 0.520519 0.500621 0.481077 
0.480780 0.500309 0.520192 0.540449 0.561105 0.582186 0.603722 0.625746 0.648294 0.671408 0.695134 0.719523 0.744637 0.770542 0.797316 0.825051 0.853850 0.883837 0.915156 0.947980 0.982515 1.019011 1.057773 1.099175 1.143686 1.191892 1.244531 1.302530 1.367032 1.439347 1.520656 1.610893 1.705311 1.786719 1.821202 1.786719 1.705311 1.610893 1.520656 1.439347 1.367032 1.302530 1.244531 1.191892 1.143686 1.099175 1.057773 1.019011 0.982515 0.947980 0.915156 0.883837 0.853850 0.825051 0.797316 0.770542 0.744637 0.719523 0.695134 0.671408 0.648294 0.625746 0.603722 0.582186 0.561105 0.540449 0.520192 0.500309 0.480780 
0.479915 0.499402 0.519239 0.539446 0.560048 0.581070 0.602541 0.624493 0.646961 0.669986 0.693612 0.717891 0.742878 0.768640 0.795251 0.822797 0.851377 0.881108 0.912125 0.944588 0.978687 1.014649 1.052747 1.093311 1.136744 1.183531 1.234258 1.289609 1.350330 1.417081 1.489987 1.567467 1.643612 1.704320 1.728464 1.704320 1.643612 1.567467 1.489987 1.417081 1.350330 1.289609 1.234258 1.183531 1.136744 1.093311 1.052747 1.014649 0.978687 0.944588 0.912125 0.881108 0.851377 0.822797 0.795251 0.768640 0.742878 0.717891 0.693612 0.669986 0.646961 0.624493 0.602541 0.581070 0.560048 0.539446 0.519239 0.499402 0.479915 
0.478484 0.497903 0.517665 0.537790 0.558303 0.579227 0.600591 0.622425 0.644762 0.667642 0.691106 0.715202 0.739984 0.765512 0.791857 0.819097 0.847323 0.876640 0.907170 0.939053 0.972455 1.007568 1.044619 1.083872 1.125634 1.170254 1.218112 1.269585 1.324953 1.384182 1.446458 1.509256 1.566906 1.609553 1.625626 1.609553 1.566906 1.509256 1.446458 1.384182 1.324953 1.269585 1.218112 1.170254 1.125634 1.083872 1.044619 1.007568 0.972455 0.939053 0.907170 0.876640 0.847323 0.819097 0.791857 0.765512 0.739984 0.715202 0.691106 0.667642 0.644762 0.622425 0.600591 0.579227 0.558303 0.537790 0.517665 0.497903 0.478484 
0.476495 0.495818 0.515476 0.535489 0.555879 0.576669 0.597885 0.619556 0.641714 0.664394 0.687635 0.711482 0.735983 0.761193 0.787176 0.814001 0.841749 0.870509 0.900386 0.931496 0.963975 0.997973 1.033661 1.071228 1.110873 1.152798 1.197174 1.244087 1.293419 1.344637 1.396423 1.446118 1.489174 1.519274 1.530207 1.519274 1.489174 1.446118 1.396423 1.344637 1.293419 1.244087 1.197174 1.152798 1.110873 1.071228 1.033661 0.997973 0.963975 0.931496 0.900386 0.870509 0.841749 0.814001 0.787176 0.761193 0.735983 0.711482 0.687635 0.664394 0.641714 0.619556 0.597885 0.576669 0.555879 0.535489 0.515476 0.495818 0.476495 
0.473954 0.493156 0.512684 0.532554 0.552789 0.573409 0.594439 0.615905 0.637837 0.660267 0.683229 0.706764 0.730915 0.755730 0.781264 0.807577 0.834735 0.862814 0.891897 0.922074 0.953446 0.986121 1.020210 1.055826 1.093066 1.131995 1.172609 1.214768 1.258088 1.301782 1.344415 1.383659 1.416182 1.438032 1.445780 1.438032 1.416182 1.383659 1.344415 1.301782 1.258088 1.214768 1.172609 1.131995 1.093066 1.055826 1.020210 0.986121 0.953446 0.922074 0.891897 0.862814 0.834735 0.807577 0.781264 0.755730 0.730915 0.706764 0.683229 0.660267 0.637837 0.615905 0.594439 0.573409 0.552789 0.532554 0.512684 0.493156 0.473954 
0.470873 0.489930 0.509299 0.528999 0.549048 0.569465 0.590273 0.611495 0.633158 0.655290 0.677922 0.701089 0.724827 0.749179 0.774188 0.799904 0.826381 0.853675 0.881848 0.910966 0.941094 0.972297 1.004632 1.038141 1.072835 1.108669 1.145508 1.183067 1.220827 1.257932 1.293058 1.324337 1.349420 1.365814 1.371534 1.365814 1.349420 1.324337 1.293058 1.257932 1.220827 1.183067 1.145508 1.108669 1.072835 1.038141 1.004632 0.972297 0.941094 0.910966 0.881848 0.853675 0.826381 0.799904 0.774188 0.749179 0.724827 0.701089 0.677922 0.655290 0.633158 0.611495 0.590273 0.569465 0.549048 0.528999 0.509299 0.489930 0.470873 
0.467262 0.486151 0.505338 0.524841 0.544675 0.564858 0.585410 0.606353 0.627708 0.649500 0.671756 0.694504 0.717776 0.741604 0.766024 0.791073 0.816792 0.843220 0.870398 0.898365 0.927156 0.956797 0.987296 1.018639 1.050766 1.083556 1.116790 1.150107 1.182951 1.214505 1.243643 1.268930 1.288721 1.301408 1.305787 1.301408 1.288721 1.268930 1.243643 1.214505 1.182951 1.150107 1.116790 1.083556 1.050766 1.018639 0.987296 0.956797 0.927156 0.898365 0.870398 0.843220 0.816792 0.791073 0.766024 0.741604 0.717776 0.694504 0.671756 0.649500 0.627708 0.606353 0.585410 0.564858 0.544675 0.524841 0.505338 0.486151 0.467262 
0.463136 0.481834 0.500817 0.520097 0.539691 0.559612 0.579879 0.600508 0.621520 0.642935 0.664774 0.687061 0.709820 0.733075 0.756853 0.781181 0.806083 0.831585 0.857708 0.884467 0.911870 0.939908 0.968552 0.997743 1.027373 1.057271 1.087175 1.116700 1.145308 1.172276 1.196684 1.217447 1.233406 1.243496 1.246952 1.243496 1.233406 1.217447 1.196684 1.172276 1.145308 1.116700 1.087175 1.057271 1.027373 0.997743 0.968552 0.939908 0.911870 0.884467 0.857708 0.831585 0.806083 0.781181 0.756853 0.733075 0.709820 0.687061 0.664774 0.642935 0.621520 0.600508 0.579879 0.559612 0.539691 0.520097 0.500817 0.481834 0.463136 
0.458510 0.476998 0.495754 0.514790 0.534119 0.553753 0.573706 0.593995 0.614633 0.635638 0.657027 0.678816 0.701023 0.723666 0.746762 0.770326 0.794372 0.818909 0.843941 0.869464 0.895461 0.921898 0.948717 0.975826 1.003088 1.030305 1.057200 1.083398 1.108409 1.131616 1.152283 1.169593 1.182719 1.190933 1.193732 1.190933 1.182719 1.169593 1.152283 1.131616 1.108409 1.083398 1.057200 1.030305 1.003088 0.975826 0.948717 0.921898 0.895461 0.869464 0.843941 0.818909 0.794372 0.770326 0.746762 0.723666 0.701023 0.678816 0.657027 0.635638 0.614633 0.593995 0.573706 0.553753 0.534119 0.514790 0.495754 0.476998 0.458510 
0.453399 0.471660 0.490171 0.508942 0.527984 0.547308 0.566925 0.586847 0.607086 0.627654 0.648563 0.669826 0.691452 0.713453 0.735837 0.758610 0.781773 0.805324 0.829252 0.853535 0.878138 0.903008 0.928066 0.953201 0.978257 1.003030 1.027245 1.050557 1.072532 1.092657 1.110348 1.124986 1.135971 1.142793 1.145108 1.142793 1.135971 1.124986 1.110348 1.092657 1.072532 1.050557 1.027245 1.003030 0.978257 0.953201 0.928066 0.903008 0.878138 0.853535 0.829252 0.805324 0.781773 0.758610 0.735837 0.713453 0.691452 0.669826 0.648563 0.627654 0.607086 0.586847 0.566925 0.547308 0.527984 0.508942 0.490171 0.471660 0.453399 
0.447823 0.465839 0.484087 0.502576 0.521313 0.540307 0.559567 0.579102 0.598920 0.619029 0.639436 0.660150 0.681173 0.702511 0.724164 0.746129 0.768399 0.790958 0.813785 0.836845 0.860089 0.883450 0.906835 0.930122 0.953152 0.975720 0.997571 1.018391 1.037808 1.055399 1.070701 1.083240 1.092575 1.098339 1.100289 1.098339 1.092575 1.083240 1.070701 1.055399 1.037808 1.018391 0.997571 0.975720 0.953152 0.930122 0.906835 0.883450 0.860089 0.836845 0.813785 0.790958 0.768399 0.746129 0.724164 0.702511 0.681173 0.660150 0.639436 0.619029 0.598920 0.579102 0.559567 0.540307 0.521313 0.502576 0.484087 0.465839 0.447823 
0.441799 0.459556 0.477526 0.495716 0.514132 0.532780 0.551667 0.570797 0.590176 0.609809 0.629698 0.649846 0.670252 0.690914 0.711827 0.732979 0.754354 0.775931 0.797675 0.819544 0.841479 0.863402 0.885216 0.906793 0.927977 0.948572 0.968345 0.987020 1.004279 1.019774 1.033138 1.044005 1.052044 1.056985 1.058653 1.056985 1.052044 1.044005 1.033138 1.019774 1.004279 0.987020 0.968345 0.948572 0.927977 0.906793 0.885216 0.863402 0.841479 0.819544 0.797675 0.775931 0.754354 0.732979 0.711827 0.690914 0.670252 0.649846 0.629698 0.609809 0.590176 0.570797 0.551667 0.532780 0.514132 0.495716 0.477526 0.459556 0.441799 
0.435347 0.452832 0.470511 0.488390 0.506471 0.524759 0.543258 0.561969 0.580897 0.600040 0.619399 0.638972 0.658752 0.678734 0.698904 0.719246 0.739738 0.760350 0.781041 0.801763 0.822448 0.843016 0.863366 0.883373 0.902885 0.921722 0.939673 0.956499 0.971930 0.985680 0.997456 1.006973 1.013977 1.018267 1.019712 1.018267 1.013977 1.006973 0.997456 0.985680 0.971930 0.956499 0.939673 0.921722 0.902885 0.883373 0.863366 0.843016 0.822448 0.801763 0.781041 0.760350 0.739738 0.719246 0.698904 0.678734 0.658752 0.638972 0.619399 0.600040 0.580897 0.561969 0.543258 0.524759 0.506471 0.488390 0.470511 0.452832 0.435347 
0.428486 0.445688 0.463066 0.480621 0.498356 0.516273 0.534374 0.552657 0.571123 0.589769 0.608591 0.627583 0.646736 0.666037 0.685470 0.705013 0.724640 0.744313 0.763989 0.783613 0.803117 0.822416 0.841412 0.859982 0.877986 0.895260 0.911614 0.926843 0.940718 0.953004 0.963466 0.971877 0.978043 0.981808 0.983075 0.981808 0.978043 0.971877 0.963466 0.953004 0.940718 0.926843 0.911614 0.895260 0.877986 0.859982 0.841412 0.822416 0.803117 0.783613 0.763989 0.744313 0.724640 0.705013 0.685470 0.666037 0.646736 0.627583 0.608591 0.589769 0.571123 0.552657 0.534374 0.516273 0.498356 0.480621 0.463066 0.445688 0.428486 
0.421236 0.438147 0.455213 0.472436 0.489817 0.507355 0.525049 0.542897 0.560895 0.579039 0.597322 0.615733 0.634260 0.652887 0.671595 0.690356 0.709140 0.727908 0.746612 0.765194 0.783585 0.801703 0.819450 0.836713 0.853359 0.869242 0.884196 0.898040 0.910585 0.921634 0.930996 0.938493 0.943969 0.947306 0.948427 0.947306 0.943969 0.938493 0.930996 0.921634 0.910585 0.898040 0.884196 0.869242 0.853359 0.836713 0.819450 0.801703 0.783585 0.765194 0.746612 0.727908 0.709140 0.690356 0.671595 0.652887 0.634260 0.615733 0.597322 0.579039 0.560895 0.542897 0.525049 0.507355 0.489817 0.472436 0.455213 0.438147 0.421236 
0.413619 0.430230 0.446978 0.463862 0.480881 0.498034 0.515316 0.532725 0.550253 0.567894 0.585638 0.603471 0.621380 0.639344 0.657341 0.675342 0.693312 0.711211 0.728989 0.746587 0.763937 0.780958 0.797558 0.813631 0.829057 0.843703 0.857424 0.870065 0.881464 0.891460 0.899895 0.906626 0.911529 0.914511 0.915512 0.914511 0.911529 0.906626 0.899895 0.891460 0.881464 0.870065 0.857424 0.843703 0.829057 0.813631 0.797558 0.780958 0.763937 0.746587 0.728989 0.711211 0.693312 0.675342 0.657341 0.639344 0.621380 0.603471 0.585638 0.567894 0.550253 0.532725 0.515316 0.498034 0.480881 0.463862 0.446978 0.430230 0.413619 
0.405653 0.421958 0.438382 0.454922 0.471576 0.488340 0.505208 0.522176 0.539234 0.556374 0.573583 0.590846 0.608147 0.625462 0.642768 0.660033 0.677220 0.694289 0.711188 0.727860 0.744238 0.760245 0.775794 0.790786 0.805114 0.818658 0.831292 0.842881 0.853289 0.862381 0.870028 0.876111 0.880533 0.883218 0.884118 0.883218 0.880533 0.876111 0.870028 0.862381 0.853289 0.842881 0.831292 0.818658 0.805114 0.790786 0.775794 0.760245 0.744238 0.727860 0.711188 0.694289 0.677220 0.660033 0.642768 0.625462 0.608147 0.590846 0.573583 0.556374 0.539234 0.522176 0.505208 0.488340 0.471576 0.454922 0.438382 0.421958 0.405653 
0.397359 0.413355 0.429451 0.445643 0.461929 0.478302 0.494756 0.511283 0.527874 0.544517 0.561198 0.577901 0.594606 0.611290 0.627926 0.644482 0.660921 0.677200 0.693269 0.709073 0.724546 0.739615 0.754201 0.768212 0.781550 0.794111 0.805783 0.816450 0.825996 0.834307 0.841277 0.846808 0.850821 0.853254 0.854070 0.853254 0.850821 0.846808 0.841277 0.834307 0.825996 0.816450 0.805783 0.794111 0.781550 0.768212 0.754201 0.739615 0.724546 0.709073 0.693269 0.677200 0.660921 0.644482 0.627926 0.611290 0.594606 0.577901 0.561198 0.544517 0.527874 0.511283 0.494756 0.478302 0.461929 0.445643 0.429451 0.413355 0.397359 
0.388756 0.404439 0.420205 0.436049 0.451965 0.467948 0.483989 0.500079 0.516207 0.532360 0.548523 0.564677 0.580802 0.596874 0.612864 0.628740 0.644464 0.659994 0.675281 0.690271 0.704903 0.719107 0.732810 0.745929 0.758376 0.770057 0.780875 0.790729 0.799521 0.807154 0.813539 0.818596 0.822258 0.824476 0.825219 0.824476 0.822258 0.818596 0.813539 0.807154 0.799521 0.790729 0.780875 0.770057 0.758376 0.745929 0.732810 0.719107 0.704903 0.690271 0.675281 0.659994 0.644464 0.628740 0.612864 0.596874 0.580802 0.564677 0.548523 0.532360 0.516207 0.500079 0.483989 0.467948 0.451965 0.436049 0.420205 0.404439 0.388756 
0.379864 0.395233 0.410668 0.426162 0.441710 0.457304 0.472935 0.488592 0.504264 0.519936 0.535591 0.551211 0.566773 0.582253 0.597622 0.612847 0.627891 0.642712 0.657264 0.671494 0.685344 0.698751 0.711646 0.723953 0.735595 0.746486 0.756543 0.765678 0.773807 0.780847 0.786723 0.791368 0.794728 0.796761 0.797441 0.796761 0.794728 0.791368 0.786723 0.780847 0.773807 0.765678 0.756543 0.746486 0.735595 0.723953 0.711646 0.698751 0.685344 0.671494 0.657264 0.642712 0.627891 0.612847 0.597622 0.582253 0.566773 0.551211 0.535591 0.519936 0.504264 0.488592 0.472935 0.457304 0.441710 0.426162 0.410668 0.395233 0.379864 
0.370702 0.385756 0.400859 0.416006 0.431187 0.446396 0.461622 0.476853 0.492076 0.507277 0.522437 0.537537 0.552555 0.567464 0.582237 0.596841 0.611239 0.625391 0.639252 0.652773 0.665898 0.678569 0.690723 0.702291 0.713204 0.723386 0.732762 0.741258 0.748800 0.755318 0.760749 0.765035 0.768131 0.770003 0.770630 0.770003 0.768131 0.765035 0.760749 0.755318 0.748800 0.741258 0.732762 0.723386 0.713204 0.702291 0.690723 0.678569 0.665898 0.652773 0.639252 0.625391 0.611239 0.596841 0.582237 0.567464 0.552555 0.537537 0.522437 0.507277 0.492076 0.476853 0.461622 0.446396 0.431187 0.416006 0.400859 0.385756 0.370702 
0.361288 0.376028 0.390801 0.405601 0.420420 0.435248 0.450074 0.464886 0.479670 0.494411 0.509090 0.523686 0.538178 0.552540 0.566743 0.580755 0.594541 0.608062 0.621275 0.634133 0.646585 0.658578 0.670051 0.680946 0.691197 0.700738 0.709505 0.717431 0.724452 0.730509 0.735546 0.739517 0.742383 0.744114 0.744693 0.744114 0.742383 0.739517 0.735546 0.730509 0.724452 0.717431 0.709505 0.700738 0.691197 0.680946 0.670051 0.658578 0.646585 0.634133 0.621275 0.608062 0.594541 0.580755 0.566743 0.552540 0.538178 0.523686 0.509090 0.494411 0.479670 0.464886 0.450074 0.435248 0.420420 0.405601 0.390801 0.376028 0.361288 
0.351639 0.366066 0.380512 0.394970 0.409430 0.423882 0.438316 0.452717 0.467073 0.481365 0.495577 0.509687 0.523673 0.537509 0.551167 0.564617 0.577823 0.590749 0.603355 0.615595 0.627422 0.638788 0.649637 0.659916 0.669565 0.678528 0.686746 0.694160 0.700717 0.706363 0.711053 0.714746 0.717408 0.719015 0.719553 0.719015 0.717408 0.714746 0.711053 0.706363 0.700717 0.694160 0.686746 0.678528 0.669565 0.659916 0.649637 0.638788 0.627422 0.615595 0.603355 0.590749 0.577823 0.564617 0.551167 0.537509 0.523673 0.509687 0.495577 0.481365 0.467073 0.452717 0.438316 0.423882 0.409430 0.394970 0.380512 0.366066 0.351639 
0.341773 0.355889 0.370011 0.384130 0.398237 0.412321 0.426369 0.440370 0.454307 0.468164 0.481924 0.495564 0.509063 0.522396 0.535535 0.548450 0.561109 0.573475 0.585510 0.597174 0.608422 0.619208 0.629483 0.639197 0.648299 0.656737 0.664458 0.671413 0.677553 0.682834 0.687214 0.690659 0.693141 0.694639 0.695139 0.694639 0.693141 0.690659 0.687214 0.682834 0.677553 0.671413 0.664458 0.656737 0.648299 0.639197 0.629483 0.619208 0.608422 0.597174 0.585510 0.573475 0.561109 0.548450 0.535535 0.522396 0.509063 0.495564 0.481924 0.468164 0.454307 0.440370 0.426369 0.412321 0.398237 0.384130 0.370011 0.355889 0.341773 
0.331705 0.345514 0.359316 0.373102 0.386861 0.400583 0.414255 0.427864 0.441395 0.454830 0.468152 0.481341 0.494373 0.507224 0.519868 0.532276 0.544417 0.556256 0.567757 0.578883 0.589592 0.599842 0.609588 0.618785 0.627387 0.635347 0.642619 0.649159 0.654925 0.659877 0.663980 0.667204 0.669525 0.670925 0.671393 0.670925 0.669525 0.667204 0.663980 0.659877 0.654925 0.649159 0.642619 0.635347 0.627387 0.618785 0.609588 0.599842 0.589592 0.578883 0.567757 0.556256 0.544417 0.532276 0.519868 0.507224 0.494373 0.481341 0.468152 0.454830 0.441395 0.427864 0.414255 0.400583 0.386861 0.373102 0.359316 0.345514 0.331705 
0.321451 0.334957 0.348443 0.361901 0.375319 0.388687 0.401992 0.415220 0.428356 0.441384 0.454284 0.467037 0.479622 0.492013 0.504186 0.516113 0.527764 0.539107 0.550108 0.560731 0.570939 0.580692 0.589950 0.598672 0.606816 0.614341 0.621205 0.627369 0.632796 0.637452 0.641307 0.644333 0.646510 0.647823 0.648261 0.647823 0.646510 0.644333 0.641307 0.637452 0.632796 0.627369 0.621205 0.614341 0.606816 0.598672 0.589950 0.580692 0.570939 0.560731 0.550108 0.539107 0.527764 0.516113 0.504186 0.492013 0.479622 0.467037 0.454284 0.441384 0.428356 0.415220 0.401992 0.388687 0.375319 0.361901 0.348443 0.334957 0.321451 
0.311026 0.324233 0.337409 0.350544 0.363629 0.376651 0.389598 0.402456 0.415209 0.427842 0.440336 0.452672 0.464827 0.476780 0.488505 0.499976 0.511164 0.522040 0.532572 0.542726 0.552467 0.561760 0.570567 0.578852 0.586576 0.593702 0.600194 0.606016 0.611137 0.615526 0.619155 0.622003 0.624051 0.625285 0.625697 0.625285 0.624051 0.622003 0.619155 0.615526 0.611137 0.606016 0.600194 0.593702 0.586576 0.578852 0.570567 0.561760 0.552467 0.542726 0.532572 0.522040 0.511164 0.499976 0.488505 0.476780 0.464827 0.452672 0.440336 0.427842 0.415209 0.402456 0.389598 0.376651 0.363629 0.350544 0.337409 0.324233 0.311026 
0.300444 0.313357 0.326228 0.339048 0.351806 0.364491 0.377089 0.389588 0.401971 0.414223 0.426326 0.438261 0.450006 0.461540 0.472839 0.483878 0.494629 0.505065 0.515157 0.524872 0.534178 0.543043 0.551433 0.559314 0.566652 0.573413 0.579565 0.585076 0.589918 0.594064 0.597490 0.600177 0.602108 0.603271 0.603660 0.603271 0.602108 0.600177 0.597490 0.594064 0.589918 0.585076 0.579565 0.573413 0.566652 0.559314 0.551433 0.543043 0.534178 0.524872 0.515157 0.505065 0.494629 0.483878 0.472839 0.461540 0.450006 0.438261 0.426326 0.414223 0.401971 0.389588 0.377089 0.364491 0.351806 0.339048 0.326228 0.313357 0.300444 
