79 79
2.860065e+01 0 5
0.552376 0.562759 0.573091 0.583366 0.593577 0.603716 0.613774 0.623745 0.633617 0.643383 0.653031 0.662551 0.671932 0.681161 0.690226 0.699115 0.707814 0.716308 0.724583 0.732624 0.740415 0.747941 0.755185 0.762132 0.768764 0.775065 0.781019 0.786609 0.791820 0.796636 0.801044 0.805028 0.808576 0.811677 0.814319 0.816494 0.818194 0.819412 0.820145 0.820390 0.820145 0.819412 0.818194 0.816494 0.814319 0.811677 0.808576 0.805028 0.801044 0.796636 0.791820 0.786609 0.781019 0.775065 0.768764 0.762132 0.755185 0.747941 0.740415 0.732624 0.724583 0.716308 0.707814 0.699115 0.690226 0.681161 0.671932 0.662551 0.653031 0.643383 0.633617 0.623745 0.613774 0.603716 0.593577 0.583366 0.573091 0.562759 0.552376 
0.561942 0.572534 0.583082 0.593577 0.604013 0.614382 0.624676 0.634886 0.645004 0.655019 0.664920 0.674698 0.684339 0.693833 0.703165 0.712323 0.721292 0.730058 0.738604 0.746916 0.754977 0.762769 0.770276 0.777480 0.784364 0.790909 0.797098 0.802914 0.808339 0.813356 0.817951 0.822106 0.825809 0.829046 0.831806 0.834078 0.835855 0.837129 0.837895 0.838151 0.837895 0.837129 0.835855 0.834078 0.831806 0.829046 0.825809 0.822106 0.817951 0.813356 0.808339 0.802914 0.797098 0.790909 0.784364 0.777480 0.770276 0.762769 0.754977 0.746916 0.738604 0.730058 0.721292 0.712323 0.703165 0.693833 0.684339 0.674698 0.664920 0.655019 0.645004 0.634886 0.624676 0.614382 0.604013 0.593577 0.583082 0.572534 0.561942 
0.571423 0.582229 0.592996 0.603716 0.614382 0.624987 0.635522 0.645979 0.656349 0.666620 0.676784 0.686827 0.696739 0.706507 0.716117 0.725555 0.734807 0.743856 0.752687 0.761284 0.769627 0.777700 0.785485 0.792962 0.800112 0.806917 0.813356 0.819412 0.825066 0.830298 0.835093 0.839432 0.843301 0.846685 0.849571 0.851949 0.853808 0.855141 0.855943 0.856211 0.855943 0.855141 0.853808 0.851949 0.849571 0.846685 0.843301 0.839432 0.835093 0.830298 0.825066 0.819412 0.813356 0.806917 0.800112 0.792962 0.785485 0.777700 0.769627 0.761284 0.752687 0.743856 0.734807 0.725555 0.716117 0.706507 0.696739 0.686827 0.676784 0.666620 0.656349 0.645979 0.635522 0.624987 0.614382 0.603716 0.592996 0.582229 0.571423 
0.580812 0.591835 0.602825 0.613774 0.624676 0.635522 0.646305 0.657015 0.667643 0.678180 0.688613 0.698932 0.709124 0.719176 0.729075 0.738805 0.748352 0.757698 0.766827 0.775722 0.784364 0.792733 0.800811 0.808576 0.816010 0.823090 0.829797 0.836109 0.842007 0.847470 0.852479 0.857016 0.861063 0.864605 0.867628 0.870119 0.872067 0.873465 0.874306 0.874587 0.874306 0.873465 0.872067 0.870119 0.867628 0.864605 0.861063 0.857016 0.852479 0.847470 0.842007 0.836109 0.829797 0.823090 0.816010 0.808576 0.800811 0.792733 0.784364 0.775722 0.766827 0.757698 0.748352 0.738805 0.729075 0.719176 0.709124 0.698932 0.688613 0.678180 0.667643 0.657015 0.646305 0.635522 0.624676 0.613774 0.602825 0.591835 0.580812 
0.590101 0.601345 0.612562 0.623745 0.634886 0.645979 0.657015 0.667985 0.678879 0.689688 0.700400 0.711003 0.721485 0.731833 0.742031 0.752065 0.761919 0.771576 0.781019 0.790227 0.799182 0.807864 0.816252 0.824324 0.832058 0.839432 0.846423 0.853010 0.859169 0.864879 0.870119 0.874868 0.879108 0.882821 0.885991 0.888605 0.890650 0.892118 0.893001 0.893296 0.893001 0.892118 0.890650 0.888605 0.885991 0.882821 0.879108 0.874868 0.870119 0.864879 0.859169 0.853010 0.846423 0.839432 0.832058 0.824324 0.816252 0.807864 0.799182 0.790227 0.781019 0.771576 0.761919 0.752065 0.742031 0.731833 0.721485 0.711003 0.700400 0.689688 0.678879 0.667985 0.657015 0.645979 0.634886 0.623745 0.612562 0.601345 0.590101 
0.599281 0.610749 0.622197 0.633617 0.645004 0.656349 0.667643 0.678879 0.690047 0.701136 0.712134 0.723031 0.733813 0.744466 0.754977 0.765328 0.775503 0.785485 0.795255 0.804793 0.814078 0.823090 0.831806 0.840203 0.848256 0.855943 0.863239 0.870119 0.876558 0.882534 0.888022 0.893001 0.897449 0.901347 0.904677 0.907423 0.909574 0.911117 0.912046 0.912357 0.912046 0.911117 0.909574 0.907423 0.904677 0.901347 0.897449 0.893001 0.888022 0.882534 0.876558 0.870119 0.863239 0.855943 0.848256 0.840203 0.831806 0.823090 0.814078 0.804793 0.795255 0.785485 0.775503 0.765328 0.754977 0.744466 0.733813 0.723031 0.712134 0.701136 0.690047 0.678879 0.667643 0.656349 0.645004 0.633617 0.622197 0.610749 0.599281 
0.608343 0.620038 0.631721 0.643383 0.655019 0.666620 0.678180 0.689688 0.701136 0.712512 0.723806 0.735006 0.746098 0.757068 0.767902 0.778583 0.789093 0.799414 0.809528 0.819412 0.829046 0.838407 0.847470 0.856211 0.864605 0.872626 0.880247 0.887441 0.894182 0.900444 0.906200 0.911427 0.916100 0.920198 0.923701 0.926593 0.928857 0.930483 0.931463 0.931790 0.931463 0.930483 0.928857 0.926593 0.923701 0.920198 0.916100 0.911427 0.906200 0.900444 0.894182 0.887441 0.880247 0.872626 0.864605 0.856211 0.847470 0.838407 0.829046 0.819412 0.809528 0.799414 0.789093 0.778583 0.767902 0.757068 0.746098 0.735006 0.723806 0.712512 0.701136 0.689688 0.678180 0.666620 0.655019 0.643383 0.631721 0.620038 0.608343 
0.617278 0.629203 0.641123 0.653031 0.664920 0.676784 0.688613 0.700400 0.712134 0.723806 0.735404 0.746916 0.758328 0.769627 0.780796 0.791820 0.802680 0.813356 0.823830 0.834078 0.844079 0.853808 0.863239 0.872346 0.881103 0.889480 0.897449 0.904981 0.912046 0.918616 0.924663 0.930158 0.935075 0.939392 0.943084 0.946133 0.948523 0.950239 0.951273 0.951618 0.951273 0.950239 0.948523 0.946133 0.943084 0.939392 0.935075 0.930158 0.924663 0.918616 0.912046 0.904981 0.897449 0.889480 0.881103 0.872346 0.863239 0.853808 0.844079 0.834078 0.823830 0.813356 0.802680 0.791820 0.780796 0.769627 0.758328 0.746916 0.735404 0.723806 0.712134 0.700400 0.688613 0.676784 0.664920 0.653031 0.641123 0.629203 0.617278 
0.626076 0.638234 0.650394 0.662551 0.674698 0.686827 0.698932 0.711003 0.723031 0.735006 0.746916 0.758749 0.770492 0.782131 0.793648 0.805028 0.816252 0.827300 0.838151 0.848782 0.859169 0.869287 0.879108 0.888605 0.897747 0.906505 0.914848 0.922743 0.930158 0.937061 0.943421 0.949208 0.954392 0.958946 0.962845 0.966066 0.968592 0.970408 0.971502 0.971867 0.971502 0.970408 0.968592 0.966066 0.962845 0.958946 0.954392 0.949208 0.943421 0.937061 0.930158 0.922743 0.914848 0.906505 0.897747 0.888605 0.879108 0.869287 0.859169 0.848782 0.838151 0.827300 0.816252 0.805028 0.793648 0.782131 0.770492 0.758749 0.746916 0.735006 0.723031 0.711003 0.698932 0.686827 0.674698 0.662551 0.650394 0.638234 0.626076 
0.634728 0.647120 0.659523 0.671932 0.684339 0.696739 0.709124 0.721485 0.733813 0.746098 0.758328 0.770492 0.782576 0.794565 0.806444 0.818194 0.829797 0.841233 0.852479 0.863512 0.874306 0.884835 0.895070 0.904981 0.914535 0.923701 0.932444 0.940730 0.948523 0.955787 0.962488 0.968592 0.974067 0.978880 0.983005 0.986416 0.989093 0.991017 0.992177 0.992564 0.992177 0.991017 0.989093 0.986416 0.983005 0.978880 0.974067 0.968592 0.962488 0.955787 0.948523 0.940730 0.932444 0.923701 0.914535 0.904981 0.895070 0.884835 0.874306 0.863512 0.852479 0.841233 0.829797 0.818194 0.806444 0.794565 0.782576 0.770492 0.758328 0.746098 0.733813 0.721485 0.709124 0.696739 0.684339 0.671932 0.659523 0.647120 0.634728 
0.643221 0.655849 0.668498 0.681161 0.693833 0.706507 0.719176 0.731833 0.744466 0.757068 0.769627 0.782131 0.794565 0.806917 0.819168 0.831303 0.843301 0.855141 0.866801 0.878256 0.889480 0.900444 0.911117 0.921468 0.931463 0.941065 0.950239 0.958946 0.967147 0.974803 0.981875 0.988326 0.994118 0.999216 1.003590 1.007210 1.010051 1.012096 1.013328 1.013740 1.013328 1.012096 1.010051 1.007210 1.003590 0.999216 0.994118 0.988326 0.981875 0.974803 0.967147 0.958946 0.950239 0.941065 0.931463 0.921468 0.911117 0.900444 0.889480 0.878256 0.866801 0.855141 0.843301 0.831303 0.819168 0.806917 0.794565 0.782131 0.769627 0.757068 0.744466 0.731833 0.719176 0.706507 0.693833 0.681161 0.668498 0.655849 0.643221 
0.651546 0.664412 0.677307 0.690226 0.703165 0.716117 0.729075 0.742031 0.754977 0.767902 0.780796 0.793648 0.806444 0.819168 0.831806 0.844339 0.856747 0.869010 0.881103 0.893001 0.904677 0.916100 0.927238 0.938058 0.948523 0.958593 0.968231 0.977392 0.986036 0.994118 1.001595 1.008425 1.014565 1.019977 1.024625 1.028475 1.031500 1.033677 1.034991 1.035429 1.034991 1.033677 1.031500 1.028475 1.024625 1.019977 1.014565 1.008425 1.001595 0.994118 0.986036 0.977392 0.968231 0.958593 0.948523 0.938058 0.927238 0.916100 0.904677 0.893001 0.881103 0.869010 0.856747 0.844339 0.831806 0.819168 0.806444 0.793648 0.780796 0.767902 0.754977 0.742031 0.729075 0.716117 0.703165 0.690226 0.677307 0.664412 0.651546 
0.659691 0.672794 0.685937 0.699115 0.712323 0.725555 0.738805 0.752065 0.765328 0.778583 0.791820 0.805028 0.818194 0.831303 0.844339 0.857284 0.870119 0.882821 0.895367 0.907730 0.919881 0.931790 0.943421 0.954740 0.965707 0.976280 0.986416 0.996070 1.005194 1.013740 1.021660 1.028905 1.035429 1.041188 1.046138 1.050244 1.053473 1.055798 1.057202 1.057671 1.057202 1.055798 1.053473 1.050244 1.046138 1.041188 1.035429 1.028905 1.021660 1.013740 1.005194 0.996070 0.986416 0.976280 0.965707 0.954740 0.943421 0.931790 0.919881 0.907730 0.895367 0.882821 0.870119 0.857284 0.844339 0.831303 0.818194 0.805028 0.791820 0.778583 0.765328 0.752065 0.738805 0.725555 0.712323 0.699115 0.685937 0.672794 0.659691 
0.667643 0.680985 0.694376 0.707814 0.721292 0.734807 0.748352 0.761919 0.775503 0.789093 0.802680 0.816252 0.829797 0.843301 0.856747 0.870119 0.883395 0.896555 0.909574 0.922424 0.935075 0.947497 0.959652 0.971502 0.983005 0.994118 1.004792 1.014978 1.024625 1.033677 1.042082 1.049785 1.056733 1.062875 1.068162 1.072553 1.076009 1.078500 1.080004 1.080507 1.080004 1.078500 1.076009 1.072553 1.068162 1.062875 1.056733 1.049785 1.042082 1.033677 1.024625 1.014978 1.004792 0.994118 0.983005 0.971502 0.959652 0.947497 0.935075 0.922424 0.909574 0.896555 0.883395 0.870119 0.856747 0.843301 0.829797 0.816252 0.802680 0.789093 0.775503 0.761919 0.748352 0.734807 0.721292 0.707814 0.694376 0.680985 0.667643 
0.675392 0.688971 0.702611 0.716308 0.730058 0.743856 0.757698 0.771576 0.785485 0.799414 0.813356 0.827300 0.841233 0.855141 0.869010 0.882821 0.896555 0.910190 0.923701 0.937061 0.950239 0.963201 0.975910 0.988326 1.000404 1.012096 1.023351 1.034114 1.044330 1.053937 1.062875 1.071083 1.078500 1.085068 1.090731 1.095440 1.099151 1.101828 1.103446 1.103987 1.103446 1.101828 1.099151 1.095440 1.090731 1.085068 1.078500 1.071083 1.062875 1.053937 1.044330 1.034114 1.023351 1.012096 1.000404 0.988326 0.975910 0.963201 0.950239 0.937061 0.923701 0.910190 0.896555 0.882821 0.869010 0.855141 0.841233 0.827300 0.813356 0.799414 0.785485 0.771576 0.757698 0.743856 0.730058 0.716308 0.702611 0.688971 0.675392 
0.682924 0.696739 0.710627 0.724583 0.738604 0.752687 0.766827 0.781019 0.795255 0.809528 0.823830 0.838151 0.852479 0.866801 0.881103 0.895367 0.909574 0.923701 0.937725 0.951618 0.965348 0.978880 0.992177 1.005194 1.017885 1.030200 1.042082 1.053473 1.064308 1.074523 1.084049 1.092816 1.100755 1.107799 1.113883 1.118950 1.122949 1.125836 1.127581 1.128165 1.127581 1.125836 1.122949 1.118950 1.113883 1.107799 1.100755 1.092816 1.084049 1.074523 1.064308 1.053473 1.042082 1.030200 1.017885 1.005194 0.992177 0.978880 0.965348 0.951618 0.937725 0.923701 0.909574 0.895367 0.881103 0.866801 0.852479 0.838151 0.823830 0.809528 0.795255 0.781019 0.766827 0.752687 0.738604 0.724583 0.710627 0.696739 0.682924 
0.690226 0.704276 0.718410 0.732624 0.746916 0.761284 0.775722 0.790227 0.804793 0.819412 0.834078 0.848782 0.863512 0.878256 0.893001 0.907730 0.922424 0.937061 0.951618 0.966066 0.980375 0.994507 1.008425 1.022082 1.035429 1.048413 1.060973 1.073044 1.084558 1.095440 1.105615 1.115002 1.123524 1.131101 1.137660 1.143132 1.147456 1.150582 1.152473 1.153106 1.152473 1.150582 1.147456 1.143132 1.137660 1.131101 1.123524 1.115002 1.105615 1.095440 1.084558 1.073044 1.060973 1.048413 1.035429 1.022082 1.008425 0.994507 0.980375 0.966066 0.951618 0.937061 0.922424 0.907730 0.893001 0.878256 0.863512 0.848782 0.834078 0.819412 0.804793 0.790227 0.775722 0.761284 0.746916 0.732624 0.718410 0.704276 0.690226 
0.697287 0.711568 0.725945 0.740415 0.754977 0.769627 0.784364 0.799182 0.814078 0.829046 0.844079 0.859169 0.874306 0.889480 0.904677 0.919881 0.935075 0.950239 0.965348 0.980375 0.995288 1.010051 1.024625 1.038961 1.053010 1.066712 1.080004 1.092816 1.105071 1.116688 1.127581 1.137660 1.146834 1.155013 1.162108 1.168040 1.172735 1.176134 1.178192 1.178881 1.178192 1.176134 1.172735 1.168040 1.162108 1.155013 1.146834 1.137660 1.127581 1.116688 1.105071 1.092816 1.080004 1.066712 1.053010 1.038961 1.024625 1.010051 0.995288 0.980375 0.965348 0.950239 0.935075 0.919881 0.904677 0.889480 0.874306 0.859169 0.844079 0.829046 0.814078 0.799182 0.784364 0.769627 0.754977 0.740415 0.725945 0.711568 0.697287 
0.704091 0.718601 0.733218 0.747941 0.762769 0.777700 0.792733 0.807864 0.823090 0.838407 0.853808 0.869287 0.884835 0.900444 0.916100 0.931790 0.947497 0.963201 0.978880 0.994507 1.010051 1.025476 1.040741 1.055798 1.070594 1.085068 1.099151 1.112768 1.125836 1.138264 1.149954 1.160806 1.170714 1.179572 1.187278 1.193735 1.198856 1.202569 1.204820 1.205574 1.204820 1.202569 1.198856 1.193735 1.187278 1.179572 1.170714 1.160806 1.149954 1.138264 1.125836 1.112768 1.099151 1.085068 1.070594 1.055798 1.040741 1.025476 1.010051 0.994507 0.978880 0.963201 0.947497 0.931790 0.916100 0.900444 0.884835 0.869287 0.853808 0.838407 0.823090 0.807864 0.792733 0.777700 0.762769 0.747941 0.733218 0.718601 0.704091 
0.710627 0.725361 0.740213 0.755185 0.770276 0.785485 0.800811 0.816252 0.831806 0.847470 0.863239 0.879108 0.895070 0.911117 0.927238 0.943421 0.959652 0.975910 0.992177 1.008425 1.024625 1.040741 1.056733 1.072553 1.088145 1.103446 1.118383 1.132877 1.146834 1.160157 1.172735 1.184452 1.195189 1.204820 1.213224 1.220286 1.225900 1.229978 1.232453 1.233282 1.232453 1.229978 1.225900 1.220286 1.213224 1.204820 1.195189 1.184452 1.172735 1.160157 1.146834 1.132877 1.118383 1.103446 1.088145 1.072553 1.056733 1.040741 1.024625 1.008425 0.992177 0.975910 0.959652 0.943421 0.927238 0.911117 0.895070 0.879108 0.863239 0.847470 0.831806 0.816252 0.800811 0.785485 0.770276 0.755185 0.740213 0.725361 0.710627 
0.716880 0.731833 0.746916 0.762132 0.777480 0.792962 0.808576 0.824324 0.840203 0.856211 0.872346 0.888605 0.904981 0.921468 0.938058 0.954740 0.971502 0.988326 1.005194 1.022082 1.038961 1.055798 1.072553 1.089177 1.105615 1.121801 1.137660 1.153106 1.168040 1.182351 1.195919 1.208610 1.220286 1.230800 1.240009 1.247771 1.253959 1.258463 1.261201 1.262120 1.261201 1.258463 1.253959 1.247771 1.240009 1.230800 1.220286 1.208610 1.195919 1.182351 1.168040 1.153106 1.137660 1.121801 1.105615 1.089177 1.072553 1.055798 1.038961 1.022082 1.005194 0.988326 0.971502 0.954740 0.938058 0.921468 0.904981 0.888605 0.872346 0.856211 0.840203 0.824324 0.808576 0.792962 0.777480 0.762132 0.746916 0.731833 0.716880 
0.722838 0.738002 0.753311 0.768764 0.784364 0.800112 0.816010 0.832058 0.848256 0.864605 0.881103 0.897747 0.914535 0.931463 0.948523 0.965707 0.983005 1.000404 1.017885 1.035429 1.053010 1.070594 1.088145 1.105615 1.122949 1.140080 1.156932 1.173411 1.189414 1.204820 1.219493 1.233282 1.246027 1.257556 1.267696 1.276276 1.283138 1.288147 1.291196 1.292221 1.291196 1.288147 1.283138 1.276276 1.267696 1.257556 1.246027 1.233282 1.219493 1.204820 1.189414 1.173411 1.156932 1.140080 1.122949 1.105615 1.088145 1.070594 1.053010 1.035429 1.017885 1.000404 0.983005 0.965707 0.948523 0.931463 0.914535 0.897747 0.881103 0.864605 0.848256 0.832058 0.816010 0.800112 0.784364 0.768764 0.753311 0.738002 0.722838 
0.728486 0.743856 0.759381 0.775065 0.790909 0.806917 0.823090 0.839432 0.855943 0.872626 0.889480 0.906505 0.923701 0.941065 0.958593 0.976280 0.994118 1.012096 1.030200 1.048413 1.066712 1.085068 1.103446 1.121801 1.140080 1.158217 1.176134 1.193735 1.210908 1.227524 1.243432 1.258463 1.272430 1.285131 1.296356 1.305899 1.313561 1.319171 1.322594 1.323745 1.322594 1.319171 1.313561 1.305899 1.296356 1.285131 1.272430 1.258463 1.243432 1.227524 1.210908 1.193735 1.176134 1.158217 1.140080 1.121801 1.103446 1.085068 1.066712 1.048413 1.030200 1.012096 0.994118 0.976280 0.958593 0.941065 0.923701 0.906505 0.889480 0.872626 0.855943 0.839432 0.823090 0.806917 0.790909 0.775065 0.759381 0.743856 0.728486 
0.733813 0.749380 0.765114 0.781019 0.797098 0.813356 0.829797 0.846423 0.863239 0.880247 0.897449 0.914848 0.932444 0.950239 0.968231 0.986416 1.004792 1.023351 1.042082 1.060973 1.080004 1.099151 1.118383 1.137660 1.156932 1.176134 1.195189 1.214001 1.232453 1.250406 1.267696 1.284133 1.299500 1.313561 1.326062 1.336747 1.345368 1.351704 1.355581 1.356886 1.355581 1.351704 1.345368 1.336747 1.326062 1.313561 1.299500 1.284133 1.267696 1.250406 1.232453 1.214001 1.195189 1.176134 1.156932 1.137660 1.118383 1.099151 1.080004 1.060973 1.042082 1.023351 1.004792 0.986416 0.968231 0.950239 0.932444 0.914848 0.897449 0.880247 0.863239 0.846423 0.829797 0.813356 0.797098 0.781019 0.765114 0.749380 0.733813 
0.738805 0.754559 0.770492 0.786609 0.802914 0.819412 0.836109 0.853010 0.870119 0.887441 0.904981 0.922743 0.940730 0.958946 0.977392 0.996070 1.014978 1.034114 1.053473 1.073044 1.092816 1.112768 1.132877 1.153106 1.173411 1.193735 1.214001 1.234115 1.253959 1.273386 1.292221 1.310250 1.327228 1.342875 1.356886 1.368940 1.378721 1.385945 1.390381 1.391876 1.390381 1.385945 1.378721 1.368940 1.356886 1.342875 1.327228 1.310250 1.292221 1.273386 1.253959 1.234115 1.214001 1.193735 1.173411 1.153106 1.132877 1.112768 1.092816 1.073044 1.053473 1.034114 1.014978 0.996070 0.977392 0.958946 0.940730 0.922743 0.904981 0.887441 0.870119 0.853010 0.836109 0.819412 0.802914 0.786609 0.770492 0.754559 0.738805 
0.743450 0.759381 0.775503 0.791820 0.808339 0.825066 0.842007 0.859169 0.876558 0.894182 0.912046 0.930158 0.948523 0.967147 0.986036 1.005194 1.024625 1.044330 1.064308 1.084558 1.105071 1.125836 1.146834 1.168040 1.189414 1.210908 1.232453 1.253959 1.275309 1.296356 1.316913 1.336747 1.355581 1.373086 1.388894 1.402603 1.413810 1.422135 1.427268 1.429003 1.427268 1.422135 1.413810 1.402603 1.388894 1.373086 1.355581 1.336747 1.316913 1.296356 1.275309 1.253959 1.232453 1.210908 1.189414 1.168040 1.146834 1.125836 1.105071 1.084558 1.064308 1.044330 1.024625 1.005194 0.986036 0.967147 0.948523 0.930158 0.912046 0.894182 0.876558 0.859169 0.842007 0.825066 0.808339 0.791820 0.775503 0.759381 0.743450 
0.747736 0.763833 0.780131 0.796636 0.813356 0.830298 0.847470 0.864879 0.882534 0.900444 0.918616 0.937061 0.955787 0.974803 0.994118 1.013740 1.033677 1.053937 1.074523 1.095440 1.116688 1.138264 1.160157 1.182351 1.204820 1.227524 1.250406 1.273386 1.296356 1.319171 1.341638 1.363513 1.384484 1.404174 1.422135 1.437868 1.450845 1.460558 1.466581 1.468622 1.466581 1.460558 1.450845 1.437868 1.422135 1.404174 1.384484 1.363513 1.341638 1.319171 1.296356 1.273386 1.250406 1.227524 1.204820 1.182351 1.160157 1.138264 1.116688 1.095440 1.074523 1.053937 1.033677 1.013740 0.994118 0.974803 0.955787 0.937061 0.918616 0.900444 0.882534 0.864879 0.847470 0.830298 0.813356 0.796636 0.780131 0.763833 0.747736 
0.751651 0.767902 0.784364 0.801044 0.817951 0.835093 0.852479 0.870119 0.888022 0.906200 0.924663 0.943421 0.962488 0.981875 1.001595 1.021660 1.042082 1.062875 1.084049 1.105615 1.127581 1.149954 1.172735 1.195919 1.219493 1.243432 1.267696 1.292221 1.316913 1.341638 1.366212 1.390381 1.413810 1.436069 1.456626 1.474853 1.490061 1.501556 1.508734 1.511177 1.508734 1.501556 1.490061 1.474853 1.456626 1.436069 1.413810 1.390381 1.366212 1.341638 1.316913 1.292221 1.267696 1.243432 1.219493 1.195919 1.172735 1.149954 1.127581 1.105615 1.084049 1.062875 1.042082 1.021660 1.001595 0.981875 0.962488 0.943421 0.924663 0.906200 0.888022 0.870119 0.852479 0.835093 0.817951 0.801044 0.784364 0.767902 0.751651 
0.755185 0.771576 0.788188 0.805028 0.822106 0.839432 0.857016 0.874868 0.893001 0.911427 0.930158 0.949208 0.968592 0.988326 1.008425 1.028905 1.049785 1.071083 1.092816 1.115002 1.137660 1.160806 1.184452 1.208610 1.233282 1.258463 1.284133 1.310250 1.336747 1.363513 1.390381 1.417106 1.443345 1.468622 1.492315 1.513646 1.531704 1.545530 1.554247 1.557229 1.554247 1.545530 1.531704 1.513646 1.492315 1.468622 1.443345 1.417106 1.390381 1.363513 1.336747 1.310250 1.284133 1.258463 1.233282 1.208610 1.184452 1.160806 1.137660 1.115002 1.092816 1.071083 1.049785 1.028905 1.008425 0.988326 0.968592 0.949208 0.930158 0.911427 0.893001 0.874868 0.857016 0.839432 0.822106 0.805028 0.788188 0.771576 0.755185 
0.758328 0.774846 0.791592 0.808576 0.825809 0.843301 0.861063 0.879108 0.897449 0.916100 0.935075 0.954392 0.974067 0.994118 1.014565 1.035429 1.056733 1.078500 1.100755 1.123524 1.146834 1.170714 1.195189 1.220286 1.246027 1.272430 1.299500 1.327228 1.355581 1.384484 1.413810 1.443345 1.472758 1.501556 1.529036 1.554247 1.575997 1.592937 1.603757 1.607486 1.603757 1.592937 1.575997 1.554247 1.529036 1.501556 1.472758 1.443345 1.413810 1.384484 1.355581 1.327228 1.299500 1.272430 1.246027 1.220286 1.195189 1.170714 1.146834 1.123524 1.100755 1.078500 1.056733 1.035429 1.014565 0.994118 0.974067 0.954392 0.935075 0.916100 0.897449 0.879108 0.861063 0.843301 0.825809 0.808576 0.791592 0.774846 0.758328 
0.761072 0.777700 0.794565 0.811677 0.829046 0.846685 0.864605 0.882821 0.901347 0.920198 0.939392 0.958946 0.978880 0.999216 1.019977 1.041188 1.062875 1.085068 1.107799 1.131101 1.155013 1.179572 1.204820 1.230800 1.257556 1.285131 1.313561 1.342875 1.373086 1.404174 1.436069 1.468622 1.501556 1.534403 1.566418 1.596485 1.623065 1.644248 1.658032 1.662830 1.658032 1.644248 1.623065 1.596485 1.566418 1.534403 1.501556 1.468622 1.436069 1.404174 1.373086 1.342875 1.313561 1.285131 1.257556 1.230800 1.204820 1.179572 1.155013 1.131101 1.107799 1.085068 1.062875 1.041188 1.019977 0.999216 0.978880 0.958946 0.939392 0.920198 0.901347 0.882821 0.864605 0.846685 0.829046 0.811677 0.794565 0.777700 0.761072 
0.763407 0.780131 0.797098 0.814319 0.831806 0.849571 0.867628 0.885991 0.904677 0.923701 0.943084 0.962845 0.983005 1.003590 1.024625 1.046138 1.068162 1.090731 1.113883 1.137660 1.162108 1.187278 1.213224 1.240009 1.267696 1.296356 1.326062 1.356886 1.388894 1.422135 1.456626 1.492315 1.529036 1.566418 1.603757 1.639843 1.672761 1.699831 1.717914 1.724306 1.717914 1.699831 1.672761 1.639843 1.603757 1.566418 1.529036 1.492315 1.456626 1.422135 1.388894 1.356886 1.326062 1.296356 1.267696 1.240009 1.213224 1.187278 1.162108 1.137660 1.113883 1.090731 1.068162 1.046138 1.024625 1.003590 0.983005 0.962845 0.943084 0.923701 0.904677 0.885991 0.867628 0.849571 0.831806 0.814319 0.797098 0.780131 0.763407 
0.765328 0.782131 0.799182 0.816494 0.834078 0.851949 0.870119 0.888605 0.907423 0.926593 0.946133 0.966066 0.986416 1.007210 1.028475 1.050244 1.072553 1.095440 1.118950 1.143132 1.168040 1.193735 1.220286 1.247771 1.276276 1.305899 1.336747 1.368940 1.402603 1.437868 1.474853 1.513646 1.554247 1.596485 1.639843 1.683178 1.724306 1.759593 1.784081 1.792941 1.784081 1.759593 1.724306 1.683178 1.639843 1.596485 1.554247 1.513646 1.474853 1.437868 1.402603 1.368940 1.336747 1.305899 1.276276 1.247771 1.220286 1.193735 1.168040 1.143132 1.118950 1.095440 1.072553 1.050244 1.028475 1.007210 0.986416 0.966066 0.946133 0.926593 0.907423 0.888605 0.870119 0.851949 0.834078 0.816494 0.799182 0.782131 0.765328 
0.766827 0.783692 0.800811 0.818194 0.835855 0.853808 0.872067 0.890650 0.909574 0.928857 0.948523 0.968592 0.989093 1.010051 1.031500 1.053473 1.076009 1.099151 1.122949 1.147456 1.172735 1.198856 1.225900 1.253959 1.283138 1.313561 1.345368 1.378721 1.413810 1.450845 1.490061 1.531704 1.575997 1.623065 1.672761 1.724306 1.775590 1.822101 1.856187 1.868969 1.856187 1.822101 1.775590 1.724306 1.672761 1.623065 1.575997 1.531704 1.490061 1.450845 1.413810 1.378721 1.345368 1.313561 1.283138 1.253959 1.225900 1.198856 1.172735 1.147456 1.122949 1.099151 1.076009 1.053473 1.031500 1.010051 0.989093 0.968592 0.948523 0.928857 0.909574 0.890650 0.872067 0.853808 0.835855 0.818194 0.800811 0.783692 0.766827 
0.767902 0.784812 0.801978 0.819412 0.837129 0.855141 0.873465 0.892118 0.911117 0.930483 0.950239 0.970408 0.991017 1.012096 1.033677 1.055798 1.078500 1.101828 1.125836 1.150582 1.176134 1.202569 1.229978 1.258463 1.288147 1.319171 1.351704 1.385945 1.422135 1.460558 1.501556 1.545530 1.592937 1.644248 1.699831 1.759593 1.822101 1.882624 1.930314 1.949158 1.930314 1.882624 1.822101 1.759593 1.699831 1.644248 1.592937 1.545530 1.501556 1.460558 1.422135 1.385945 1.351704 1.319171 1.288147 1.258463 1.229978 1.202569 1.176134 1.150582 1.125836 1.101828 1.078500 1.055798 1.033677 1.012096 0.991017 0.970408 0.950239 0.930483 0.911117 0.892118 0.873465 0.855141 0.837129 0.819412 0.801978 0.784812 0.767902 
0.768548 0.785485 0.802680 0.820145 0.837895 0.855943 0.874306 0.893001 0.912046 0.931463 0.951273 0.971502 0.992177 1.013328 1.034991 1.057202 1.080004 1.103446 1.127581 1.152473 1.178192 1.204820 1.232453 1.261201 1.291196 1.322594 1.355581 1.390381 1.427268 1.466581 1.508734 1.554247 1.603757 1.658032 1.717914 1.784081 1.856187 1.930314 1.993312 2.019780 1.993312 1.930314 1.856187 1.784081 1.717914 1.658032 1.603757 1.554247 1.508734 1.466581 1.427268 1.390381 1.355581 1.322594 1.291196 1.261201 1.232453 1.204820 1.178192 1.152473 1.127581 1.103446 1.080004 1.057202 1.034991 1.013328 0.992177 0.971502 0.951273 0.931463 0.912046 0.893001 0.874306 0.855943 0.837895 0.820145 0.802680 0.785485 0.768548 
0.768764 0.785709 0.802914 0.820390 0.838151 0.856211 0.874587 0.893296 0.912357 0.931790 0.951618 0.971867 0.992564 1.013740 1.035429 1.057671 1.080507 1.103987 1.128165 1.153106 1.178881 1.205574 1.233282 1.262120 1.292221 1.323745 1.356886 1.391876 1.429003 1.468622 1.511177 1.557229 1.607486 1.662830 1.724306 1.792941 1.868969 1.949158 2.019780 2.050404 2.019780 1.949158 1.868969 1.792941 1.724306 1.662830 1.607486 1.557229 1.511177 1.468622 1.429003 1.391876 1.356886 1.323745 1.292221 1.262120 1.233282 1.205574 1.178881 1.153106 1.128165 1.103987 1.080507 1.057671 1.035429 1.013740 0.992564 0.971867 0.951618 0.931790 0.912357 0.893296 0.874587 0.856211 0.838151 0.820390 0.802914 0.785709 0.768764 
0.768764 0.785709 0.802914 0.820390 0.838151 0.856211 0.874587 0.893296 0.912356 0.931790 0.951618 0.971867 0.992564 1.013740 1.035429 1.057671 1.080507 1.103986 1.128165 1.153106 1.178881 1.205574 1.233282 1.262120 1.292221 1.323745 1.356886 1.391876 1.429003 1.468622 1.511177 1.557229 1.607485 1.662829 1.724305 1.792940 1.868967 1.949156 2.019777 2.050400 2.019777 1.949156 1.868967 1.792940 1.724305 1.662829 1.607485 1.557229 1.511177 1.468622 1.429003 1.391876 1.356886 1.323745 1.292221 1.262120 1.233282 1.205574 1.178881 1.153106 1.128165 1.103986 1.080507 1.057671 1.035429 1.013740 0.992564 0.971867 0.951618 0.931790 0.912356 0.893296 0.874587 0.856211 0.838151 0.820390 0.802914 0.785709 0.768764 
0.768764 0.785709 0.802914 0.820390 0.838151 0.856211 0.874587 0.893296 0.912356 0.931789 0.951618 0.971867 0.992564 1.013740 1.035429 1.057670 1.080507 1.103986 1.128165 1.153106 1.178881 1.205574 1.233282 1.262119 1.292220 1.323745 1.356885 1.391876 1.429003 1.468621 1.511176 1.557228 1.607484 1.662827 1.724303 1.792937 1.868963 1.949149 2.019767 2.050388 2.019767 1.949149 1.868963 1.792937 1.724303 1.662827 1.607484 1.557228 1.511176 1.468621 1.429003 1.391876 1.356885 1.323745 1.292220 1.262119 1.233282 1.205574 1.178881 1.153106 1.128165 1.103986 1.080507 1.057670 1.035429 1.013740 0.992564 0.971867 0.951618 0.931789 0.912356 0.893296 0.874587 0.856211 0.838151 0.820390 0.802914 0.785709 0.768764 
0.768764 0.785709 0.802914 0.820390 0.838151 0.856211 0.874587 0.893296 0.912356 0.931790 0.951618 0.971867 0.992564 1.013740 1.035429 1.057671 1.080507 1.103986 1.128165 1.153106 1.178881 1.205574 1.233282 1.262120 1.292220 1.323745 1.356886 1.391876 1.429003 1.468622 1.511177 1.557228 1.607485 1.662829 1.724305 1.792940 1.868967 1.949155 2.019775 2.050398 2.019775 1.949155 1.868967 1.792940 1.724305 1.662829 1.607485 1.557228 1.511177 1.468622 1.429003 1.391876 1.356886 1.323745 1.292220 1.262120 1.233282 1.205574 1.178881 1.153106 1.128165 1.103986 1.080507 1.057671 1.035429 1.013740 0.992564 0.971867 0.951618 0.931790 0.912356 0.893296 0.874587 0.856211 0.838151 0.820390 0.802914 0.785709 0.768764 
0.768764 0.785709 0.802914 0.820390 0.838151 0.856211 0.874587 0.893296 0.912357 0.931790 0.951618 0.971867 0.992564 1.013740 1.035429 1.057671 1.080507 1.103987 1.128165 1.153106 1.178881 1.205574 1.233282 1.262120 1.292221 1.323745 1.356886 1.391876 1.429003 1.468622 1.511177 1.557229 1.607486 1.662830 1.724306 1.792941 1.868969 1.949158 2.019780 2.050403 2.019780 1.949158 1.868969 1.792941 1.724306 1.662830 1.607486 1.557229 1.511177 1.468622 1.429003 1.391876 1.356886 1.323745 1.292221 1.262120 1.233282 1.205574 1.178881 1.153106 1.128165 1.103987 1.080507 1.057671 1.035429 1.013740 0.992564 0.971867 0.951618 0.931790 0.912357 0.893296 0.874587 0.856211 0.838151 0.820390 0.802914 0.785709 0.768764 
0.768764 0.785709 0.802914 0.820390 0.838151 0.856211 0.874587 0.893296 0.912356 0.931790 0.951618 0.971867 0.992564 1.013740 1.035429 1.057671 1.080507 1.103986 1.128165 1.153106 1.178881 1.205574 1.233282 1.262120 1.292221 1.323745 1.356886 1.391876 1.429003 1.468622 1.511177 1.557229 1.607485 1.662829 1.724306 1.792940 1.868968 1.949157 2.019778 2.050401 2.019778 1.949157 1.868968 1.792940 1.724306 1.662829 1.607485 1.557229 1.511177 1.468622 1.429003 1.391876 1.356886 1.323745 1.292221 1.262120 1.233282 1.205574 1.178881 1.153106 1.128165 1.103986 1.080507 1.057671 1.035429 1.013740 0.992564 0.971867 0.951618 0.931790 0.912356 0.893296 0.874587 0.856211 0.838151 0.820390 0.802914 0.785709 0.768764 
0.768764 0.785709 0.802914 0.820390 0.838151 0.856211 0.874587 0.893296 0.912356 0.931789 0.951618 0.971867 0.992564 1.013740 1.035429 1.057670 1.080507 1.103986 1.128165 1.153106 1.178881 1.205574 1.233282 1.262119 1.292220 1.323745 1.356885 1.391876 1.429003 1.468621 1.511176 1.557228 1.607484 1.662828 1.724304 1.792938 1.868964 1.949151 2.019769 2.050391 2.019769 1.949151 1.868964 1.792938 1.724304 1.662828 1.607484 1.557228 1.511176 1.468621 1.429003 1.391876 1.356885 1.323745 1.292220 1.262119 1.233282 1.205574 1.178881 1.153106 1.128165 1.103986 1.080507 1.057670 1.035429 1.013740 0.992564 0.971867 0.951618 0.931789 0.912356 0.893296 0.874587 0.856211 0.838151 0.820390 0.802914 0.785709 0.768764 
0.768540 0.785476 0.802670 0.820136 0.837885 0.855933 0.874295 0.892989 0.912034 0.931450 0.951259 0.971487 0.992161 1.013312 1.034973 1.057183 1.079984 1.103424 1.127558 1.152448 1.178165 1.204790 1.232420 1.261165 1.291156 1.322549 1.355529 1.390322 1.427200 1.466501 1.508639 1.554131 1.603612 1.657845 1.717666 1.783740 1.855700 1.929607 1.992339 2.018666 1.992339 1.929607 1.855700 1.783740 1.717666 1.657845 1.603612 1.554131 1.508639 1.466501 1.427200 1.390322 1.355529 1.322549 1.291156 1.261165 1.232420 1.204790 1.178165 1.152448 1.127558 1.103424 1.079984 1.057183 1.034973 1.013312 0.992161 0.971487 0.951259 0.931450 0.912034 0.892989 0.874295 0.855933 0.837885 0.820136 0.802670 0.785476 0.768540 
0.767885 0.784794 0.801959 0.819393 0.837109 0.855120 0.873443 0.892095 0.911093 0.930458 0.950212 0.970379 0.990987 1.012064 1.033643 1.055762 1.078461 1.101786 1.125790 1.150533 1.176080 1.202511 1.229913 1.258392 1.288067 1.319082 1.351603 1.385831 1.422002 1.460403 1.501372 1.545307 1.592661 1.643900 1.699379 1.758991 1.821282 1.881519 1.928910 1.947614 1.928910 1.881519 1.821282 1.758991 1.699379 1.643900 1.592661 1.545307 1.501372 1.460403 1.422002 1.385831 1.351603 1.319082 1.288067 1.258392 1.229913 1.202511 1.176080 1.150533 1.125790 1.101786 1.078461 1.055762 1.033643 1.012064 0.990987 0.970379 0.950212 0.930458 0.911093 0.892095 0.873443 0.855120 0.837109 0.819393 0.801959 0.784794 0.767885 
0.766802 0.783666 0.800783 0.818165 0.835825 0.853776 0.872035 0.890616 0.909537 0.928819 0.948482 0.968550 0.989048 1.010004 1.031449 1.053418 1.075950 1.099089 1.122881 1.147383 1.172655 1.198769 1.225805 1.253854 1.283022 1.313430 1.345221 1.378554 1.413617 1.450621 1.489797 1.531389 1.575614 1.622592 1.672165 1.723545 1.774615 1.820876 1.854738 1.867425 1.854738 1.820876 1.774615 1.723545 1.672165 1.622592 1.575614 1.531389 1.489797 1.450621 1.413617 1.378554 1.345221 1.313430 1.283022 1.253854 1.225805 1.198769 1.172655 1.147383 1.122881 1.099089 1.075950 1.053418 1.031449 1.010004 0.989048 0.968550 0.948482 0.928819 0.909537 0.890616 0.872035 0.853776 0.835825 0.818165 0.800783 0.783666 0.766802 
0.765294 0.782096 0.799146 0.816456 0.834039 0.851907 0.870075 0.888559 0.907375 0.926542 0.946080 0.966010 0.986357 1.007146 1.028407 1.050172 1.072476 1.095358 1.118862 1.143036 1.167935 1.193621 1.220162 1.247634 1.276124 1.305730 1.336557 1.368725 1.402358 1.437585 1.474524 1.513258 1.553784 1.595926 1.639162 1.682345 1.723293 1.758393 1.782729 1.791529 1.782729 1.758393 1.723293 1.682345 1.639162 1.595926 1.553784 1.513258 1.474524 1.437585 1.402358 1.368725 1.336557 1.305730 1.276124 1.247634 1.220162 1.193621 1.167935 1.143036 1.118862 1.095358 1.072476 1.050172 1.028407 1.007146 0.986357 0.966010 0.946080 0.926542 0.907375 0.888559 0.870075 0.851907 0.834039 0.816456 0.799146 0.782096 0.765294 
0.763365 0.780088 0.797053 0.814272 0.831757 0.849520 0.867574 0.885935 0.904617 0.923639 0.943018 0.962775 0.982931 1.003512 1.024541 1.046050 1.068068 1.090630 1.113774 1.137543 1.161981 1.187139 1.213073 1.239842 1.267513 1.296153 1.325835 1.356630 1.388604 1.421804 1.456245 1.491873 1.528518 1.565807 1.603036 1.638992 1.671770 1.698705 1.716687 1.723041 1.716687 1.698705 1.671770 1.638992 1.603036 1.565807 1.528518 1.491873 1.456245 1.421804 1.388604 1.356630 1.325835 1.296153 1.267513 1.239842 1.213073 1.187139 1.161981 1.137543 1.113774 1.090630 1.068068 1.046050 1.024541 1.003512 0.982931 0.962775 0.943018 0.923639 0.904617 0.885935 0.867574 0.849520 0.831757 0.814272 0.797053 0.780088 0.763365 
0.761022 0.777649 0.794511 0.811621 0.828988 0.846623 0.864541 0.882754 0.901276 0.920124 0.939313 0.958863 0.978793 0.999124 1.019879 1.041083 1.062763 1.084948 1.107670 1.130963 1.154863 1.179410 1.204643 1.230607 1.257344 1.284896 1.313300 1.342585 1.372760 1.403804 1.435649 1.468142 1.501004 1.533767 1.565686 1.595648 1.622121 1.643207 1.656922 1.661695 1.656922 1.643207 1.622121 1.595648 1.565686 1.533767 1.501004 1.468142 1.435649 1.403804 1.372760 1.342585 1.313300 1.284896 1.257344 1.230607 1.204643 1.179410 1.154863 1.130963 1.107670 1.084948 1.062763 1.041083 1.019879 0.999124 0.978793 0.958863 0.939313 0.920124 0.901276 0.882754 0.864541 0.846623 0.828988 0.811621 0.794511 0.777649 0.761022 
0.758271 0.774786 0.791530 0.808511 0.825741 0.843230 0.860989 0.879030 0.897367 0.916014 0.934985 0.954297 0.973966 0.994011 1.014452 1.035309 1.056605 1.078363 1.100608 1.123366 1.146665 1.170530 1.194989 1.220069 1.245790 1.272169 1.299212 1.326909 1.355225 1.384086 1.413362 1.442840 1.472188 1.500913 1.528312 1.553438 1.575107 1.591976 1.602749 1.606459 1.602749 1.591976 1.575107 1.553438 1.528312 1.500913 1.472188 1.442840 1.413362 1.384086 1.355225 1.326909 1.299212 1.272169 1.245790 1.220069 1.194989 1.170530 1.146665 1.123366 1.100608 1.078363 1.056605 1.035309 1.014452 0.994011 0.973966 0.954297 0.934985 0.916014 0.897367 0.879030 0.860989 0.843230 0.825741 0.808511 0.791530 0.774786 0.758271 
0.755120 0.771509 0.788117 0.804954 0.822029 0.839352 0.856932 0.874780 0.892909 0.911330 0.930056 0.949101 0.968479 0.988206 1.008298 1.028771 1.049642 1.070930 1.092652 1.114827 1.137472 1.160603 1.184233 1.208372 1.233023 1.258179 1.283821 1.309908 1.336369 1.363093 1.389915 1.416588 1.442768 1.467982 1.491608 1.512871 1.530867 1.544641 1.553323 1.556293 1.553323 1.544641 1.530867 1.512871 1.491608 1.467982 1.442768 1.416588 1.389915 1.363093 1.336369 1.309908 1.283821 1.258179 1.233023 1.208372 1.184233 1.160603 1.137472 1.114827 1.092652 1.070930 1.049642 1.028771 1.008298 0.988206 0.968479 0.949101 0.930056 0.911330 0.892909 0.874780 0.856932 0.839352 0.822029 0.804954 0.788117 0.771509 0.755120 
0.751578 0.767826 0.784285 0.800962 0.817865 0.835003 0.852386 0.870021 0.887920 0.906093 0.924550 0.943303 0.962363 0.981743 1.001455 1.021512 1.041925 1.062707 1.083870 1.105423 1.127376 1.149734 1.172497 1.195662 1.219214 1.243130 1.267366 1.291860 1.316518 1.341205 1.365735 1.389857 1.413235 1.435440 1.455941 1.474115 1.489273 1.500729 1.507882 1.510315 1.507882 1.500729 1.489273 1.474115 1.455941 1.435440 1.413235 1.389857 1.365735 1.341205 1.316518 1.291860 1.267366 1.243130 1.219214 1.195662 1.172497 1.149734 1.127376 1.105423 1.083870 1.062707 1.041925 1.021512 1.001455 0.981743 0.962363 0.943303 0.924550 0.906093 0.887920 0.870021 0.852386 0.835003 0.817865 0.800962 0.784285 0.767826 0.751578 
0.747656 0.763750 0.780045 0.796546 0.813263 0.830200 0.847368 0.864772 0.882422 0.900326 0.918493 0.936932 0.955651 0.974659 0.993966 1.013579 1.033507 1.053755 1.074330 1.095234 1.116468 1.138028 1.159903 1.182078 1.204526 1.227206 1.250061 1.273012 1.295950 1.318728 1.341157 1.362989 1.383916 1.403559 1.421475 1.437164 1.450102 1.459785 1.465788 1.467823 1.465788 1.459785 1.450102 1.437164 1.421475 1.403559 1.383916 1.362989 1.341157 1.318728 1.295950 1.273012 1.250061 1.227206 1.204526 1.182078 1.159903 1.138028 1.116468 1.095234 1.074330 1.053755 1.033507 1.013579 0.993966 0.974659 0.955651 0.936932 0.918493 0.900326 0.882422 0.864772 0.847368 0.830200 0.813263 0.796546 0.780045 0.763750 0.747656 
0.743363 0.759291 0.775409 0.791722 0.808237 0.824959 0.841896 0.859053 0.876437 0.894055 0.911913 0.930018 0.948375 0.966992 0.985872 1.005021 1.024442 1.044136 1.064103 1.084339 1.104838 1.125587 1.146568 1.167754 1.189108 1.210578 1.232097 1.253575 1.274895 1.295909 1.316430 1.336227 1.355022 1.372488 1.388257 1.401931 1.413107 1.421409 1.426527 1.428256 1.426527 1.421409 1.413107 1.401931 1.388257 1.372488 1.355022 1.336227 1.316430 1.295909 1.274895 1.253575 1.232097 1.210578 1.189108 1.167754 1.146568 1.125587 1.104838 1.084339 1.064103 1.044136 1.024442 1.005021 0.985872 0.966992 0.948375 0.930018 0.911913 0.894055 0.876437 0.859053 0.841896 0.824959 0.808237 0.791722 0.775409 0.759291 0.743363 
0.738711 0.754462 0.770391 0.786503 0.802804 0.819298 0.835990 0.852885 0.869989 0.887305 0.904838 0.922593 0.940573 0.958781 0.977218 0.995887 1.014785 1.033910 1.053256 1.072814 1.092571 1.112508 1.132599 1.152809 1.173094 1.193395 1.213637 1.233724 1.253540 1.272938 1.291740 1.309737 1.326681 1.342295 1.356273 1.368298 1.378055 1.385260 1.389683 1.391174 1.389683 1.385260 1.378055 1.368298 1.356273 1.342295 1.326681 1.309737 1.291740 1.272938 1.253540 1.233724 1.213637 1.193395 1.173094 1.152809 1.132599 1.112508 1.092571 1.072814 1.053256 1.033910 1.014785 0.995887 0.977218 0.958781 0.940573 0.922593 0.904838 0.887305 0.869989 0.852885 0.835990 0.819298 0.802804 0.786503 0.770391 0.754462 0.738711 
0.733712 0.749275 0.765005 0.780906 0.796981 0.813234 0.829670 0.846291 0.863101 0.880102 0.897298 0.914689 0.932278 0.950064 0.968047 0.986223 1.004588 1.023136 1.041855 1.060732 1.079749 1.098881 1.118096 1.137355 1.156606 1.175787 1.194819 1.213606 1.232032 1.249958 1.267220 1.283627 1.298965 1.312998 1.325472 1.336133 1.344733 1.351053 1.354920 1.356222 1.354920 1.351053 1.344733 1.336133 1.325472 1.312998 1.298965 1.283627 1.267220 1.249958 1.232032 1.213606 1.194819 1.175787 1.156606 1.137355 1.118096 1.098881 1.079749 1.060732 1.041855 1.023136 1.004588 0.986223 0.968047 0.950064 0.932278 0.914689 0.897298 0.880102 0.863101 0.846291 0.829670 0.813234 0.796981 0.780906 0.765005 0.749275 0.733712 
